ID de Pedido,Producto,Cantidad Pedida,Precio Unitario,Fecha de Pedido,Dirección de Envio
194095,Wired Headphones,1,11.99,05/16/19 17:14,"669 2nd St, New York City, NY 10001"
194096,AA Batteries (4-pack),1,3.84,05/19/19 14:43,"844 Walnut St, Dallas, TX 75001"
194097,27in FHD Monitor,1,149.99,05/24/19 11:36,"164 Madison St, New York City, NY 10001"
194098,Wired Headphones,1,11.99,05/02/19 20:40,"622 Meadow St, Dallas, TX 75001"
194099,AAA Batteries (4-pack),2,2.99,05/11/19 22:55,"17 Church St, Seattle, WA 98101"
194100,iPhone,1,700.0,05/10/19 19:44,"81 Jefferson St, San Francisco, CA 94016"
194101,USB-C Charging Cable,1,11.95,05/11/19 22:44,"354 Meadow St, Boston, MA 02215"
194102,Lightning Charging Cable,1,14.95,05/07/19 12:49,"166 4th St, Dallas, TX 75001"
194103,27in FHD Monitor,1,149.99,05/24/19 18:28,"759 Pine St, Seattle, WA 98101"
194104,Wired Headphones,1,11.99,05/04/19 18:38,"330 1st St, Seattle, WA 98101"
194105,ThinkPad Laptop,1,999.99,05/13/19 09:07,"928 Hill St, Atlanta, GA 30301"
194106,USB-C Charging Cable,1,11.95,05/12/19 10:07,"261 Jackson St, San Francisco, CA 94016"
194107,34in Ultrawide Monitor,1,379.99,05/19/19 17:52,"451 Walnut St, New York City, NY 10001"
194108,AA Batteries (4-pack),1,3.84,05/22/19 18:15,"832 Lakeview St, Austin, TX 73301"
194109,AAA Batteries (4-pack),1,2.99,05/15/19 14:00,"202 11th St, Los Angeles, CA 90001"
194110,Google Phone,1,600.0,05/31/19 18:07,"498 14th St, Los Angeles, CA 90001"
194110,Wired Headphones,1,11.99,05/31/19 18:07,"498 14th St, Los Angeles, CA 90001"
194111,27in FHD Monitor,1,149.99,05/04/19 15:08,"99 Dogwood St, Dallas, TX 75001"
194112,Google Phone,1,600.0,05/29/19 21:13,"853 West St, Austin, TX 73301"
194113,Apple Airpods Headphones,1,150.0,05/10/19 22:33,"29 Adams St, Los Angeles, CA 90001"
194114,Wired Headphones,1,11.99,05/20/19 01:57,"857 River St, Atlanta, GA 30301"
194115,AAA Batteries (4-pack),1,2.99,05/30/19 20:29,"159 Lincoln St, Los Angeles, CA 90001"
194116,Lightning Charging Cable,1,14.95,05/19/19 23:19,"486 6th St, Boston, MA 02215"
194117,Lightning Charging Cable,1,14.95,05/12/19 08:44,"239 Madison St, Austin, TX 73301"
194118,AA Batteries (4-pack),1,3.84,05/18/19 22:54,"762 Maple St, Boston, MA 02215"
194119,Wired Headphones,3,11.99,05/07/19 07:15,"531 Jackson St, New York City, NY 10001"
194120,AAA Batteries (4-pack),1,2.99,05/11/19 21:53,"492 Washington St, Los Angeles, CA 90001"
194121,LG Dryer,1,600.0,05/10/19 20:41,"911 Hill St, Los Angeles, CA 90001"
194122,Wired Headphones,1,11.99,05/27/19 16:18,"573 Spruce St, Dallas, TX 75001"
194123,Apple Airpods Headphones,1,150.0,05/24/19 00:34,"546 Meadow St, Atlanta, GA 30301"
194124,iPhone,1,700.0,05/04/19 23:40,"937 North St, Portland, OR 97035"
194125,Bose SoundSport Headphones,1,99.99,05/19/19 21:33,"613 Lake St, San Francisco, CA 94016"
194126,AAA Batteries (4-pack),2,2.99,05/19/19 21:28,"549 Willow St, Los Angeles, CA 90001"
194127,Wired Headphones,1,11.99,05/15/19 14:46,"320 River St, Seattle, WA 98101"
194128,AAA Batteries (4-pack),2,2.99,05/03/19 18:15,"851 Wilson St, San Francisco, CA 94016"
194129,AA Batteries (4-pack),2,3.84,05/05/19 11:51,"487 Dogwood St, Seattle, WA 98101"
194130,34in Ultrawide Monitor,1,379.99,05/09/19 15:57,"847 Lakeview St, San Francisco, CA 94016"
194131,Bose SoundSport Headphones,1,99.99,05/07/19 10:44,"742 Jackson St, Seattle, WA 98101"
194132,iPhone,1,700.0,05/22/19 21:35,"478 Pine St, Seattle, WA 98101"
194133,Bose SoundSport Headphones,1,99.99,05/03/19 09:45,"776 Hill St, San Francisco, CA 94016"
194134,USB-C Charging Cable,1,11.95,05/27/19 18:22,"190 1st St, Los Angeles, CA 90001"
194135,Bose SoundSport Headphones,1,99.99,05/09/19 20:06,"589 10th St, Seattle, WA 98101"
194136,Wired Headphones,1,11.99,05/23/19 19:58,"702 14th St, Dallas, TX 75001"
194137,27in FHD Monitor,1,149.99,05/14/19 04:13,"666 Adams St, San Francisco, CA 94016"
194138,Lightning Charging Cable,1,14.95,05/01/19 21:55,"259 Center St, San Francisco, CA 94016"
194139,Apple Airpods Headphones,1,150.0,05/12/19 23:13,"362 2nd St, San Francisco, CA 94016"
194140,Lightning Charging Cable,1,14.95,05/07/19 23:57,"870 4th St, Austin, TX 73301"
194141,Wired Headphones,1,11.99,05/13/19 14:09,"807 Highland St, Boston, MA 02215"
194142,27in FHD Monitor,1,149.99,05/11/19 19:08,"48 Hickory St, Los Angeles, CA 90001"
194143,Apple Airpods Headphones,1,150.0,05/09/19 21:58,"87 Park St, San Francisco, CA 94016"
194144,USB-C Charging Cable,1,11.95,05/11/19 20:12,"550 5th St, Portland, OR 97035"
194145,AA Batteries (4-pack),1,3.84,05/23/19 12:27,"393 South St, New York City, NY 10001"
194146,AAA Batteries (4-pack),2,2.99,05/23/19 20:31,"164 Maple St, Atlanta, GA 30301"
194147,Flatscreen TV,1,300.0,05/18/19 10:18,"963 2nd St, New York City, NY 10001"
194148,27in 4K Gaming Monitor,1,389.99,05/21/19 07:37,"312 Church St, San Francisco, CA 94016"
194149,27in FHD Monitor,1,149.99,05/23/19 21:32,"585 8th St, San Francisco, CA 94016"
194150,Google Phone,1,600.0,05/04/19 20:34,"35 Willow St, Atlanta, GA 30301"
194151,AA Batteries (4-pack),1,3.84,05/28/19 23:03,"660 12th St, Los Angeles, CA 90001"
,,,,,
194152,USB-C Charging Cable,1,11.95,05/06/19 11:27,"859 Park St, Dallas, TX 75001"
194153,iPhone,1,700,05/12/19 11:11,"274 Sunset St, New York City, NY 10001"
194154,Bose SoundSport Headphones,1,99.99,05/20/19 10:38,"33 Wilson St, Austin, TX 73301"
194155,Apple Airpods Headphones,1,150,05/22/19 10:53,"50 11th St, San Francisco, CA 94016"
194156,Macbook Pro Laptop,1,1700,05/20/19 18:32,"67 12th St, Boston, MA 02215"
194157,AA Batteries (4-pack),1,3.84,05/30/19 00:21,"622 West St, Dallas, TX 75001"
194158,Lightning Charging Cable,1,14.95,05/13/19 15:47,"667 Jefferson St, Portland, OR 97035"
194159,Lightning Charging Cable,1,14.95,05/24/19 07:30,"976 1st St, Portland, OR 97035"
194160,Bose SoundSport Headphones,1,99.99,05/29/19 15:23,"31 Main St, Austin, TX 73301"
194161,Bose SoundSport Headphones,1,99.99,05/31/19 10:46,"643 Jackson St, Los Angeles, CA 90001"
194162,AA Batteries (4-pack),1,3.84,05/07/19 23:12,"956 Main St, Dallas, TX 75001"
194163,20in Monitor,1,109.99,05/03/19 12:51,"268 River St, Atlanta, GA 30301"
194164,34in Ultrawide Monitor,1,379.99,05/28/19 14:00,"755 Dogwood St, New York City, NY 10001"
194165,Apple Airpods Headphones,1,150,05/29/19 20:16,"725 Church St, San Francisco, CA 94016"
194166,Macbook Pro Laptop,1,1700,05/06/19 13:30,"435 North St, San Francisco, CA 94016"
194167,AA Batteries (4-pack),1,3.84,05/24/19 22:36,"187 Dogwood St, San Francisco, CA 94016"
194168,USB-C Charging Cable,2,11.95,05/20/19 13:16,"583 12th St, Portland, OR 97035"
194169,USB-C Charging Cable,1,11.95,05/01/19 18:01,"49 Lake St, Atlanta, GA 30301"
194170,Google Phone,1,600,05/30/19 12:30,"711 Maple St, San Francisco, CA 94016"
194170,USB-C Charging Cable,2,11.95,05/30/19 12:30,"711 Maple St, San Francisco, CA 94016"
194171,Vareebadd Phone,1,400,05/06/19 15:18,"498 Elm St, Atlanta, GA 30301"
194172,USB-C Charging Cable,2,11.95,05/08/19 09:21,"728 5th St, San Francisco, CA 94016"
194173,USB-C Charging Cable,1,11.95,05/30/19 14:09,"960 Lakeview St, Portland, OR 97035"
194174,iPhone,1,700,05/04/19 23:08,"37 North St, Seattle, WA 98101"
194174,Lightning Charging Cable,1,14.95,05/04/19 23:08,"37 North St, Seattle, WA 98101"
194174,Wired Headphones,2,11.99,05/04/19 23:08,"37 North St, Seattle, WA 98101"
194175,20in Monitor,1,109.99,05/26/19 17:08,"651 Cedar St, Austin, TX 73301"
194176,AA Batteries (4-pack),1,3.84,05/05/19 18:30,"154 Center St, San Francisco, CA 94016"
194177,Apple Airpods Headphones,1,150,05/22/19 20:51,"2 Highland St, New York City, NY 10001"
194178,Lightning Charging Cable,1,14.95,05/15/19 07:35,"441 Dogwood St, New York City, NY 10001"
194179,Flatscreen TV,1,300,05/10/19 22:51,"143 Spruce St, Boston, MA 02215"
194179,AAA Batteries (4-pack),2,2.99,05/10/19 22:51,"143 Spruce St, Boston, MA 02215"
194180,Bose SoundSport Headphones,1,99.99,05/06/19 17:21,"909 Ridge St, San Francisco, CA 94016"
194181,Macbook Pro Laptop,1,1700,05/21/19 21:50,"99 Jefferson St, New York City, NY 10001"
194182,Lightning Charging Cable,1,14.95,05/22/19 12:11,"272 11th St, Los Angeles, CA 90001"
194183,USB-C Charging Cable,1,11.95,05/20/19 16:48,"669 Lakeview St, Dallas, TX 75001"
194184,Lightning Charging Cable,1,14.95,05/18/19 10:57,"709 Center St, Dallas, TX 75001"
194185,Google Phone,1,600,05/05/19 20:34,"709 West St, San Francisco, CA 94016"
194186,iPhone,1,700,05/10/19 22:44,"495 Wilson St, Seattle, WA 98101"
194187,Macbook Pro Laptop,1,1700,05/09/19 18:06,"227 Hickory St, San Francisco, CA 94016"
194188,Apple Airpods Headphones,1,150,05/26/19 11:17,"622 Chestnut St, Los Angeles, CA 90001"
194189,AAA Batteries (4-pack),1,2.99,05/20/19 18:34,"684 Ridge St, New York City, NY 10001"
194190,27in FHD Monitor,1,149.99,05/05/19 12:29,"184 Jefferson St, New York City, NY 10001"
194191,27in 4K Gaming Monitor,1,389.99,05/22/19 10:20,"576 Willow St, San Francisco, CA 94016"
194192,Wired Headphones,1,11.99,05/14/19 18:00,"137 Jackson St, San Francisco, CA 94016"
194192,Bose SoundSport Headphones,1,99.99,05/14/19 18:00,"137 Jackson St, San Francisco, CA 94016"
194193,Bose SoundSport Headphones,1,99.99,05/04/19 11:32,"613 Sunset St, New York City, NY 10001"
194194,Wired Headphones,1,11.99,05/14/19 19:38,"110 Jackson St, Seattle, WA 98101"
194195,AAA Batteries (4-pack),1,2.99,05/06/19 10:01,"996 Jefferson St, Los Angeles, CA 90001"
194196,Wired Headphones,1,11.99,05/29/19 21:27,"741 Walnut St, Boston, MA 02215"
194197,AA Batteries (4-pack),3,3.84,05/28/19 20:20,"523 Spruce St, Los Angeles, CA 90001"
194198,Lightning Charging Cable,1,14.95,05/03/19 21:24,"370 10th St, Los Angeles, CA 90001"
,,,,,
194199,Lightning Charging Cable,1,14.95,05/18/19 11:51,"597 12th St, Seattle, WA 98101"
194200,AA Batteries (4-pack),1,3.84,05/22/19 20:33,"491 9th St, San Francisco, CA 94016"
194201,USB-C Charging Cable,1,11.95,05/03/19 17:06,"298 6th St, Portland, OR 97035"
194202,Apple Airpods Headphones,1,150,05/25/19 13:22,"341 4th St, Seattle, WA 98101"
194203,iPhone,1,700,05/10/19 16:38,"339 Cedar St, Portland, OR 97035"
194203,Lightning Charging Cable,1,14.95,05/10/19 16:38,"339 Cedar St, Portland, OR 97035"
194204,iPhone,1,700,05/07/19 21:18,"53 Highland St, Portland, OR 97035"
194205,iPhone,1,700,05/26/19 20:35,"920 Madison St, San Francisco, CA 94016"
194205,Wired Headphones,1,11.99,05/26/19 20:35,"920 Madison St, San Francisco, CA 94016"
194206,AA Batteries (4-pack),1,3.84,05/29/19 14:52,"853 Ridge St, Austin, TX 73301"
194207,USB-C Charging Cable,1,11.95,05/04/19 10:38,"728 Walnut St, New York City, NY 10001"
194208,Apple Airpods Headphones,1,150,05/16/19 10:40,"203 Madison St, Boston, MA 02215"
194209,ThinkPad Laptop,1,999.99,05/09/19 21:06,"800 Sunset St, Dallas, TX 75001"
194210,AAA Batteries (4-pack),2,2.99,05/23/19 18:37,"728 Dogwood St, New York City, NY 10001"
194211,Lightning Charging Cable,1,14.95,05/08/19 13:40,"107 Jackson St, Los Angeles, CA 90001"
194212,LG Washing Machine,1,600.0,05/22/19 20:40,"665 2nd St, Portland, ME 04101"
194213,Google Phone,1,600,05/09/19 10:18,"941 7th St, Dallas, TX 75001"
194214,AAA Batteries (4-pack),4,2.99,05/05/19 09:21,"866 9th St, Los Angeles, CA 90001"
194215,AAA Batteries (4-pack),1,2.99,05/16/19 23:11,"795 Pine St, Boston, MA 02215"
194216,Vareebadd Phone,1,400,05/26/19 15:02,"972 7th St, New York City, NY 10001"
194217,Flatscreen TV,1,300,05/11/19 19:50,"562 13th St, New York City, NY 10001"
194218,ThinkPad Laptop,1,999.99,05/31/19 14:38,"981 Washington St, Boston, MA 02215"
194219,Lightning Charging Cable,2,14.95,05/31/19 06:45,"276 Walnut St, San Francisco, CA 94016"
194220,Bose SoundSport Headphones,1,99.99,05/24/19 23:47,"990 10th St, Austin, TX 73301"
194221,27in 4K Gaming Monitor,1,389.99,05/23/19 09:59,"431 8th St, Los Angeles, CA 90001"
194222,AA Batteries (4-pack),2,3.84,05/14/19 16:02,"297 Johnson St, San Francisco, CA 94016"
194223,Flatscreen TV,1,300,05/16/19 04:53,"228 Wilson St, Portland, ME 04101"
194224,20in Monitor,1,109.99,05/27/19 16:25,"360 Highland St, San Francisco, CA 94016"
194225,Bose SoundSport Headphones,1,99.99,05/09/19 17:22,"958 Maple St, Boston, MA 02215"
194226,USB-C Charging Cable,1,11.95,05/16/19 00:10,"883 Sunset St, New York City, NY 10001"
194227,AAA Batteries (4-pack),1,2.99,05/29/19 19:36,"680 Johnson St, New York City, NY 10001"
194228,iPhone,1,700,05/20/19 11:52,"558 1st St, New York City, NY 10001"
194229,Vareebadd Phone,1,400,05/09/19 18:22,"815 Chestnut St, New York City, NY 10001"
194230,USB-C Charging Cable,1,11.95,05/30/19 20:03,"605 Hickory St, San Francisco, CA 94016"
194231,Wired Headphones,1,11.99,05/02/19 13:41,"949 10th St, Portland, OR 97035"
194232,27in 4K Gaming Monitor,1,389.99,05/07/19 07:53,"145 9th St, New York City, NY 10001"
194233,Apple Airpods Headphones,1,150,05/04/19 17:16,"616 Sunset St, San Francisco, CA 94016"
194234,AA Batteries (4-pack),1,3.84,05/04/19 17:21,"949 Cedar St, San Francisco, CA 94016"
194235,Apple Airpods Headphones,1,150,05/16/19 12:51,"506 Chestnut St, Seattle, WA 98101"
194236,USB-C Charging Cable,1,11.95,05/16/19 16:44,"95 7th St, Seattle, WA 98101"
194237,USB-C Charging Cable,1,11.95,05/29/19 16:29,"342 8th St, Austin, TX 73301"
194238,27in FHD Monitor,1,149.99,05/14/19 13:11,"816 Forest St, San Francisco, CA 94016"
194239,USB-C Charging Cable,1,11.95,05/17/19 20:22,"349 Walnut St, San Francisco, CA 94016"
194240,USB-C Charging Cable,1,11.95,05/21/19 20:36,"909 11th St, New York City, NY 10001"
194241,USB-C Charging Cable,1,11.95,05/16/19 13:55,"104 South St, New York City, NY 10001"
194242,20in Monitor,1,109.99,05/24/19 20:18,"252 Johnson St, San Francisco, CA 94016"
194243,Apple Airpods Headphones,1,150,05/06/19 21:33,"206 Forest St, Los Angeles, CA 90001"
194244,Wired Headphones,1,11.99,05/18/19 12:04,"610 Ridge St, Portland, OR 97035"
194245,Macbook Pro Laptop,1,1700,05/26/19 16:50,"93 Hickory St, Los Angeles, CA 90001"
194246,27in 4K Gaming Monitor,1,389.99,05/10/19 17:34,"675 Main St, San Francisco, CA 94016"
194247,USB-C Charging Cable,1,11.95,05/23/19 17:26,"661 Sunset St, Los Angeles, CA 90001"
194248,AA Batteries (4-pack),2,3.84,05/04/19 11:56,"484 6th St, San Francisco, CA 94016"
194249,AAA Batteries (4-pack),1,2.99,05/30/19 23:53,"400 Washington St, San Francisco, CA 94016"
194250,AAA Batteries (4-pack),1,2.99,05/11/19 01:10,"991 Cherry St, Austin, TX 73301"
194251,Bose SoundSport Headphones,1,99.99,05/17/19 22:25,"100 Washington St, Seattle, WA 98101"
194252,Apple Airpods Headphones,1,150,05/09/19 08:53,"172 Elm St, New York City, NY 10001"
194253,iPhone,1,700,05/07/19 09:42,"108 Adams St, Austin, TX 73301"
194253,Lightning Charging Cable,1,14.95,05/07/19 09:42,"108 Adams St, Austin, TX 73301"
194253,Wired Headphones,1,11.99,05/07/19 09:42,"108 Adams St, Austin, TX 73301"
194253,USB-C Charging Cable,1,11.95,05/07/19 09:42,"108 Adams St, Austin, TX 73301"
194254,AAA Batteries (4-pack),1,2.99,05/13/19 13:17,"899 Main St, San Francisco, CA 94016"
194255,AA Batteries (4-pack),1,3.84,05/29/19 21:45,"127 Lake St, Austin, TX 73301"
194256,Bose SoundSport Headphones,1,99.99,05/03/19 13:11,"89 Pine St, Dallas, TX 75001"
194257,27in 4K Gaming Monitor,1,389.99,05/19/19 15:19,"317 Forest St, San Francisco, CA 94016"
194258,Macbook Pro Laptop,1,1700,05/24/19 18:17,"454 12th St, New York City, NY 10001"
194259,USB-C Charging Cable,1,11.95,05/28/19 16:24,"356 Park St, Los Angeles, CA 90001"
194260,Apple Airpods Headphones,1,150,05/21/19 11:07,"252 Dogwood St, Los Angeles, CA 90001"
194261,Bose SoundSport Headphones,1,99.99,05/14/19 16:48,"689 10th St, New York City, NY 10001"
194262,Wired Headphones,1,11.99,05/04/19 20:50,"888 Hill St, Seattle, WA 98101"
194263,USB-C Charging Cable,2,11.95,05/29/19 19:53,"865 Center St, Seattle, WA 98101"
194264,Wired Headphones,1,11.99,05/28/19 23:01,"996 Johnson St, Portland, OR 97035"
194265,AAA Batteries (4-pack),1,2.99,05/18/19 12:24,"65 Pine St, New York City, NY 10001"
194266,USB-C Charging Cable,1,11.95,05/22/19 21:15,"187 Park St, Atlanta, GA 30301"
194267,27in 4K Gaming Monitor,1,389.99,05/17/19 22:08,"299 Adams St, Atlanta, GA 30301"
194268,Lightning Charging Cable,1,14.95,05/13/19 11:18,"711 10th St, Austin, TX 73301"
194269,Lightning Charging Cable,1,14.95,05/08/19 13:03,"750 Pine St, Los Angeles, CA 90001"
194270,27in FHD Monitor,1,149.99,05/30/19 19:20,"902 Cherry St, New York City, NY 10001"
194271,Wired Headphones,1,11.99,05/28/19 22:37,"673 Jackson St, Los Angeles, CA 90001"
194272,Apple Airpods Headphones,1,150,05/06/19 14:23,"817 2nd St, Los Angeles, CA 90001"
194273,AAA Batteries (4-pack),4,2.99,05/22/19 20:14,"789 Cherry St, Seattle, WA 98101"
194274,AA Batteries (4-pack),1,3.84,05/04/19 11:04,"626 Spruce St, Los Angeles, CA 90001"
194275,Lightning Charging Cable,1,14.95,05/14/19 17:49,"258 4th St, Dallas, TX 75001"
194276,34in Ultrawide Monitor,1,379.99,05/02/19 17:21,"632 Church St, New York City, NY 10001"
194277,27in FHD Monitor,1,149.99,05/10/19 09:41,"751 8th St, New York City, NY 10001"
194278,20in Monitor,1,109.99,05/18/19 21:27,"553 Walnut St, Portland, ME 04101"
194279,USB-C Charging Cable,1,11.95,05/06/19 15:51,"739 Center St, Los Angeles, CA 90001"
194280,AA Batteries (4-pack),1,3.84,05/08/19 09:20,"905 7th St, New York City, NY 10001"
194281,Lightning Charging Cable,1,14.95,05/13/19 12:08,"71 Adams St, Boston, MA 02215"
194282,34in Ultrawide Monitor,1,379.99,05/25/19 06:32,"319 Walnut St, Boston, MA 02215"
194283,USB-C Charging Cable,1,11.95,05/13/19 19:09,"395 5th St, San Francisco, CA 94016"
194284,Apple Airpods Headphones,1,150,05/21/19 09:46,"345 Spruce St, Seattle, WA 98101"
194285,Apple Airpods Headphones,1,150,05/30/19 22:18,"838 Elm St, San Francisco, CA 94016"
194286,20in Monitor,1,109.99,05/20/19 10:17,"629 Washington St, Dallas, TX 75001"
194287,Apple Airpods Headphones,1,150,05/12/19 21:04,"899 Elm St, Seattle, WA 98101"
194288,AA Batteries (4-pack),1,3.84,05/25/19 20:16,"164 4th St, Los Angeles, CA 90001"
194289,iPhone,1,700,05/28/19 21:05,"974 Cedar St, Dallas, TX 75001"
194290,Lightning Charging Cable,1,14.95,05/01/19 17:00,"884 West St, Los Angeles, CA 90001"
194291,Apple Airpods Headphones,1,150,05/23/19 07:54,"589 Walnut St, Seattle, WA 98101"
194292,USB-C Charging Cable,1,11.95,05/27/19 11:19,"223 Maple St, San Francisco, CA 94016"
194293,34in Ultrawide Monitor,1,379.99,05/16/19 19:09,"910 Madison St, Boston, MA 02215"
194294,Macbook Pro Laptop,1,1700,05/31/19 20:44,"365 Ridge St, New York City, NY 10001"
194294,Bose SoundSport Headphones,1,99.99,05/31/19 20:44,"365 Ridge St, New York City, NY 10001"
194295,Wired Headphones,1,11.99,05/20/19 21:02,"547 9th St, Atlanta, GA 30301"
194296,AAA Batteries (4-pack),1,2.99,05/24/19 16:59,"678 Chestnut St, New York City, NY 10001"
194297,Lightning Charging Cable,1,14.95,05/29/19 13:20,"779 Washington St, San Francisco, CA 94016"
194298,Lightning Charging Cable,1,14.95,05/14/19 20:28,"628 Jefferson St, Seattle, WA 98101"
194299,USB-C Charging Cable,1,11.95,05/08/19 21:21,"826 Dogwood St, Seattle, WA 98101"
194300,Bose SoundSport Headphones,1,99.99,05/12/19 10:06,"989 Hill St, New York City, NY 10001"
194301,Wired Headphones,1,11.99,05/10/19 18:17,"397 Cedar St, Los Angeles, CA 90001"
194302,Apple Airpods Headphones,1,150,05/06/19 05:41,"834 Adams St, San Francisco, CA 94016"
194303,iPhone,1,700,05/07/19 19:31,"596 West St, New York City, NY 10001"
194304,LG Dryer,1,600.0,05/27/19 16:59,"796 West St, Dallas, TX 75001"
194305,AAA Batteries (4-pack),4,2.99,05/25/19 11:04,"818 Wilson St, Los Angeles, CA 90001"
194306,Bose SoundSport Headphones,1,99.99,05/28/19 14:49,"918 1st St, San Francisco, CA 94016"
194307,Macbook Pro Laptop,1,1700,05/25/19 15:30,"300 Elm St, San Francisco, CA 94016"
194308,USB-C Charging Cable,1,11.95,05/18/19 08:02,"980 Willow St, Los Angeles, CA 90001"
194309,27in 4K Gaming Monitor,1,389.99,05/14/19 18:28,"450 Church St, Atlanta, GA 30301"
194310,AA Batteries (4-pack),2,3.84,05/05/19 09:57,"126 Church St, Seattle, WA 98101"
194311,Apple Airpods Headphones,1,150,05/19/19 12:06,"631 14th St, New York City, NY 10001"
194312,AAA Batteries (4-pack),1,2.99,05/08/19 19:09,"658 Church St, Portland, OR 97035"
194313,Wired Headphones,1,11.99,05/30/19 18:24,"39 5th St, Seattle, WA 98101"
194314,Google Phone,1,600,05/04/19 11:11,"941 8th St, New York City, NY 10001"
194314,USB-C Charging Cable,1,11.95,05/04/19 11:11,"941 8th St, New York City, NY 10001"
194314,Wired Headphones,1,11.99,05/04/19 11:11,"941 8th St, New York City, NY 10001"
194315,iPhone,1,700,05/16/19 00:50,"2 Center St, Austin, TX 73301"
194316,34in Ultrawide Monitor,1,379.99,05/20/19 15:06,"663 Elm St, Los Angeles, CA 90001"
194317,Flatscreen TV,1,300,05/31/19 21:30,"493 Lincoln St, New York City, NY 10001"
194318,AA Batteries (4-pack),1,3.84,05/18/19 21:53,"342 1st St, San Francisco, CA 94016"
194319,AAA Batteries (4-pack),1,2.99,05/14/19 21:00,"68 12th St, Seattle, WA 98101"
194320,iPhone,1,700,05/17/19 05:53,"180 Adams St, New York City, NY 10001"
194320,Lightning Charging Cable,1,14.95,05/17/19 05:53,"180 Adams St, New York City, NY 10001"
194321,LG Washing Machine,1,600.0,05/14/19 06:59,"761 Lakeview St, Portland, OR 97035"
194322,Bose SoundSport Headphones,1,99.99,05/10/19 10:58,"793 5th St, Boston, MA 02215"
194323,Apple Airpods Headphones,1,150,05/08/19 14:48,"185 River St, Austin, TX 73301"
194324,Wired Headphones,1,11.99,05/11/19 08:39,"141 1st St, Boston, MA 02215"
194325,Wired Headphones,1,11.99,05/23/19 18:18,"960 Park St, San Francisco, CA 94016"
194326,AA Batteries (4-pack),1,3.84,05/14/19 21:37,"428 13th St, Boston, MA 02215"
194327,iPhone,1,700,05/10/19 17:42,"984 6th St, Austin, TX 73301"
194328,LG Dryer,1,600.0,05/31/19 14:01,"844 Cedar St, Atlanta, GA 30301"
194329,AAA Batteries (4-pack),1,2.99,05/22/19 14:15,"515 Church St, San Francisco, CA 94016"
194330,Wired Headphones,1,11.99,05/25/19 22:35,"273 Walnut St, San Francisco, CA 94016"
194331,USB-C Charging Cable,1,11.95,05/17/19 20:35,"526 Lake St, Boston, MA 02215"
194332,Lightning Charging Cable,1,14.95,05/27/19 15:10,"912 Willow St, San Francisco, CA 94016"
194333,Google Phone,1,600,05/23/19 21:40,"383 2nd St, Portland, OR 97035"
194334,AA Batteries (4-pack),1,3.84,05/04/19 15:48,"494 2nd St, Atlanta, GA 30301"
194335,Macbook Pro Laptop,1,1700,05/16/19 12:05,"53 Ridge St, Portland, OR 97035"
194336,Wired Headphones,1,11.99,05/30/19 05:04,"361 11th St, Los Angeles, CA 90001"
194337,34in Ultrawide Monitor,1,379.99,05/30/19 12:45,"176 7th St, Atlanta, GA 30301"
194338,AA Batteries (4-pack),1,3.84,05/01/19 16:38,"139 11th St, New York City, NY 10001"
194339,27in 4K Gaming Monitor,1,389.99,05/04/19 14:57,"910 Lincoln St, New York City, NY 10001"
194340,USB-C Charging Cable,1,11.95,05/22/19 17:35,"597 Washington St, San Francisco, CA 94016"
194341,20in Monitor,1,109.99,05/21/19 11:30,"659 Highland St, Atlanta, GA 30301"
194342,27in 4K Gaming Monitor,1,389.99,05/23/19 17:01,"460 Wilson St, Los Angeles, CA 90001"
194343,AAA Batteries (4-pack),2,2.99,05/28/19 17:26,"21 Highland St, San Francisco, CA 94016"
194343,AA Batteries (4-pack),1,3.84,05/28/19 17:26,"21 Highland St, San Francisco, CA 94016"
194344,Wired Headphones,1,11.99,05/08/19 08:44,"287 Church St, New York City, NY 10001"
194345,AA Batteries (4-pack),2,3.84,05/16/19 09:25,"734 Hickory St, New York City, NY 10001"
194346,Wired Headphones,1,11.99,05/29/19 18:00,"366 Jackson St, Los Angeles, CA 90001"
194347,Wired Headphones,1,11.99,05/26/19 00:22,"196 Jefferson St, Atlanta, GA 30301"
194348,20in Monitor,1,109.99,05/18/19 20:03,"153 10th St, New York City, NY 10001"
194349,ThinkPad Laptop,1,999.99,05/11/19 21:09,"186 Jackson St, Dallas, TX 75001"
194350,AAA Batteries (4-pack),2,2.99,05/10/19 12:00,"564 Sunset St, San Francisco, CA 94016"
194351,Macbook Pro Laptop,1,1700,05/01/19 13:23,"853 Willow St, Austin, TX 73301"
194352,ThinkPad Laptop,1,999.99,05/21/19 16:09,"11 6th St, San Francisco, CA 94016"
194353,27in FHD Monitor,1,149.99,05/05/19 12:58,"297 12th St, Austin, TX 73301"
194354,Bose SoundSport Headphones,1,99.99,05/06/19 12:49,"844 Madison St, New York City, NY 10001"
194355,27in FHD Monitor,1,149.99,05/27/19 15:55,"196 Cherry St, Portland, OR 97035"
194356,Bose SoundSport Headphones,1,99.99,05/07/19 22:16,"773 Cherry St, Austin, TX 73301"
194357,USB-C Charging Cable,1,11.95,05/08/19 10:24,"601 West St, San Francisco, CA 94016"
194358,ThinkPad Laptop,1,999.99,05/30/19 12:02,"135 Jackson St, Seattle, WA 98101"
194359,AAA Batteries (4-pack),1,2.99,05/07/19 12:53,"442 Park St, Dallas, TX 75001"
194360,AA Batteries (4-pack),1,3.84,05/17/19 07:32,"768 Walnut St, Los Angeles, CA 90001"
194361,USB-C Charging Cable,1,11.95,05/14/19 18:54,"316 11th St, New York City, NY 10001"
194362,iPhone,1,700,05/22/19 18:56,"988 Cherry St, New York City, NY 10001"
194363,Wired Headphones,1,11.99,05/23/19 15:27,"841 Lincoln St, Boston, MA 02215"
194364,Flatscreen TV,1,300,05/01/19 12:01,"672 5th St, San Francisco, CA 94016"
194365,AA Batteries (4-pack),3,3.84,05/14/19 20:57,"924 13th St, Los Angeles, CA 90001"
194366,34in Ultrawide Monitor,1,379.99,05/16/19 23:43,"642 Elm St, Atlanta, GA 30301"
194367,Lightning Charging Cable,1,14.95,05/02/19 20:03,"99 Jackson St, San Francisco, CA 94016"
194368,AA Batteries (4-pack),2,3.84,05/08/19 16:36,"831 Walnut St, Los Angeles, CA 90001"
194369,AAA Batteries (4-pack),3,2.99,05/22/19 07:29,"298 4th St, Austin, TX 73301"
194370,iPhone,1,700,05/29/19 08:41,"697 Maple St, Los Angeles, CA 90001"
194370,ThinkPad Laptop,1,999.99,05/29/19 08:41,"697 Maple St, Los Angeles, CA 90001"
194371,Wired Headphones,1,11.99,05/04/19 19:37,"817 Dogwood St, San Francisco, CA 94016"
194372,iPhone,1,700,05/27/19 07:58,"240 Spruce St, Austin, TX 73301"
194373,AAA Batteries (4-pack),1,2.99,05/07/19 22:51,"500 Chestnut St, Seattle, WA 98101"
194374,AA Batteries (4-pack),1,3.84,05/20/19 20:03,"215 Hill St, Atlanta, GA 30301"
194375,20in Monitor,1,109.99,05/25/19 16:05,"602 Washington St, New York City, NY 10001"
194376,Bose SoundSport Headphones,1,99.99,05/02/19 14:32,"304 7th St, Los Angeles, CA 90001"
194377,iPhone,1,700,05/27/19 19:21,"565 Wilson St, San Francisco, CA 94016"
194378,Google Phone,1,600,05/23/19 16:07,"865 Jackson St, San Francisco, CA 94016"
194378,Bose SoundSport Headphones,1,99.99,05/23/19 16:07,"865 Jackson St, San Francisco, CA 94016"
194379,Wired Headphones,1,11.99,05/03/19 18:46,"197 Dogwood St, Los Angeles, CA 90001"
194380,Apple Airpods Headphones,1,150,05/05/19 12:05,"589 2nd St, Los Angeles, CA 90001"
194381,USB-C Charging Cable,1,11.95,05/23/19 01:57,"853 Hickory St, San Francisco, CA 94016"
194382,Vareebadd Phone,1,400,05/20/19 14:54,"897 Wilson St, San Francisco, CA 94016"
194382,Bose SoundSport Headphones,1,99.99,05/20/19 14:54,"897 Wilson St, San Francisco, CA 94016"
194383,USB-C Charging Cable,1,11.95,05/09/19 20:31,"384 Ridge St, San Francisco, CA 94016"
194384,Lightning Charging Cable,1,14.95,05/07/19 04:18,"181 Meadow St, Boston, MA 02215"
194385,Bose SoundSport Headphones,1,99.99,05/31/19 19:13,"399 12th St, San Francisco, CA 94016"
194386,Lightning Charging Cable,1,14.95,05/13/19 19:10,"110 Church St, Boston, MA 02215"
194387,Bose SoundSport Headphones,1,99.99,05/25/19 11:31,"477 Highland St, Los Angeles, CA 90001"
194388,27in 4K Gaming Monitor,1,389.99,05/19/19 13:24,"724 Wilson St, Los Angeles, CA 90001"
194389,AA Batteries (4-pack),2,3.84,05/30/19 10:13,"7 9th St, Seattle, WA 98101"
194390,Lightning Charging Cable,1,14.95,05/20/19 18:51,"83 Chestnut St, New York City, NY 10001"
194391,iPhone,1,700,05/01/19 13:38,"906 4th St, New York City, NY 10001"
194392,Bose SoundSport Headphones,1,99.99,05/06/19 18:11,"640 South St, Boston, MA 02215"
194393,Lightning Charging Cable,1,14.95,05/24/19 18:45,"852 Center St, Boston, MA 02215"
194394,iPhone,1,700,05/10/19 17:14,"888 Spruce St, San Francisco, CA 94016"
194395,Wired Headphones,1,11.99,05/20/19 09:57,"434 Pine St, Seattle, WA 98101"
194396,Apple Airpods Headphones,1,150,05/14/19 02:41,"788 8th St, San Francisco, CA 94016"
194397,AA Batteries (4-pack),1,3.84,05/16/19 03:03,"542 North St, San Francisco, CA 94016"
194398,AAA Batteries (4-pack),1,2.99,05/07/19 20:03,"513 Washington St, Portland, OR 97035"
194399,Lightning Charging Cable,2,14.95,05/22/19 18:58,"569 Forest St, San Francisco, CA 94016"
194400,AAA Batteries (4-pack),2,2.99,05/31/19 11:37,"860 Cherry St, Los Angeles, CA 90001"
194401,Apple Airpods Headphones,1,150,05/22/19 09:47,"475 9th St, Los Angeles, CA 90001"
194402,AAA Batteries (4-pack),1,2.99,05/29/19 09:28,"408 Lake St, San Francisco, CA 94016"
194403,iPhone,1,700,05/08/19 20:21,"197 11th St, Los Angeles, CA 90001"
194404,AA Batteries (4-pack),1,3.84,05/10/19 20:59,"744 Lincoln St, Austin, TX 73301"
194405,Lightning Charging Cable,1,14.95,05/25/19 10:19,"91 Lake St, Dallas, TX 75001"
194406,AA Batteries (4-pack),3,3.84,05/15/19 16:06,"127 Johnson St, San Francisco, CA 94016"
194407,Lightning Charging Cable,1,14.95,05/11/19 09:47,"191 Center St, Portland, OR 97035"
194408,Bose SoundSport Headphones,1,99.99,05/24/19 15:59,"523 Park St, Boston, MA 02215"
194409,AAA Batteries (4-pack),2,2.99,05/15/19 20:19,"325 North St, Los Angeles, CA 90001"
194410,AAA Batteries (4-pack),1,2.99,05/14/19 17:07,"702 Elm St, Seattle, WA 98101"
194411,27in 4K Gaming Monitor,1,389.99,05/08/19 10:45,"593 4th St, Seattle, WA 98101"
194412,AA Batteries (4-pack),1,3.84,05/12/19 10:32,"942 6th St, Dallas, TX 75001"
194413,27in FHD Monitor,1,149.99,05/14/19 11:55,"612 2nd St, Los Angeles, CA 90001"
194414,USB-C Charging Cable,3,11.95,05/22/19 09:06,"609 Meadow St, Los Angeles, CA 90001"
194415,AA Batteries (4-pack),1,3.84,05/17/19 13:44,"824 Pine St, San Francisco, CA 94016"
194416,Google Phone,1,600,05/03/19 08:35,"992 Sunset St, New York City, NY 10001"
194416,USB-C Charging Cable,1,11.95,05/03/19 08:35,"992 Sunset St, New York City, NY 10001"
194417,27in FHD Monitor,1,149.99,05/04/19 06:27,"87 Cherry St, San Francisco, CA 94016"
194418,USB-C Charging Cable,2,11.95,05/25/19 17:32,"651 Pine St, Portland, ME 04101"
194419,Wired Headphones,1,11.99,05/23/19 06:51,"360 Cedar St, New York City, NY 10001"
194420,Apple Airpods Headphones,1,150,05/09/19 11:05,"27 South St, New York City, NY 10001"
194421,AAA Batteries (4-pack),1,2.99,05/12/19 07:45,"823 Jefferson St, Austin, TX 73301"
194422,Apple Airpods Headphones,1,150,05/31/19 14:01,"319 Walnut St, Dallas, TX 75001"
194423,27in FHD Monitor,1,149.99,05/22/19 19:54,"212 Chestnut St, New York City, NY 10001"
194424,Apple Airpods Headphones,1,150,05/30/19 08:17,"228 Pine St, Portland, OR 97035"
194425,Wired Headphones,1,11.99,05/15/19 15:02,"577 South St, Atlanta, GA 30301"
194426,Google Phone,1,600,05/04/19 14:40,"783 Sunset St, Dallas, TX 75001"
194426,Bose SoundSport Headphones,1,99.99,05/04/19 14:40,"783 Sunset St, Dallas, TX 75001"
194427,Bose SoundSport Headphones,1,99.99,05/01/19 15:33,"467 Meadow St, Portland, OR 97035"
194428,Macbook Pro Laptop,1,1700,05/04/19 16:37,"699 Elm St, Boston, MA 02215"
194429,AA Batteries (4-pack),1,3.84,05/29/19 19:21,"563 2nd St, Los Angeles, CA 90001"
194430,Vareebadd Phone,1,400,05/04/19 10:35,"234 Main St, Seattle, WA 98101"
194431,Bose SoundSport Headphones,1,99.99,05/02/19 13:15,"902 Adams St, Boston, MA 02215"
194432,Lightning Charging Cable,1,14.95,05/05/19 08:27,"569 Church St, New York City, NY 10001"
194433,Flatscreen TV,1,300,05/31/19 16:36,"611 Madison St, San Francisco, CA 94016"
194434,Apple Airpods Headphones,1,150,05/30/19 19:10,"309 8th St, New York City, NY 10001"
194435,Apple Airpods Headphones,1,150,05/08/19 15:43,"865 9th St, San Francisco, CA 94016"
194436,Bose SoundSport Headphones,1,99.99,05/29/19 13:27,"115 West St, Boston, MA 02215"
194437,AAA Batteries (4-pack),4,2.99,05/27/19 21:50,"963 Willow St, New York City, NY 10001"
194438,AAA Batteries (4-pack),2,2.99,05/10/19 08:29,"321 11th St, Seattle, WA 98101"
194439,27in 4K Gaming Monitor,1,389.99,05/13/19 13:59,"105 8th St, San Francisco, CA 94016"
194440,AAA Batteries (4-pack),2,2.99,05/01/19 18:58,"741 Hill St, Boston, MA 02215"
194441,Bose SoundSport Headphones,1,99.99,05/14/19 19:48,"996 Meadow St, Boston, MA 02215"
194442,Google Phone,1,600,05/14/19 21:17,"179 9th St, Atlanta, GA 30301"
194443,20in Monitor,1,109.99,05/05/19 16:10,"109 Ridge St, Dallas, TX 75001"
194444,AA Batteries (4-pack),1,3.84,05/15/19 08:50,"251 Sunset St, Austin, TX 73301"
194445,USB-C Charging Cable,1,11.95,05/15/19 08:07,"950 12th St, Austin, TX 73301"
194446,Flatscreen TV,1,300,05/02/19 07:54,"383 5th St, Los Angeles, CA 90001"
194447,USB-C Charging Cable,1,11.95,05/14/19 09:55,"562 Hill St, New York City, NY 10001"
194448,USB-C Charging Cable,1,11.95,05/01/19 12:39,"10 Jefferson St, Boston, MA 02215"
194449,Bose SoundSport Headphones,1,99.99,05/08/19 12:05,"379 Walnut St, San Francisco, CA 94016"
194450,Wired Headphones,2,11.99,05/06/19 12:36,"404 Forest St, San Francisco, CA 94016"
194451,Wired Headphones,1,11.99,05/22/19 04:37,"779 Spruce St, Atlanta, GA 30301"
194452,iPhone,1,700,05/19/19 23:02,"188 12th St, Portland, OR 97035"
194453,USB-C Charging Cable,1,11.95,05/13/19 10:35,"904 Maple St, Boston, MA 02215"
194454,USB-C Charging Cable,2,11.95,05/05/19 15:45,"890 Cherry St, Los Angeles, CA 90001"
194455,AAA Batteries (4-pack),3,2.99,05/31/19 19:31,"527 8th St, Boston, MA 02215"
194456,AAA Batteries (4-pack),3,2.99,05/04/19 14:18,"139 Hickory St, Seattle, WA 98101"
194457,Lightning Charging Cable,1,14.95,05/28/19 13:59,"800 Walnut St, San Francisco, CA 94016"
194458,AA Batteries (4-pack),1,3.84,05/04/19 08:56,"846 Spruce St, New York City, NY 10001"
194459,Lightning Charging Cable,1,14.95,05/29/19 22:07,"389 Church St, San Francisco, CA 94016"
194460,Vareebadd Phone,1,400,05/08/19 11:17,"936 Elm St, Atlanta, GA 30301"
194461,Bose SoundSport Headphones,1,99.99,05/08/19 10:24,"646 8th St, San Francisco, CA 94016"
194462,Bose SoundSport Headphones,1,99.99,05/31/19 18:35,"796 Jefferson St, Atlanta, GA 30301"
194463,USB-C Charging Cable,1,11.95,05/22/19 11:33,"244 Lincoln St, San Francisco, CA 94016"
194464,27in 4K Gaming Monitor,1,389.99,05/26/19 15:41,"281 Dogwood St, Austin, TX 73301"
194465,Flatscreen TV,1,300,05/06/19 23:19,"944 Lakeview St, Atlanta, GA 30301"
194466,Flatscreen TV,1,300,05/24/19 19:22,"29 11th St, Seattle, WA 98101"
194467,Bose SoundSport Headphones,1,99.99,05/25/19 22:37,"440 Washington St, Los Angeles, CA 90001"
194468,Apple Airpods Headphones,1,150,05/01/19 20:57,"565 West St, Boston, MA 02215"
194469,27in FHD Monitor,1,149.99,05/09/19 16:33,"187 12th St, New York City, NY 10001"
194470,27in FHD Monitor,1,149.99,05/31/19 06:40,"99 Meadow St, Dallas, TX 75001"
194471,USB-C Charging Cable,1,11.95,05/05/19 13:38,"348 Highland St, Boston, MA 02215"
194472,Lightning Charging Cable,1,14.95,05/08/19 13:48,"937 North St, Seattle, WA 98101"
194473,Wired Headphones,1,11.99,05/28/19 16:47,"702 Lakeview St, San Francisco, CA 94016"
194474,Wired Headphones,1,11.99,05/09/19 07:49,"281 Chestnut St, San Francisco, CA 94016"
194474,USB-C Charging Cable,1,11.95,05/09/19 07:49,"281 Chestnut St, San Francisco, CA 94016"
194475,AAA Batteries (4-pack),3,2.99,05/24/19 23:09,"413 Hill St, Austin, TX 73301"
194476,Wired Headphones,1,11.99,05/24/19 20:21,"320 Park St, San Francisco, CA 94016"
194477,Flatscreen TV,1,300,05/09/19 15:20,"717 12th St, Seattle, WA 98101"
194478,Lightning Charging Cable,1,14.95,05/08/19 18:29,"509 Lincoln St, New York City, NY 10001"
194479,USB-C Charging Cable,1,11.95,05/04/19 10:05,"947 Jefferson St, Boston, MA 02215"
194480,iPhone,1,700,05/19/19 06:34,"27 7th St, Atlanta, GA 30301"
194481,USB-C Charging Cable,1,11.95,05/25/19 20:07,"532 Church St, Dallas, TX 75001"
194482,LG Dryer,1,600.0,05/01/19 19:31,"316 2nd St, Los Angeles, CA 90001"
194483,Bose SoundSport Headphones,1,99.99,05/20/19 23:05,"671 Church St, Atlanta, GA 30301"
194484,27in 4K Gaming Monitor,1,389.99,05/07/19 17:11,"4 11th St, Atlanta, GA 30301"
194485,Lightning Charging Cable,2,14.95,05/08/19 20:08,"841 River St, Los Angeles, CA 90001"
194486,Wired Headphones,1,11.99,05/11/19 17:12,"344 Lincoln St, San Francisco, CA 94016"
194487,Apple Airpods Headphones,1,150,05/25/19 12:17,"62 Madison St, New York City, NY 10001"
194488,AA Batteries (4-pack),2,3.84,05/09/19 15:55,"878 1st St, Atlanta, GA 30301"
194489,AAA Batteries (4-pack),2,2.99,05/20/19 06:52,"229 Cedar St, Boston, MA 02215"
194490,Lightning Charging Cable,1,14.95,05/29/19 15:31,"344 Ridge St, Los Angeles, CA 90001"
194491,Lightning Charging Cable,1,14.95,05/02/19 23:35,"776 8th St, San Francisco, CA 94016"
194492,USB-C Charging Cable,2,11.95,05/16/19 12:11,"112 South St, San Francisco, CA 94016"
194493,27in 4K Gaming Monitor,1,389.99,05/21/19 18:24,"601 Maple St, Los Angeles, CA 90001"
194494,Google Phone,1,600,05/22/19 13:48,"903 Center St, Boston, MA 02215"
194494,Wired Headphones,1,11.99,05/22/19 13:48,"903 Center St, Boston, MA 02215"
194495,LG Washing Machine,1,600.0,05/30/19 21:43,"911 South St, San Francisco, CA 94016"
194496,Google Phone,1,600,05/02/19 11:07,"577 Spruce St, San Francisco, CA 94016"
194497,AAA Batteries (4-pack),3,2.99,05/28/19 15:23,"954 Lincoln St, Los Angeles, CA 90001"
194498,AAA Batteries (4-pack),1,2.99,05/15/19 16:36,"287 Wilson St, San Francisco, CA 94016"
194499,USB-C Charging Cable,1,11.95,05/13/19 18:37,"653 5th St, Seattle, WA 98101"
194500,20in Monitor,1,109.99,05/03/19 13:02,"414 Dogwood St, Portland, OR 97035"
194501,34in Ultrawide Monitor,1,379.99,05/09/19 15:50,"1 Chestnut St, San Francisco, CA 94016"
194502,AAA Batteries (4-pack),2,2.99,05/14/19 19:47,"471 Forest St, Dallas, TX 75001"
194503,34in Ultrawide Monitor,1,379.99,05/09/19 23:17,"947 Madison St, Portland, OR 97035"
194504,AAA Batteries (4-pack),2,2.99,05/26/19 12:47,"709 Ridge St, Los Angeles, CA 90001"
194505,AAA Batteries (4-pack),1,2.99,05/04/19 07:07,"850 Highland St, Austin, TX 73301"
194506,AAA Batteries (4-pack),2,2.99,05/17/19 14:17,"470 Spruce St, New York City, NY 10001"
194507,Bose SoundSport Headphones,1,99.99,05/10/19 10:53,"222 Jefferson St, Austin, TX 73301"
194508,34in Ultrawide Monitor,1,379.99,05/08/19 14:40,"503 River St, New York City, NY 10001"
194509,Apple Airpods Headphones,1,150,05/24/19 18:32,"609 Center St, Boston, MA 02215"
194509,Lightning Charging Cable,1,14.95,05/24/19 18:32,"609 Center St, Boston, MA 02215"
194510,20in Monitor,1,109.99,05/25/19 12:49,"566 Forest St, Los Angeles, CA 90001"
194511,Google Phone,1,600,05/26/19 19:13,"956 Walnut St, New York City, NY 10001"
194511,USB-C Charging Cable,1,11.95,05/26/19 19:13,"956 Walnut St, New York City, NY 10001"
194512,Wired Headphones,1,11.99,05/15/19 07:34,"268 Maple St, Boston, MA 02215"
194513,AAA Batteries (4-pack),3,2.99,05/31/19 13:20,"45 Wilson St, Austin, TX 73301"
194514,Bose SoundSport Headphones,1,99.99,05/28/19 12:39,"368 South St, San Francisco, CA 94016"
194515,Apple Airpods Headphones,1,150,05/29/19 18:34,"918 Lakeview St, Los Angeles, CA 90001"
194516,27in FHD Monitor,1,149.99,05/09/19 18:50,"156 Dogwood St, Los Angeles, CA 90001"
194517,AAA Batteries (4-pack),1,2.99,05/14/19 10:14,"80 1st St, Los Angeles, CA 90001"
194518,27in 4K Gaming Monitor,1,389.99,05/26/19 14:17,"190 North St, Portland, ME 04101"
194519,Google Phone,1,600,05/23/19 13:13,"70 4th St, Los Angeles, CA 90001"
194520,USB-C Charging Cable,1,11.95,05/29/19 22:31,"841 Ridge St, Dallas, TX 75001"
194521,Wired Headphones,1,11.99,05/14/19 18:14,"606 Johnson St, New York City, NY 10001"
194522,USB-C Charging Cable,1,11.95,05/26/19 20:12,"346 Maple St, San Francisco, CA 94016"
194523,Wired Headphones,1,11.99,05/03/19 13:19,"439 Maple St, Boston, MA 02215"
194524,Lightning Charging Cable,1,14.95,05/30/19 12:02,"258 8th St, Boston, MA 02215"
194525,AAA Batteries (4-pack),1,2.99,05/15/19 13:36,"608 Jefferson St, San Francisco, CA 94016"
194526,AAA Batteries (4-pack),1,2.99,05/14/19 12:04,"983 11th St, San Francisco, CA 94016"
194527,AAA Batteries (4-pack),1,2.99,05/25/19 11:32,"770 Jackson St, Seattle, WA 98101"
194528,27in FHD Monitor,1,149.99,05/26/19 17:15,"79 8th St, Dallas, TX 75001"
194529,AA Batteries (4-pack),2,3.84,05/13/19 13:07,"928 Willow St, Dallas, TX 75001"
194530,AAA Batteries (4-pack),1,2.99,05/24/19 20:59,"43 Cedar St, San Francisco, CA 94016"
194531,USB-C Charging Cable,1,11.95,05/31/19 23:49,"716 North St, Austin, TX 73301"
194532,Google Phone,1,600,05/19/19 13:19,"516 Chestnut St, San Francisco, CA 94016"
194533,AA Batteries (4-pack),1,3.84,05/16/19 14:39,"830 Meadow St, San Francisco, CA 94016"
194534,AA Batteries (4-pack),1,3.84,05/27/19 11:58,"482 Pine St, Boston, MA 02215"
194535,AA Batteries (4-pack),1,3.84,05/14/19 14:45,"26 Meadow St, San Francisco, CA 94016"
194536,USB-C Charging Cable,1,11.95,05/19/19 10:19,"74 Lincoln St, New York City, NY 10001"
194537,USB-C Charging Cable,2,11.95,05/21/19 18:44,"822 2nd St, Boston, MA 02215"
194538,Wired Headphones,1,11.99,05/28/19 23:56,"212 Lakeview St, Atlanta, GA 30301"
194539,Apple Airpods Headphones,1,150,05/15/19 04:38,"738 Willow St, Portland, ME 04101"
194540,USB-C Charging Cable,1,11.95,05/08/19 10:20,"498 Washington St, Seattle, WA 98101"
194541,ThinkPad Laptop,1,999.99,05/07/19 19:44,"736 5th St, Portland, ME 04101"
194542,Bose SoundSport Headphones,1,99.99,05/24/19 15:44,"311 4th St, Los Angeles, CA 90001"
194543,Wired Headphones,1,11.99,05/04/19 20:46,"280 West St, San Francisco, CA 94016"
194544,20in Monitor,1,109.99,05/12/19 11:14,"876 Highland St, San Francisco, CA 94016"
194545,Wired Headphones,1,11.99,05/23/19 11:35,"310 West St, Los Angeles, CA 90001"
194546,Apple Airpods Headphones,1,150,05/25/19 11:57,"438 11th St, Los Angeles, CA 90001"
194547,USB-C Charging Cable,1,11.95,05/26/19 15:01,"573 Johnson St, Portland, OR 97035"
194548,AAA Batteries (4-pack),1,2.99,05/25/19 01:49,"810 Jackson St, Dallas, TX 75001"
194549,AA Batteries (4-pack),1,3.84,05/26/19 07:17,"807 North St, Seattle, WA 98101"
194550,Bose SoundSport Headphones,1,99.99,05/05/19 00:19,"98 12th St, San Francisco, CA 94016"
194551,USB-C Charging Cable,1,11.95,05/24/19 13:51,"180 8th St, Boston, MA 02215"
194552,Vareebadd Phone,1,400,05/14/19 15:25,"651 Madison St, Dallas, TX 75001"
194553,Flatscreen TV,1,300,05/31/19 13:16,"150 Dogwood St, Los Angeles, CA 90001"
194554,AA Batteries (4-pack),1,3.84,05/17/19 15:03,"944 North St, New York City, NY 10001"
194555,LG Washing Machine,1,600.0,05/06/19 10:31,"583 South St, San Francisco, CA 94016"
194556,Flatscreen TV,1,300,05/15/19 00:05,"711 Hill St, Portland, ME 04101"
194557,AA Batteries (4-pack),1,3.84,05/28/19 07:03,"762 Willow St, New York City, NY 10001"
194558,27in FHD Monitor,1,149.99,05/10/19 11:54,"791 9th St, San Francisco, CA 94016"
194559,ThinkPad Laptop,1,999.99,05/22/19 19:38,"746 Pine St, Austin, TX 73301"
194560,USB-C Charging Cable,1,11.95,05/19/19 10:08,"370 Maple St, Atlanta, GA 30301"
194561,Bose SoundSport Headphones,1,99.99,05/31/19 13:05,"73 Meadow St, Portland, OR 97035"
194562,USB-C Charging Cable,2,11.95,05/20/19 12:24,"500 Pine St, San Francisco, CA 94016"
194563,27in 4K Gaming Monitor,1,389.99,05/01/19 20:50,"333 Highland St, Los Angeles, CA 90001"
194564,AA Batteries (4-pack),1,3.84,05/27/19 09:58,"945 5th St, New York City, NY 10001"
194565,Wired Headphones,1,11.99,05/08/19 19:58,"200 Madison St, New York City, NY 10001"
194566,Google Phone,1,600,05/02/19 18:12,"680 Church St, San Francisco, CA 94016"
194566,Bose SoundSport Headphones,1,99.99,05/02/19 18:12,"680 Church St, San Francisco, CA 94016"
194567,Apple Airpods Headphones,1,150,05/09/19 10:03,"521 Park St, San Francisco, CA 94016"
194568,Apple Airpods Headphones,1,150,05/10/19 23:12,"91 Walnut St, Atlanta, GA 30301"
194569,Macbook Pro Laptop,1,1700,05/12/19 21:08,"407 Walnut St, Austin, TX 73301"
194570,Lightning Charging Cable,1,14.95,05/08/19 12:23,"517 North St, Boston, MA 02215"
194571,AAA Batteries (4-pack),1,2.99,05/22/19 12:34,"153 14th St, Boston, MA 02215"
194572,Macbook Pro Laptop,1,1700,05/18/19 12:07,"213 6th St, Portland, OR 97035"
194573,ThinkPad Laptop,1,999.99,05/21/19 21:42,"706 Chestnut St, San Francisco, CA 94016"
194574,Vareebadd Phone,1,400,05/26/19 09:32,"369 North St, Los Angeles, CA 90001"
194575,AA Batteries (4-pack),2,3.84,05/10/19 11:24,"474 Forest St, Los Angeles, CA 90001"
194575,AAA Batteries (4-pack),2,2.99,05/10/19 11:24,"474 Forest St, Los Angeles, CA 90001"
194576,34in Ultrawide Monitor,1,379.99,05/26/19 20:54,"622 Church St, Seattle, WA 98101"
194577,AA Batteries (4-pack),1,3.84,05/02/19 20:19,"222 14th St, Seattle, WA 98101"
194578,Lightning Charging Cable,1,14.95,05/09/19 17:57,"243 Ridge St, Boston, MA 02215"
194579,Bose SoundSport Headphones,1,99.99,05/26/19 15:50,"130 1st St, Atlanta, GA 30301"
194580,AAA Batteries (4-pack),3,2.99,05/28/19 08:13,"516 6th St, San Francisco, CA 94016"
194581,Lightning Charging Cable,1,14.95,05/10/19 14:31,"463 1st St, San Francisco, CA 94016"
194582,AA Batteries (4-pack),1,3.84,05/01/19 10:22,"271 Walnut St, Atlanta, GA 30301"
194583,Lightning Charging Cable,1,14.95,05/15/19 11:50,"497 Hickory St, Boston, MA 02215"
194584,Bose SoundSport Headphones,1,99.99,05/02/19 18:26,"587 North St, Los Angeles, CA 90001"
194585,20in Monitor,1,109.99,05/12/19 20:29,"186 Jackson St, San Francisco, CA 94016"
194586,AA Batteries (4-pack),2,3.84,05/25/19 20:57,"852 Cedar St, San Francisco, CA 94016"
194587,AAA Batteries (4-pack),1,2.99,05/26/19 17:26,"433 Center St, Dallas, TX 75001"
,,,,,
194588,ThinkPad Laptop,1,999.99,05/27/19 07:57,"87 Jefferson St, San Francisco, CA 94016"
194588,AAA Batteries (4-pack),2,2.99,05/27/19 07:57,"87 Jefferson St, San Francisco, CA 94016"
194589,AAA Batteries (4-pack),1,2.99,05/12/19 01:48,"395 River St, Los Angeles, CA 90001"
194590,USB-C Charging Cable,2,11.95,05/25/19 12:42,"320 1st St, Atlanta, GA 30301"
194591,Bose SoundSport Headphones,1,99.99,05/19/19 19:30,"368 4th St, Los Angeles, CA 90001"
194592,AAA Batteries (4-pack),1,2.99,05/08/19 23:17,"249 10th St, Los Angeles, CA 90001"
194593,AAA Batteries (4-pack),1,2.99,05/30/19 12:37,"72 Lincoln St, San Francisco, CA 94016"
194594,iPhone,1,700,05/08/19 14:34,"689 Meadow St, Dallas, TX 75001"
194595,AAA Batteries (4-pack),1,2.99,05/29/19 15:42,"329 Hickory St, Los Angeles, CA 90001"
194596,AAA Batteries (4-pack),1,2.99,05/30/19 20:54,"413 Jackson St, San Francisco, CA 94016"
194597,Macbook Pro Laptop,1,1700,05/20/19 13:17,"873 South St, New York City, NY 10001"
194598,AAA Batteries (4-pack),3,2.99,05/29/19 21:14,"210 Sunset St, San Francisco, CA 94016"
194599,27in 4K Gaming Monitor,1,389.99,05/11/19 20:44,"561 12th St, Dallas, TX 75001"
194600,Lightning Charging Cable,1,14.95,05/22/19 11:57,"310 Spruce St, Dallas, TX 75001"
194600,27in FHD Monitor,1,149.99,05/22/19 11:57,"310 Spruce St, Dallas, TX 75001"
194601,Wired Headphones,1,11.99,05/31/19 19:28,"559 9th St, San Francisco, CA 94016"
194602,27in FHD Monitor,1,149.99,05/05/19 16:37,"755 Sunset St, New York City, NY 10001"
194603,Lightning Charging Cable,1,14.95,05/28/19 21:28,"81 Ridge St, Los Angeles, CA 90001"
194604,27in 4K Gaming Monitor,1,389.99,05/22/19 13:00,"469 Ridge St, Seattle, WA 98101"
194605,USB-C Charging Cable,1,11.95,05/05/19 20:49,"874 Maple St, San Francisco, CA 94016"
194606,AA Batteries (4-pack),1,3.84,05/31/19 17:01,"54 11th St, Boston, MA 02215"
194607,Bose SoundSport Headphones,1,99.99,05/16/19 22:26,"691 Spruce St, Los Angeles, CA 90001"
194608,Lightning Charging Cable,1,14.95,05/22/19 23:35,"258 Walnut St, San Francisco, CA 94016"
194609,Lightning Charging Cable,1,14.95,05/13/19 05:47,"268 Main St, San Francisco, CA 94016"
194610,34in Ultrawide Monitor,1,379.99,05/22/19 13:45,"297 14th St, New York City, NY 10001"
194611,Wired Headphones,1,11.99,05/02/19 04:46,"996 Jefferson St, San Francisco, CA 94016"
194612,Bose SoundSport Headphones,1,99.99,05/30/19 11:35,"180 Willow St, Los Angeles, CA 90001"
194613,Apple Airpods Headphones,1,150,05/27/19 23:58,"538 7th St, San Francisco, CA 94016"
194614,AAA Batteries (4-pack),2,2.99,05/31/19 17:23,"940 Hill St, Portland, OR 97035"
194615,Lightning Charging Cable,1,14.95,05/26/19 00:51,"28 Walnut St, New York City, NY 10001"
194616,Google Phone,1,600,05/15/19 22:48,"521 Ridge St, New York City, NY 10001"
194617,Flatscreen TV,1,300,05/30/19 16:39,"783 Jefferson St, Portland, ME 04101"
194618,27in FHD Monitor,1,149.99,05/03/19 18:48,"329 Maple St, Boston, MA 02215"
194619,Wired Headphones,1,11.99,05/30/19 18:36,"312 13th St, San Francisco, CA 94016"
194620,Lightning Charging Cable,1,14.95,05/01/19 12:16,"932 Hickory St, San Francisco, CA 94016"
194621,AA Batteries (4-pack),1,3.84,05/07/19 20:39,"967 Lake St, San Francisco, CA 94016"
194622,AAA Batteries (4-pack),3,2.99,05/04/19 20:19,"187 Lincoln St, Los Angeles, CA 90001"
194623,Apple Airpods Headphones,1,150,05/14/19 13:54,"824 West St, Los Angeles, CA 90001"
194624,Bose SoundSport Headphones,1,99.99,05/16/19 10:54,"550 Hickory St, Los Angeles, CA 90001"
194625,Lightning Charging Cable,1,14.95,05/09/19 21:26,"178 10th St, Boston, MA 02215"
194626,AAA Batteries (4-pack),1,2.99,05/06/19 19:29,"137 Washington St, San Francisco, CA 94016"
194627,Bose SoundSport Headphones,1,99.99,05/24/19 21:06,"905 North St, Seattle, WA 98101"
194628,AA Batteries (4-pack),1,3.84,05/02/19 18:16,"203 Hickory St, Boston, MA 02215"
194629,AA Batteries (4-pack),3,3.84,05/18/19 22:22,"140 Spruce St, Portland, ME 04101"
194630,Bose SoundSport Headphones,1,99.99,05/10/19 19:29,"534 Cherry St, Dallas, TX 75001"
194631,Bose SoundSport Headphones,1,99.99,05/19/19 21:38,"232 1st St, Atlanta, GA 30301"
194632,USB-C Charging Cable,1,11.95,05/14/19 21:03,"897 Jackson St, Boston, MA 02215"
194633,AA Batteries (4-pack),1,3.84,05/17/19 19:00,"581 Spruce St, Portland, OR 97035"
194634,Bose SoundSport Headphones,1,99.99,05/14/19 13:18,"545 Hickory St, Atlanta, GA 30301"
194635,AA Batteries (4-pack),2,3.84,05/05/19 10:04,"976 Cedar St, Boston, MA 02215"
194636,AAA Batteries (4-pack),1,2.99,05/04/19 11:42,"603 Dogwood St, New York City, NY 10001"
194637,USB-C Charging Cable,1,11.95,05/16/19 09:15,"534 Lakeview St, Boston, MA 02215"
194638,AA Batteries (4-pack),1,3.84,05/08/19 19:03,"250 Cherry St, Atlanta, GA 30301"
194639,Google Phone,1,600,05/04/19 13:25,"34 Sunset St, Portland, OR 97035"
194640,ThinkPad Laptop,1,999.99,05/04/19 01:05,"852 Hickory St, San Francisco, CA 94016"
194641,Lightning Charging Cable,1,14.95,05/28/19 20:33,"892 North St, Atlanta, GA 30301"
194642,Lightning Charging Cable,1,14.95,05/06/19 13:29,"836 Cherry St, Boston, MA 02215"
194643,34in Ultrawide Monitor,1,379.99,05/08/19 01:03,"422 Church St, Seattle, WA 98101"
194644,Google Phone,1,600,05/17/19 20:58,"381 Cedar St, Los Angeles, CA 90001"
194645,AA Batteries (4-pack),1,3.84,05/22/19 11:40,"783 Cedar St, Portland, OR 97035"
194646,AAA Batteries (4-pack),1,2.99,05/08/19 11:42,"779 5th St, Los Angeles, CA 90001"
194647,Wired Headphones,1,11.99,05/08/19 17:38,"336 14th St, Austin, TX 73301"
194648,AA Batteries (4-pack),1,3.84,05/31/19 20:15,"959 Chestnut St, Dallas, TX 75001"
194649,Bose SoundSport Headphones,1,99.99,05/12/19 13:31,"737 Lincoln St, Boston, MA 02215"
194650,Wired Headphones,1,11.99,05/10/19 13:21,"24 2nd St, Portland, ME 04101"
194651,Macbook Pro Laptop,1,1700,05/07/19 14:46,"695 Lakeview St, New York City, NY 10001"
194652,AAA Batteries (4-pack),4,2.99,05/25/19 12:19,"480 Forest St, Atlanta, GA 30301"
194653,Apple Airpods Headphones,1,150,05/27/19 07:42,"739 5th St, San Francisco, CA 94016"
194654,iPhone,1,700,05/05/19 02:28,"314 Jackson St, Los Angeles, CA 90001"
194655,Apple Airpods Headphones,2,150,05/11/19 19:19,"878 Cedar St, Boston, MA 02215"
194656,Wired Headphones,1,11.99,05/15/19 14:32,"166 Walnut St, Atlanta, GA 30301"
194657,ThinkPad Laptop,1,999.99,05/25/19 08:51,"476 Center St, Boston, MA 02215"
194658,Google Phone,1,600,05/06/19 14:32,"837 Madison St, Atlanta, GA 30301"
194659,Apple Airpods Headphones,1,150,05/07/19 15:02,"328 11th St, San Francisco, CA 94016"
194660,AAA Batteries (4-pack),1,2.99,05/14/19 14:59,"727 Madison St, Los Angeles, CA 90001"
194661,Apple Airpods Headphones,1,150,05/18/19 21:04,"927 Dogwood St, Austin, TX 73301"
194662,USB-C Charging Cable,1,11.95,05/06/19 21:44,"544 5th St, New York City, NY 10001"
194663,AAA Batteries (4-pack),2,2.99,05/17/19 17:32,"19 2nd St, New York City, NY 10001"
194664,USB-C Charging Cable,1,11.95,05/22/19 08:03,"681 13th St, New York City, NY 10001"
194665,AA Batteries (4-pack),1,3.84,05/10/19 20:15,"81 Lakeview St, Boston, MA 02215"
194666,AAA Batteries (4-pack),4,2.99,05/14/19 08:53,"717 Dogwood St, Los Angeles, CA 90001"
194667,27in FHD Monitor,1,149.99,05/17/19 19:06,"14 Willow St, Atlanta, GA 30301"
194668,AA Batteries (4-pack),1,3.84,05/07/19 21:04,"247 Jackson St, Portland, OR 97035"
194669,34in Ultrawide Monitor,1,379.99,05/16/19 18:01,"678 Johnson St, Los Angeles, CA 90001"
194670,AA Batteries (4-pack),1,3.84,05/20/19 10:49,"228 1st St, Los Angeles, CA 90001"
194671,Macbook Pro Laptop,1,1700,05/09/19 11:36,"221 10th St, San Francisco, CA 94016"
194672,Macbook Pro Laptop,1,1700,05/18/19 07:01,"555 North St, Austin, TX 73301"
194673,LG Washing Machine,1,600.0,05/12/19 12:50,"963 Maple St, Seattle, WA 98101"
194674,Lightning Charging Cable,1,14.95,05/16/19 08:29,"533 7th St, Dallas, TX 75001"
194675,AA Batteries (4-pack),1,3.84,05/14/19 21:13,"688 Highland St, San Francisco, CA 94016"
194676,AAA Batteries (4-pack),1,2.99,05/27/19 17:15,"794 6th St, San Francisco, CA 94016"
194677,Bose SoundSport Headphones,1,99.99,05/24/19 10:16,"529 North St, Los Angeles, CA 90001"
194678,Lightning Charging Cable,1,14.95,05/04/19 21:00,"506 Jackson St, New York City, NY 10001"
194679,AA Batteries (4-pack),1,3.84,05/23/19 14:28,"184 4th St, Los Angeles, CA 90001"
194680,Lightning Charging Cable,1,14.95,05/16/19 22:45,"100 North St, Boston, MA 02215"
194681,Google Phone,1,600,05/14/19 19:16,"926 14th St, Atlanta, GA 30301"
194682,AAA Batteries (4-pack),4,2.99,05/25/19 21:45,"413 Lake St, San Francisco, CA 94016"
194683,AA Batteries (4-pack),2,3.84,05/25/19 16:04,"601 West St, Boston, MA 02215"
194684,AA Batteries (4-pack),1,3.84,05/21/19 09:10,"646 14th St, New York City, NY 10001"
194685,27in 4K Gaming Monitor,1,389.99,05/09/19 01:17,"687 Walnut St, Seattle, WA 98101"
194686,Lightning Charging Cable,1,14.95,05/21/19 12:24,"305 10th St, San Francisco, CA 94016"
194687,Apple Airpods Headphones,1,150,05/06/19 10:16,"119 14th St, Atlanta, GA 30301"
194688,Macbook Pro Laptop,1,1700,05/28/19 11:16,"635 Washington St, San Francisco, CA 94016"
194689,Lightning Charging Cable,1,14.95,05/18/19 22:00,"443 7th St, Los Angeles, CA 90001"
194690,Wired Headphones,1,11.99,05/09/19 19:40,"256 Church St, Seattle, WA 98101"
194691,Google Phone,1,600,05/01/19 14:22,"130 5th St, Boston, MA 02215"
194692,AAA Batteries (4-pack),1,2.99,05/20/19 16:12,"360 Maple St, Boston, MA 02215"
194693,USB-C Charging Cable,1,11.95,05/03/19 18:49,"453 Maple St, Portland, OR 97035"
194694,USB-C Charging Cable,1,11.95,05/20/19 23:32,"378 5th St, Atlanta, GA 30301"
194695,Wired Headphones,1,11.99,05/08/19 12:38,"716 Jefferson St, Los Angeles, CA 90001"
194696,Lightning Charging Cable,1,14.95,05/15/19 22:23,"148 7th St, Atlanta, GA 30301"
194697,Apple Airpods Headphones,1,150,05/11/19 14:52,"627 Park St, Portland, OR 97035"
194698,Macbook Pro Laptop,1,1700,05/09/19 14:20,"946 Highland St, Los Angeles, CA 90001"
194699,20in Monitor,1,109.99,05/09/19 15:36,"65 12th St, Los Angeles, CA 90001"
194700,AA Batteries (4-pack),2,3.84,05/19/19 12:22,"961 Lincoln St, Seattle, WA 98101"
194701,Google Phone,1,600,05/17/19 22:35,"957 11th St, Los Angeles, CA 90001"
194702,Wired Headphones,1,11.99,05/16/19 06:59,"876 2nd St, San Francisco, CA 94016"
194703,AAA Batteries (4-pack),2,2.99,05/28/19 19:20,"454 Cedar St, Austin, TX 73301"
194704,USB-C Charging Cable,1,11.95,05/06/19 23:24,"570 7th St, Los Angeles, CA 90001"
194705,AAA Batteries (4-pack),2,2.99,05/15/19 18:24,"738 Hill St, Boston, MA 02215"
194706,Apple Airpods Headphones,1,150,05/26/19 16:22,"614 12th St, Los Angeles, CA 90001"
194707,Bose SoundSport Headphones,1,99.99,05/07/19 19:20,"843 Johnson St, Los Angeles, CA 90001"
194708,AAA Batteries (4-pack),1,2.99,05/31/19 18:47,"64 Main St, Boston, MA 02215"
194709,27in 4K Gaming Monitor,1,389.99,05/06/19 11:08,"804 10th St, Los Angeles, CA 90001"
194710,AA Batteries (4-pack),1,3.84,05/20/19 18:18,"750 Hickory St, Boston, MA 02215"
194710,Wired Headphones,1,11.99,05/20/19 18:18,"750 Hickory St, Boston, MA 02215"
194711,Bose SoundSport Headphones,1,99.99,05/04/19 20:50,"308 2nd St, Dallas, TX 75001"
194712,AAA Batteries (4-pack),1,2.99,05/19/19 19:27,"670 2nd St, Los Angeles, CA 90001"
194713,Wired Headphones,1,11.99,05/30/19 17:35,"987 Washington St, Dallas, TX 75001"
194714,Wired Headphones,1,11.99,05/07/19 14:45,"629 4th St, San Francisco, CA 94016"
194715,AAA Batteries (4-pack),1,2.99,05/29/19 12:20,"645 Wilson St, Boston, MA 02215"
194716,Lightning Charging Cable,1,14.95,05/20/19 08:34,"169 10th St, Seattle, WA 98101"
194717,AA Batteries (4-pack),2,3.84,05/21/19 15:55,"174 7th St, New York City, NY 10001"
194718,AAA Batteries (4-pack),1,2.99,05/19/19 09:15,"826 Church St, Los Angeles, CA 90001"
194719,Apple Airpods Headphones,1,150,05/21/19 15:02,"206 11th St, Boston, MA 02215"
194720,AAA Batteries (4-pack),3,2.99,05/03/19 05:42,"961 Willow St, Portland, OR 97035"
194721,AAA Batteries (4-pack),1,2.99,05/22/19 18:44,"206 12th St, Boston, MA 02215"
194722,iPhone,1,700,05/29/19 14:46,"184 Adams St, Austin, TX 73301"
194723,Lightning Charging Cable,1,14.95,05/21/19 11:59,"920 Center St, San Francisco, CA 94016"
194724,Wired Headphones,1,11.99,05/26/19 16:32,"472 Chestnut St, New York City, NY 10001"
194725,27in 4K Gaming Monitor,1,389.99,05/16/19 11:50,"90 11th St, San Francisco, CA 94016"
194726,AA Batteries (4-pack),1,3.84,05/09/19 14:00,"635 Walnut St, Portland, OR 97035"
194727,Bose SoundSport Headphones,1,99.99,05/17/19 11:19,"262 Meadow St, San Francisco, CA 94016"
194728,AAA Batteries (4-pack),1,2.99,05/09/19 15:05,"399 13th St, Atlanta, GA 30301"
194729,Wired Headphones,1,11.99,05/06/19 18:30,"199 Cherry St, Los Angeles, CA 90001"
194730,27in 4K Gaming Monitor,1,389.99,05/25/19 14:19,"48 Washington St, San Francisco, CA 94016"
194731,Wired Headphones,1,11.99,05/09/19 21:25,"401 Main St, Dallas, TX 75001"
194731,AAA Batteries (4-pack),1,2.99,05/09/19 21:25,"401 Main St, Dallas, TX 75001"
194732,20in Monitor,1,109.99,05/18/19 18:12,"264 9th St, New York City, NY 10001"
194733,20in Monitor,1,109.99,05/11/19 21:12,"914 13th St, Los Angeles, CA 90001"
194734,Lightning Charging Cable,1,14.95,05/16/19 21:17,"404 Maple St, New York City, NY 10001"
194735,AA Batteries (4-pack),1,3.84,05/14/19 22:20,"178 Park St, Austin, TX 73301"
194736,AAA Batteries (4-pack),2,2.99,05/24/19 20:04,"360 Lakeview St, Atlanta, GA 30301"
194737,Apple Airpods Headphones,1,150,05/24/19 08:05,"246 10th St, New York City, NY 10001"
194738,Apple Airpods Headphones,1,150,05/24/19 13:54,"387 Cedar St, Los Angeles, CA 90001"
194739,Flatscreen TV,1,300,05/17/19 13:59,"92 Pine St, Los Angeles, CA 90001"
194740,Apple Airpods Headphones,1,150,05/22/19 22:07,"823 12th St, Los Angeles, CA 90001"
194741,USB-C Charging Cable,1,11.95,05/12/19 08:44,"73 Elm St, San Francisco, CA 94016"
194742,AA Batteries (4-pack),1,3.84,05/17/19 01:20,"296 Cherry St, San Francisco, CA 94016"
194743,Lightning Charging Cable,1,14.95,05/12/19 00:25,"559 Walnut St, Boston, MA 02215"
194744,Lightning Charging Cable,1,14.95,05/01/19 21:34,"665 Wilson St, Dallas, TX 75001"
194745,34in Ultrawide Monitor,1,379.99,05/28/19 16:59,"164 6th St, Los Angeles, CA 90001"
194746,AA Batteries (4-pack),1,3.84,05/19/19 08:59,"398 11th St, Atlanta, GA 30301"
194747,Lightning Charging Cable,1,14.95,05/24/19 17:19,"562 Johnson St, Dallas, TX 75001"
194748,Bose SoundSport Headphones,1,99.99,05/21/19 18:31,"184 1st St, Dallas, TX 75001"
194749,Wired Headphones,1,11.99,05/31/19 22:24,"555 Hill St, Los Angeles, CA 90001"
194749,Lightning Charging Cable,1,14.95,05/31/19 22:24,"555 Hill St, Los Angeles, CA 90001"
194750,Wired Headphones,1,11.99,05/04/19 14:20,"349 Cedar St, Atlanta, GA 30301"
194751,20in Monitor,1,109.99,05/30/19 14:44,"494 Center St, San Francisco, CA 94016"
194752,Wired Headphones,1,11.99,05/04/19 20:36,"68 North St, Seattle, WA 98101"
194753,Wired Headphones,1,11.99,05/20/19 16:06,"439 5th St, Los Angeles, CA 90001"
194754,Bose SoundSport Headphones,1,99.99,05/26/19 17:18,"942 10th St, Los Angeles, CA 90001"
194754,34in Ultrawide Monitor,1,379.99,05/26/19 17:18,"942 10th St, Los Angeles, CA 90001"
194755,Vareebadd Phone,1,400,05/08/19 12:44,"681 Ridge St, Boston, MA 02215"
194756,27in FHD Monitor,1,149.99,05/31/19 10:20,"686 14th St, New York City, NY 10001"
194757,AAA Batteries (4-pack),1,2.99,05/29/19 23:03,"631 Hill St, Austin, TX 73301"
194758,Apple Airpods Headphones,1,150,05/15/19 23:20,"23 9th St, Seattle, WA 98101"
194759,27in FHD Monitor,1,149.99,05/27/19 18:49,"486 4th St, San Francisco, CA 94016"
194760,34in Ultrawide Monitor,1,379.99,05/04/19 16:36,"964 Hill St, Seattle, WA 98101"
194761,USB-C Charging Cable,1,11.95,05/17/19 18:38,"429 Jackson St, Los Angeles, CA 90001"
194762,20in Monitor,1,109.99,05/20/19 17:20,"202 8th St, New York City, NY 10001"
194762,AAA Batteries (4-pack),1,2.99,05/20/19 17:20,"202 8th St, New York City, NY 10001"
194763,27in FHD Monitor,1,149.99,05/25/19 18:58,"401 Johnson St, San Francisco, CA 94016"
194764,Apple Airpods Headphones,1,150,05/24/19 08:30,"774 Madison St, Los Angeles, CA 90001"
194765,27in 4K Gaming Monitor,1,389.99,05/10/19 12:12,"335 North St, Dallas, TX 75001"
194766,AA Batteries (4-pack),1,3.84,05/15/19 16:49,"45 Meadow St, New York City, NY 10001"
194767,Lightning Charging Cable,1,14.95,05/05/19 14:02,"373 Meadow St, New York City, NY 10001"
194768,AA Batteries (4-pack),2,3.84,05/25/19 20:14,"822 Jefferson St, San Francisco, CA 94016"
194769,Apple Airpods Headphones,1,150,05/24/19 16:00,"84 11th St, Los Angeles, CA 90001"
194770,USB-C Charging Cable,1,11.95,05/10/19 10:50,"673 Willow St, Los Angeles, CA 90001"
194771,Apple Airpods Headphones,1,150,05/19/19 12:09,"222 West St, San Francisco, CA 94016"
194772,34in Ultrawide Monitor,1,379.99,05/04/19 12:14,"340 Lincoln St, Seattle, WA 98101"
194773,27in 4K Gaming Monitor,1,389.99,05/21/19 18:23,"321 Wilson St, Los Angeles, CA 90001"
194774,Vareebadd Phone,1,400,05/30/19 17:37,"961 Ridge St, New York City, NY 10001"
194774,27in FHD Monitor,2,149.99,05/30/19 17:37,"961 Ridge St, New York City, NY 10001"
194775,27in 4K Gaming Monitor,1,389.99,05/30/19 19:48,"468 Dogwood St, New York City, NY 10001"
194776,iPhone,1,700,05/16/19 18:55,"808 Elm St, Los Angeles, CA 90001"
194777,Wired Headphones,1,11.99,05/21/19 11:56,"28 Highland St, Seattle, WA 98101"
194778,Wired Headphones,1,11.99,05/20/19 19:36,"182 Ridge St, Boston, MA 02215"
194779,AAA Batteries (4-pack),2,2.99,05/27/19 08:29,"402 Cherry St, San Francisco, CA 94016"
194780,Google Phone,1,600,05/29/19 12:26,"997 Forest St, Los Angeles, CA 90001"
194780,Wired Headphones,1,11.99,05/29/19 12:26,"997 Forest St, Los Angeles, CA 90001"
194781,AA Batteries (4-pack),1,3.84,05/25/19 07:38,"933 Elm St, Los Angeles, CA 90001"
194782,USB-C Charging Cable,1,11.95,05/10/19 11:09,"230 Cedar St, San Francisco, CA 94016"
194783,Bose SoundSport Headphones,1,99.99,05/27/19 18:49,"114 Chestnut St, New York City, NY 10001"
194784,Apple Airpods Headphones,1,150,05/08/19 14:34,"303 13th St, Austin, TX 73301"
194785,Lightning Charging Cable,1,14.95,05/11/19 14:24,"295 Meadow St, Atlanta, GA 30301"
194786,Apple Airpods Headphones,1,150,05/17/19 19:58,"257 Main St, San Francisco, CA 94016"
194786,27in 4K Gaming Monitor,1,389.99,05/17/19 19:58,"257 Main St, San Francisco, CA 94016"
194787,Lightning Charging Cable,1,14.95,05/12/19 12:12,"970 Madison St, Portland, OR 97035"
194788,Apple Airpods Headphones,1,150,05/11/19 13:45,"928 Chestnut St, New York City, NY 10001"
194789,Macbook Pro Laptop,1,1700,05/10/19 17:39,"737 4th St, Boston, MA 02215"
194790,AA Batteries (4-pack),1,3.84,05/01/19 20:26,"442 Madison St, New York City, NY 10001"
194791,Wired Headphones,1,11.99,05/09/19 13:09,"28 11th St, Boston, MA 02215"
194791,20in Monitor,1,109.99,05/09/19 13:09,"28 11th St, Boston, MA 02215"
194792,Wired Headphones,1,11.99,05/01/19 21:44,"246 11th St, Dallas, TX 75001"
194793,Lightning Charging Cable,1,14.95,05/29/19 19:02,"863 Spruce St, Los Angeles, CA 90001"
194794,AA Batteries (4-pack),4,3.84,05/30/19 19:17,"185 Lincoln St, Los Angeles, CA 90001"
194795,Bose SoundSport Headphones,1,99.99,05/28/19 10:24,"690 12th St, Atlanta, GA 30301"
194796,Apple Airpods Headphones,1,150,05/06/19 12:56,"268 Cherry St, San Francisco, CA 94016"
194797,AA Batteries (4-pack),1,3.84,05/13/19 13:19,"594 Willow St, Los Angeles, CA 90001"
194798,27in FHD Monitor,1,149.99,05/22/19 22:41,"601 Chestnut St, Portland, ME 04101"
194799,20in Monitor,1,109.99,05/30/19 08:05,"863 Center St, San Francisco, CA 94016"
194800,Macbook Pro Laptop,1,1700,05/25/19 21:26,"143 Hill St, Seattle, WA 98101"
194801,AA Batteries (4-pack),1,3.84,05/16/19 07:27,"889 Forest St, Boston, MA 02215"
194802,Vareebadd Phone,1,400,05/02/19 12:57,"971 Jefferson St, San Francisco, CA 94016"
194803,AA Batteries (4-pack),1,3.84,05/16/19 13:43,"712 Park St, Portland, OR 97035"
194804,AAA Batteries (4-pack),3,2.99,05/13/19 11:16,"312 Church St, New York City, NY 10001"
194805,27in FHD Monitor,1,149.99,05/20/19 22:09,"600 4th St, San Francisco, CA 94016"
194806,Wired Headphones,1,11.99,05/11/19 02:21,"329 Pine St, Seattle, WA 98101"
194807,Lightning Charging Cable,1,14.95,05/17/19 17:02,"882 Forest St, San Francisco, CA 94016"
194808,Bose SoundSport Headphones,1,99.99,05/08/19 15:13,"626 Willow St, Dallas, TX 75001"
194809,Wired Headphones,1,11.99,05/03/19 17:13,"617 Jackson St, Atlanta, GA 30301"
194810,Lightning Charging Cable,1,14.95,05/26/19 17:22,"139 Madison St, Dallas, TX 75001"
194811,Flatscreen TV,1,300,05/20/19 06:17,"875 Maple St, Seattle, WA 98101"
194812,AA Batteries (4-pack),1,3.84,05/27/19 19:47,"905 Lincoln St, Los Angeles, CA 90001"
194813,USB-C Charging Cable,1,11.95,05/07/19 22:58,"99 Madison St, San Francisco, CA 94016"
194814,Wired Headphones,1,11.99,05/09/19 21:23,"696 Highland St, Dallas, TX 75001"
194815,AA Batteries (4-pack),4,3.84,05/23/19 14:27,"440 Center St, New York City, NY 10001"
194815,USB-C Charging Cable,1,11.95,05/23/19 14:27,"440 Center St, New York City, NY 10001"
194816,Apple Airpods Headphones,1,150,05/18/19 07:46,"29 Lake St, San Francisco, CA 94016"
194817,USB-C Charging Cable,1,11.95,05/24/19 13:14,"635 Walnut St, Los Angeles, CA 90001"
194818,AA Batteries (4-pack),1,3.84,05/22/19 19:51,"945 Washington St, New York City, NY 10001"
194819,USB-C Charging Cable,1,11.95,05/03/19 07:15,"267 South St, Boston, MA 02215"
194820,Flatscreen TV,1,300,05/05/19 10:18,"497 7th St, Portland, ME 04101"
194821,AA Batteries (4-pack),1,3.84,05/08/19 21:18,"738 Wilson St, Austin, TX 73301"
194822,Wired Headphones,1,11.99,05/06/19 23:05,"482 Hickory St, San Francisco, CA 94016"
194823,iPhone,1,700,05/13/19 08:54,"949 Elm St, San Francisco, CA 94016"
194823,Lightning Charging Cable,1,14.95,05/13/19 08:54,"949 Elm St, San Francisco, CA 94016"
194824,AA Batteries (4-pack),1,3.84,05/18/19 08:54,"690 Lakeview St, Los Angeles, CA 90001"
194825,27in FHD Monitor,1,149.99,05/11/19 13:39,"126 Madison St, Dallas, TX 75001"
194826,Lightning Charging Cable,1,14.95,05/29/19 14:05,"139 4th St, San Francisco, CA 94016"
194827,USB-C Charging Cable,1,11.95,05/29/19 16:25,"480 Maple St, San Francisco, CA 94016"
194828,ThinkPad Laptop,1,999.99,05/11/19 19:13,"844 Lincoln St, San Francisco, CA 94016"
194829,USB-C Charging Cable,1,11.95,05/30/19 08:56,"749 Spruce St, San Francisco, CA 94016"
194830,AA Batteries (4-pack),1,3.84,05/10/19 17:32,"289 Elm St, New York City, NY 10001"
194831,Lightning Charging Cable,1,14.95,05/16/19 13:00,"494 8th St, New York City, NY 10001"
194832,Lightning Charging Cable,1,14.95,05/14/19 22:50,"220 Sunset St, San Francisco, CA 94016"
194833,ThinkPad Laptop,1,999.99,05/24/19 18:31,"341 9th St, San Francisco, CA 94016"
194834,AA Batteries (4-pack),1,3.84,05/01/19 08:21,"374 Forest St, Portland, OR 97035"
194835,Flatscreen TV,1,300,05/21/19 11:07,"70 Adams St, Los Angeles, CA 90001"
194836,AAA Batteries (4-pack),3,2.99,05/24/19 17:15,"667 Hickory St, New York City, NY 10001"
194837,Flatscreen TV,1,300,05/14/19 11:31,"405 4th St, Dallas, TX 75001"
194838,Wired Headphones,1,11.99,05/22/19 20:48,"824 Maple St, Portland, OR 97035"
194839,27in 4K Gaming Monitor,1,389.99,05/05/19 01:01,"353 14th St, Los Angeles, CA 90001"
194840,Google Phone,1,600,05/04/19 21:39,"917 Church St, New York City, NY 10001"
194840,Wired Headphones,1,11.99,05/04/19 21:39,"917 Church St, New York City, NY 10001"
194841,AAA Batteries (4-pack),1,2.99,05/27/19 07:06,"939 Madison St, Boston, MA 02215"
194842,Wired Headphones,1,11.99,05/14/19 09:47,"732 Highland St, New York City, NY 10001"
194843,USB-C Charging Cable,1,11.95,05/10/19 08:17,"986 Forest St, Los Angeles, CA 90001"
194844,USB-C Charging Cable,1,11.95,05/30/19 16:12,"335 Main St, Dallas, TX 75001"
194845,Macbook Pro Laptop,1,1700,05/26/19 20:38,"550 Meadow St, Atlanta, GA 30301"
194846,AAA Batteries (4-pack),1,2.99,05/27/19 08:26,"899 Walnut St, San Francisco, CA 94016"
194847,USB-C Charging Cable,1,11.95,05/29/19 12:49,"293 Lincoln St, San Francisco, CA 94016"
194848,iPhone,1,700,05/14/19 14:56,"696 12th St, Dallas, TX 75001"
194849,AA Batteries (4-pack),1,3.84,05/23/19 08:13,"651 Ridge St, Atlanta, GA 30301"
194850,AA Batteries (4-pack),1,3.84,05/26/19 12:34,"901 Lincoln St, Boston, MA 02215"
194851,Wired Headphones,2,11.99,05/05/19 12:30,"558 Ridge St, New York City, NY 10001"
194852,AAA Batteries (4-pack),2,2.99,05/14/19 08:36,"625 Hickory St, San Francisco, CA 94016"
194853,Bose SoundSport Headphones,1,99.99,05/18/19 13:42,"868 1st St, New York City, NY 10001"
194854,Google Phone,1,600,05/27/19 19:42,"447 West St, New York City, NY 10001"
194854,Wired Headphones,1,11.99,05/27/19 19:42,"447 West St, New York City, NY 10001"
194855,Lightning Charging Cable,1,14.95,05/22/19 18:23,"862 Center St, Austin, TX 73301"
194856,USB-C Charging Cable,2,11.95,05/11/19 21:26,"835 Johnson St, Dallas, TX 75001"
194857,Wired Headphones,1,11.99,05/19/19 17:47,"322 Johnson St, San Francisco, CA 94016"
194858,iPhone,1,700,05/12/19 09:17,"733 Hickory St, Portland, ME 04101"
194859,34in Ultrawide Monitor,1,379.99,05/23/19 09:37,"866 Cedar St, New York City, NY 10001"
194860,USB-C Charging Cable,1,11.95,05/13/19 23:22,"292 South St, Austin, TX 73301"
194861,ThinkPad Laptop,1,999.99,05/12/19 11:19,"227 Jefferson St, New York City, NY 10001"
194862,Vareebadd Phone,1,400,05/19/19 09:01,"466 Dogwood St, San Francisco, CA 94016"
194863,USB-C Charging Cable,1,11.95,05/06/19 20:31,"927 Meadow St, Portland, OR 97035"
194864,USB-C Charging Cable,1,11.95,05/28/19 19:48,"905 West St, Austin, TX 73301"
194865,USB-C Charging Cable,1,11.95,05/28/19 16:55,"624 11th St, San Francisco, CA 94016"
194866,Apple Airpods Headphones,1,150,05/08/19 14:29,"200 Lakeview St, Boston, MA 02215"
194867,ThinkPad Laptop,1,999.99,05/11/19 11:36,"939 River St, San Francisco, CA 94016"
194868,AAA Batteries (4-pack),3,2.99,05/14/19 16:43,"182 Lincoln St, Dallas, TX 75001"
194869,USB-C Charging Cable,1,11.95,05/28/19 12:31,"871 7th St, Austin, TX 73301"
194870,20in Monitor,1,109.99,05/20/19 19:14,"820 12th St, Los Angeles, CA 90001"
194871,27in 4K Gaming Monitor,1,389.99,05/11/19 21:44,"852 13th St, Portland, ME 04101"
194872,Wired Headphones,1,11.99,05/18/19 10:03,"723 9th St, Austin, TX 73301"
194873,LG Washing Machine,1,600.0,05/29/19 13:44,"56 5th St, Atlanta, GA 30301"
194874,AAA Batteries (4-pack),1,2.99,05/14/19 17:24,"204 Center St, New York City, NY 10001"
194875,27in 4K Gaming Monitor,1,389.99,05/07/19 14:23,"960 Adams St, San Francisco, CA 94016"
194876,USB-C Charging Cable,1,11.95,05/22/19 13:26,"715 11th St, Boston, MA 02215"
194877,USB-C Charging Cable,1,11.95,05/20/19 11:50,"879 Johnson St, Boston, MA 02215"
194878,Lightning Charging Cable,1,14.95,05/24/19 19:45,"456 4th St, Atlanta, GA 30301"
194879,Bose SoundSport Headphones,1,99.99,05/11/19 20:00,"365 Jackson St, Boston, MA 02215"
194880,Lightning Charging Cable,1,14.95,05/24/19 15:00,"804 Chestnut St, Boston, MA 02215"
194881,AAA Batteries (4-pack),1,2.99,05/18/19 17:22,"273 6th St, Portland, OR 97035"
194882,Wired Headphones,2,11.99,05/18/19 06:52,"973 Jefferson St, New York City, NY 10001"
194883,USB-C Charging Cable,1,11.95,05/15/19 13:04,"743 Lincoln St, Boston, MA 02215"
194884,USB-C Charging Cable,1,11.95,05/17/19 14:02,"698 5th St, Dallas, TX 75001"
194885,Apple Airpods Headphones,1,150,05/06/19 10:01,"728 North St, Austin, TX 73301"
194886,Apple Airpods Headphones,1,150,05/07/19 08:26,"960 Sunset St, Dallas, TX 75001"
194887,AAA Batteries (4-pack),5,2.99,05/16/19 15:07,"923 Jackson St, San Francisco, CA 94016"
194888,iPhone,1,700,05/01/19 19:39,"713 14th St, Dallas, TX 75001"
,,,,,
194889,Macbook Pro Laptop,1,1700,05/11/19 12:53,"581 4th St, Austin, TX 73301"
194890,Lightning Charging Cable,1,14.95,05/15/19 20:52,"266 7th St, Los Angeles, CA 90001"
194891,Wired Headphones,1,11.99,05/04/19 22:09,"978 2nd St, Portland, OR 97035"
194892,Apple Airpods Headphones,1,150,05/18/19 01:25,"572 Madison St, Los Angeles, CA 90001"
194893,USB-C Charging Cable,1,11.95,05/13/19 18:41,"793 11th St, Los Angeles, CA 90001"
194894,iPhone,1,700,05/15/19 15:20,"528 Dogwood St, San Francisco, CA 94016"
194894,Lightning Charging Cable,1,14.95,05/15/19 15:20,"528 Dogwood St, San Francisco, CA 94016"
194895,Vareebadd Phone,1,400,05/01/19 14:53,"547 8th St, Seattle, WA 98101"
194896,Apple Airpods Headphones,1,150,05/13/19 14:02,"432 4th St, New York City, NY 10001"
194897,AA Batteries (4-pack),1,3.84,05/03/19 14:58,"479 Forest St, Seattle, WA 98101"
194898,AA Batteries (4-pack),1,3.84,05/24/19 18:16,"942 North St, Austin, TX 73301"
194899,Bose SoundSport Headphones,1,99.99,05/14/19 10:29,"21 Lake St, Los Angeles, CA 90001"
194900,27in 4K Gaming Monitor,1,389.99,05/18/19 12:27,"237 Lincoln St, New York City, NY 10001"
194901,AA Batteries (4-pack),1,3.84,05/28/19 19:21,"450 1st St, San Francisco, CA 94016"
194902,USB-C Charging Cable,1,11.95,05/27/19 17:19,"72 6th St, Austin, TX 73301"
194903,USB-C Charging Cable,1,11.95,05/29/19 20:27,"283 Madison St, San Francisco, CA 94016"
194904,AA Batteries (4-pack),1,3.84,05/08/19 15:04,"11 Ridge St, Atlanta, GA 30301"
194905,Wired Headphones,1,11.99,05/04/19 22:59,"955 Main St, Austin, TX 73301"
194906,AA Batteries (4-pack),2,3.84,05/27/19 20:57,"767 5th St, Los Angeles, CA 90001"
194907,Google Phone,1,600,05/30/19 00:22,"341 Ridge St, Atlanta, GA 30301"
194908,Flatscreen TV,1,300,05/31/19 17:25,"731 Church St, Los Angeles, CA 90001"
194909,iPhone,1,700,05/14/19 18:17,"261 Lakeview St, New York City, NY 10001"
194909,Lightning Charging Cable,1,14.95,05/14/19 18:17,"261 Lakeview St, New York City, NY 10001"
194910,Apple Airpods Headphones,1,150,05/02/19 20:53,"997 Adams St, Boston, MA 02215"
194911,iPhone,1,700,05/13/19 14:38,"539 1st St, Seattle, WA 98101"
194912,AAA Batteries (4-pack),1,2.99,05/22/19 18:36,"797 10th St, Dallas, TX 75001"
194913,Bose SoundSport Headphones,1,99.99,05/26/19 12:18,"143 12th St, Dallas, TX 75001"
194914,27in 4K Gaming Monitor,1,389.99,05/01/19 18:22,"97 1st St, New York City, NY 10001"
194915,AA Batteries (4-pack),1,3.84,05/19/19 16:32,"670 Highland St, Los Angeles, CA 90001"
194916,34in Ultrawide Monitor,1,379.99,05/30/19 17:41,"7 4th St, Seattle, WA 98101"
194917,LG Dryer,1,600.0,05/22/19 20:22,"767 Walnut St, San Francisco, CA 94016"
194918,AAA Batteries (4-pack),2,2.99,05/18/19 20:54,"767 Lincoln St, San Francisco, CA 94016"
194919,Apple Airpods Headphones,1,150,05/24/19 20:12,"602 Cedar St, Seattle, WA 98101"
194920,AAA Batteries (4-pack),1,2.99,05/10/19 14:11,"839 Dogwood St, Los Angeles, CA 90001"
194921,ThinkPad Laptop,1,999.99,05/10/19 00:04,"257 Willow St, San Francisco, CA 94016"
194922,Wired Headphones,1,11.99,05/03/19 12:57,"511 Church St, New York City, NY 10001"
194923,Google Phone,1,600,05/30/19 14:43,"544 Meadow St, San Francisco, CA 94016"
194924,Bose SoundSport Headphones,1,99.99,05/16/19 10:58,"707 Highland St, New York City, NY 10001"
194925,AA Batteries (4-pack),1,3.84,05/09/19 12:16,"179 Johnson St, San Francisco, CA 94016"
194926,Bose SoundSport Headphones,1,99.99,05/28/19 11:57,"805 River St, Los Angeles, CA 90001"
194927,Wired Headphones,1,11.99,05/22/19 11:22,"570 6th St, San Francisco, CA 94016"
194927,AAA Batteries (4-pack),1,2.99,05/22/19 11:22,"570 6th St, San Francisco, CA 94016"
194928,Lightning Charging Cable,1,14.95,05/09/19 06:13,"504 Spruce St, San Francisco, CA 94016"
194929,iPhone,1,700,05/27/19 22:04,"348 Spruce St, Los Angeles, CA 90001"
194930,Wired Headphones,1,11.99,05/31/19 22:51,"741 Maple St, Los Angeles, CA 90001"
194931,AAA Batteries (4-pack),1,2.99,05/07/19 12:00,"159 Highland St, Dallas, TX 75001"
194932,20in Monitor,1,109.99,05/22/19 18:13,"889 Washington St, Boston, MA 02215"
194933,Flatscreen TV,1,300,05/05/19 16:00,"895 Walnut St, Atlanta, GA 30301"
194934,Macbook Pro Laptop,1,1700,05/12/19 12:13,"66 Jackson St, San Francisco, CA 94016"
194935,iPhone,1,700,05/04/19 10:00,"491 Jackson St, Dallas, TX 75001"
194935,Lightning Charging Cable,1,14.95,05/04/19 10:00,"491 Jackson St, Dallas, TX 75001"
194936,34in Ultrawide Monitor,1,379.99,05/02/19 17:33,"930 Hickory St, Seattle, WA 98101"
194937,Apple Airpods Headphones,1,150,05/28/19 07:11,"552 Washington St, Austin, TX 73301"
194938,Apple Airpods Headphones,1,150,05/09/19 16:35,"560 9th St, San Francisco, CA 94016"
194939,Wired Headphones,1,11.99,05/14/19 18:03,"447 Spruce St, Portland, OR 97035"
194940,AA Batteries (4-pack),2,3.84,05/01/19 14:37,"342 Adams St, Atlanta, GA 30301"
194941,20in Monitor,1,109.99,05/29/19 02:02,"311 Hill St, Atlanta, GA 30301"
194942,Vareebadd Phone,1,400,05/22/19 17:20,"428 Spruce St, San Francisco, CA 94016"
194943,27in 4K Gaming Monitor,1,389.99,05/06/19 16:14,"889 Dogwood St, Atlanta, GA 30301"
194944,Apple Airpods Headphones,1,150,05/19/19 12:36,"186 9th St, Atlanta, GA 30301"
194945,Wired Headphones,1,11.99,05/02/19 18:48,"280 Willow St, Los Angeles, CA 90001"
194946,USB-C Charging Cable,1,11.95,05/13/19 20:52,"589 North St, Los Angeles, CA 90001"
194947,Apple Airpods Headphones,1,150,05/15/19 15:44,"94 Meadow St, San Francisco, CA 94016"
194948,Wired Headphones,1,11.99,05/08/19 22:22,"2 14th St, San Francisco, CA 94016"
194949,AAA Batteries (4-pack),3,2.99,05/25/19 11:05,"110 River St, Boston, MA 02215"
194950,27in 4K Gaming Monitor,1,389.99,05/13/19 21:19,"590 Walnut St, Boston, MA 02215"
194951,Lightning Charging Cable,1,14.95,05/24/19 20:02,"484 12th St, San Francisco, CA 94016"
194952,AAA Batteries (4-pack),1,2.99,05/15/19 10:37,"725 Adams St, Los Angeles, CA 90001"
194953,AA Batteries (4-pack),2,3.84,05/16/19 17:30,"424 Ridge St, Los Angeles, CA 90001"
194954,Wired Headphones,1,11.99,05/01/19 14:02,"269 Willow St, Los Angeles, CA 90001"
194955,AAA Batteries (4-pack),2,2.99,05/08/19 14:26,"500 Spruce St, San Francisco, CA 94016"
194956,AA Batteries (4-pack),1,3.84,05/21/19 14:07,"494 Wilson St, Atlanta, GA 30301"
194957,AA Batteries (4-pack),1,3.84,05/14/19 11:53,"198 Jackson St, Boston, MA 02215"
194958,AA Batteries (4-pack),1,3.84,05/18/19 20:17,"774 Jefferson St, Seattle, WA 98101"
194959,Apple Airpods Headphones,1,150,05/20/19 11:20,"641 8th St, New York City, NY 10001"
194960,Lightning Charging Cable,1,14.95,05/13/19 10:39,"793 4th St, Seattle, WA 98101"
194961,AAA Batteries (4-pack),1,2.99,05/16/19 19:53,"636 Maple St, Los Angeles, CA 90001"
194962,AA Batteries (4-pack),2,3.84,05/24/19 11:05,"509 Johnson St, Boston, MA 02215"
194963,Lightning Charging Cable,1,14.95,05/18/19 09:40,"620 Highland St, Los Angeles, CA 90001"
194964,Flatscreen TV,1,300,05/08/19 18:39,"14 14th St, Boston, MA 02215"
194965,USB-C Charging Cable,1,11.95,05/21/19 15:10,"768 Center St, New York City, NY 10001"
194966,AA Batteries (4-pack),1,3.84,05/01/19 13:45,"843 9th St, San Francisco, CA 94016"
194967,USB-C Charging Cable,1,11.95,05/08/19 08:52,"90 Cherry St, San Francisco, CA 94016"
194968,Apple Airpods Headphones,1,150,05/09/19 19:31,"951 Dogwood St, Atlanta, GA 30301"
194969,Lightning Charging Cable,1,14.95,05/22/19 12:41,"180 Lincoln St, Atlanta, GA 30301"
194970,USB-C Charging Cable,1,11.95,05/17/19 20:49,"612 Cedar St, Boston, MA 02215"
194971,Macbook Pro Laptop,1,1700,05/20/19 07:17,"29 Church St, San Francisco, CA 94016"
194972,AA Batteries (4-pack),2,3.84,05/19/19 20:21,"171 River St, San Francisco, CA 94016"
194973,Vareebadd Phone,1,400,05/16/19 19:18,"12 13th St, New York City, NY 10001"
194974,AA Batteries (4-pack),1,3.84,05/12/19 18:43,"508 North St, Boston, MA 02215"
194974,Apple Airpods Headphones,1,150,05/12/19 18:43,"508 North St, Boston, MA 02215"
194975,AA Batteries (4-pack),1,3.84,05/23/19 00:54,"671 7th St, Dallas, TX 75001"
194976,AAA Batteries (4-pack),1,2.99,05/26/19 22:04,"867 Elm St, San Francisco, CA 94016"
194977,Bose SoundSport Headphones,1,99.99,05/21/19 19:34,"623 Sunset St, San Francisco, CA 94016"
194978,Wired Headphones,1,11.99,05/14/19 15:40,"950 Washington St, Boston, MA 02215"
194979,USB-C Charging Cable,1,11.95,05/29/19 12:13,"623 West St, Boston, MA 02215"
194980,AA Batteries (4-pack),2,3.84,05/29/19 13:09,"711 6th St, New York City, NY 10001"
194981,Lightning Charging Cable,1,14.95,05/21/19 11:39,"40 10th St, Los Angeles, CA 90001"
194982,LG Washing Machine,1,600.0,05/16/19 13:09,"652 Meadow St, New York City, NY 10001"
194983,LG Dryer,1,600.0,05/08/19 09:51,"424 1st St, New York City, NY 10001"
194984,27in 4K Gaming Monitor,1,389.99,05/09/19 05:52,"230 Park St, Los Angeles, CA 90001"
194985,Lightning Charging Cable,2,14.95,05/16/19 10:44,"4 14th St, San Francisco, CA 94016"
194986,Apple Airpods Headphones,1,150,05/26/19 00:26,"438 Pine St, Austin, TX 73301"
194987,AAA Batteries (4-pack),1,2.99,05/22/19 12:45,"923 Madison St, Seattle, WA 98101"
194988,Lightning Charging Cable,1,14.95,05/30/19 16:29,"218 8th St, Los Angeles, CA 90001"
194989,Bose SoundSport Headphones,1,99.99,05/17/19 01:19,"559 Highland St, Portland, OR 97035"
194990,AA Batteries (4-pack),1,3.84,05/06/19 19:39,"995 13th St, Austin, TX 73301"
194991,34in Ultrawide Monitor,1,379.99,05/26/19 12:19,"504 Lincoln St, New York City, NY 10001"
194992,Bose SoundSport Headphones,1,99.99,05/21/19 20:33,"144 North St, Los Angeles, CA 90001"
194993,Lightning Charging Cable,1,14.95,05/29/19 13:39,"98 Highland St, Dallas, TX 75001"
194994,Lightning Charging Cable,1,14.95,05/11/19 13:18,"259 Lincoln St, Portland, ME 04101"
194995,USB-C Charging Cable,1,11.95,05/08/19 21:38,"144 Park St, San Francisco, CA 94016"
194996,AAA Batteries (4-pack),1,2.99,05/17/19 10:15,"769 Sunset St, Los Angeles, CA 90001"
194997,AAA Batteries (4-pack),2,2.99,05/28/19 05:42,"279 13th St, Los Angeles, CA 90001"
194998,34in Ultrawide Monitor,1,379.99,05/30/19 11:43,"272 Cherry St, Los Angeles, CA 90001"
194999,AA Batteries (4-pack),1,3.84,05/15/19 10:14,"143 12th St, Los Angeles, CA 90001"
195000,AA Batteries (4-pack),1,3.84,05/29/19 20:33,"275 14th St, Atlanta, GA 30301"
195001,Lightning Charging Cable,1,14.95,05/12/19 13:08,"339 Hill St, Los Angeles, CA 90001"
195002,USB-C Charging Cable,2,11.95,05/04/19 12:49,"267 Elm St, Boston, MA 02215"
195003,AA Batteries (4-pack),1,3.84,05/17/19 16:39,"166 Hickory St, Atlanta, GA 30301"
195004,iPhone,1,700,05/28/19 11:54,"576 Park St, Los Angeles, CA 90001"
195005,Vareebadd Phone,1,400,05/08/19 05:32,"939 Walnut St, Portland, OR 97035"
195005,Wired Headphones,1,11.99,05/08/19 05:32,"939 Walnut St, Portland, OR 97035"
195006,USB-C Charging Cable,1,11.95,05/07/19 17:23,"618 Spruce St, San Francisco, CA 94016"
Order ID,Product,Quantity Ordered,Price Each,Order Date,Purchase Address
195007,iPhone,1,700,05/14/19 08:45,"757 Meadow St, Portland, OR 97035"
195008,iPhone,1,700,05/09/19 10:29,"305 Lake St, Seattle, WA 98101"
195009,Bose SoundSport Headphones,1,99.99,05/05/19 07:54,"688 Cherry St, San Francisco, CA 94016"
195010,USB-C Charging Cable,2,11.95,05/05/19 22:29,"543 River St, Los Angeles, CA 90001"
195011,Wired Headphones,1,11.99,05/13/19 13:43,"440 Walnut St, New York City, NY 10001"
195012,Bose SoundSport Headphones,1,99.99,05/15/19 16:53,"365 Hill St, New York City, NY 10001"
195013,USB-C Charging Cable,1,11.95,05/17/19 10:26,"162 Wilson St, San Francisco, CA 94016"
195014,Flatscreen TV,1,300,05/27/19 13:47,"852 Johnson St, San Francisco, CA 94016"
Order ID,Product,Quantity Ordered,Price Each,Order Date,Purchase Address
195015,Lightning Charging Cable,1,14.95,05/06/19 10:28,"219 Sunset St, Los Angeles, CA 90001"
Order ID,Product,Quantity Ordered,Price Each,Order Date,Purchase Address
195016,Lightning Charging Cable,1,14.95,05/01/19 22:29,"282 West St, Los Angeles, CA 90001"
195017,AAA Batteries (4-pack),2,2.99,05/14/19 07:16,"804 Lincoln St, San Francisco, CA 94016"
195018,AAA Batteries (4-pack),1,2.99,05/08/19 11:22,"389 River St, Seattle, WA 98101"
195019,27in FHD Monitor,1,149.99,05/06/19 12:18,"842 14th St, Seattle, WA 98101"
195019,Lightning Charging Cable,1,14.95,05/06/19 12:18,"842 14th St, Seattle, WA 98101"
195020,USB-C Charging Cable,1,11.95,05/15/19 19:32,"228 Maple St, Los Angeles, CA 90001"
195021,Apple Airpods Headphones,1,150,05/31/19 22:42,"566 Highland St, Los Angeles, CA 90001"
195022,AA Batteries (4-pack),1,3.84,05/23/19 19:54,"804 Elm St, San Francisco, CA 94016"
195023,27in FHD Monitor,1,149.99,05/19/19 19:07,"846 Wilson St, Portland, OR 97035"
195024,AAA Batteries (4-pack),3,2.99,05/24/19 14:44,"930 West St, Boston, MA 02215"
195025,Wired Headphones,1,11.99,05/26/19 12:29,"376 North St, Dallas, TX 75001"
195026,Apple Airpods Headphones,1,150,05/05/19 12:08,"587 Maple St, Los Angeles, CA 90001"
195027,Google Phone,1,600,05/15/19 21:05,"189 12th St, San Francisco, CA 94016"
195028,20in Monitor,1,109.99,05/07/19 20:19,"747 Johnson St, San Francisco, CA 94016"
195029,Lightning Charging Cable,1,14.95,05/04/19 10:42,"702 West St, Austin, TX 73301"
195030,Wired Headphones,1,11.99,05/25/19 12:45,"553 12th St, Los Angeles, CA 90001"
195031,34in Ultrawide Monitor,1,379.99,05/21/19 08:26,"323 Jackson St, Dallas, TX 75001"
195032,USB-C Charging Cable,1,11.95,05/09/19 23:41,"471 11th St, New York City, NY 10001"
195033,Lightning Charging Cable,1,14.95,05/04/19 15:35,"962 Cedar St, San Francisco, CA 94016"
195034,Wired Headphones,1,11.99,05/30/19 08:46,"889 9th St, Los Angeles, CA 90001"
195035,27in FHD Monitor,1,149.99,05/26/19 11:16,"812 Lakeview St, San Francisco, CA 94016"
195036,Apple Airpods Headphones,1,150,05/23/19 21:40,"756 Walnut St, Seattle, WA 98101"
195037,AAA Batteries (4-pack),1,2.99,05/26/19 19:15,"234 Adams St, New York City, NY 10001"
195038,AAA Batteries (4-pack),2,2.99,05/19/19 19:14,"890 Madison St, New York City, NY 10001"
195039,AA Batteries (4-pack),2,3.84,05/18/19 07:56,"534 Cherry St, New York City, NY 10001"
195040,AAA Batteries (4-pack),1,2.99,05/14/19 08:48,"173 Cedar St, Seattle, WA 98101"
195041,AAA Batteries (4-pack),1,2.99,05/07/19 18:31,"177 Chestnut St, New York City, NY 10001"
195042,AAA Batteries (4-pack),1,2.99,05/13/19 20:02,"763 Maple St, Los Angeles, CA 90001"
195043,34in Ultrawide Monitor,1,379.99,05/02/19 10:29,"508 West St, San Francisco, CA 94016"
195044,Wired Headphones,1,11.99,05/23/19 13:54,"389 10th St, Boston, MA 02215"
195045,Wired Headphones,1,11.99,05/24/19 02:22,"95 Jefferson St, Atlanta, GA 30301"
195045,Wired Headphones,1,11.99,05/24/19 02:22,"95 Jefferson St, Atlanta, GA 30301"
195046,AAA Batteries (4-pack),2,2.99,05/29/19 14:04,"616 13th St, San Francisco, CA 94016"
195047,AA Batteries (4-pack),2,3.84,05/12/19 21:18,"129 1st St, Seattle, WA 98101"
195048,AA Batteries (4-pack),1,3.84,05/19/19 18:01,"815 Chestnut St, San Francisco, CA 94016"
195049,Wired Headphones,1,11.99,05/08/19 13:36,"124 Main St, Seattle, WA 98101"
195050,Wired Headphones,1,11.99,05/08/19 08:44,"469 5th St, Los Angeles, CA 90001"
195051,AAA Batteries (4-pack),3,2.99,05/14/19 20:20,"146 Hill St, San Francisco, CA 94016"
195052,AAA Batteries (4-pack),2,2.99,05/17/19 15:20,"568 Jefferson St, New York City, NY 10001"
195053,Flatscreen TV,1,300,05/22/19 22:24,"404 Highland St, Los Angeles, CA 90001"
195054,AAA Batteries (4-pack),1,2.99,05/12/19 20:22,"503 Lakeview St, Dallas, TX 75001"
195055,AA Batteries (4-pack),1,3.84,05/17/19 22:23,"979 Center St, San Francisco, CA 94016"
195056,Lightning Charging Cable,1,14.95,05/17/19 11:54,"239 Elm St, Boston, MA 02215"
195057,AAA Batteries (4-pack),2,2.99,05/21/19 09:46,"155 West St, Portland, OR 97035"
195058,USB-C Charging Cable,1,11.95,05/28/19 16:09,"887 Hickory St, San Francisco, CA 94016"
195059,Wired Headphones,2,11.99,05/27/19 18:25,"856 12th St, New York City, NY 10001"
195059,27in FHD Monitor,1,149.99,05/27/19 18:25,"856 12th St, New York City, NY 10001"
195060,USB-C Charging Cable,2,11.95,05/31/19 14:39,"306 Cherry St, San Francisco, CA 94016"
195061,27in FHD Monitor,1,149.99,05/16/19 09:39,"626 Johnson St, San Francisco, CA 94016"
195062,Google Phone,1,600,05/02/19 17:03,"514 Walnut St, Boston, MA 02215"
195063,Apple Airpods Headphones,1,150,05/07/19 21:33,"306 14th St, San Francisco, CA 94016"
195064,USB-C Charging Cable,1,11.95,05/18/19 23:46,"393 Wilson St, San Francisco, CA 94016"
195065,Lightning Charging Cable,1,14.95,05/08/19 14:31,"270 Meadow St, New York City, NY 10001"
195066,iPhone,1,700,05/16/19 11:01,"195 North St, Atlanta, GA 30301"
195066,Lightning Charging Cable,1,14.95,05/16/19 11:01,"195 North St, Atlanta, GA 30301"
195067,USB-C Charging Cable,1,11.95,05/20/19 14:42,"306 Dogwood St, Atlanta, GA 30301"
195068,USB-C Charging Cable,1,11.95,05/01/19 14:28,"42 1st St, Austin, TX 73301"
195069,Bose SoundSport Headphones,1,99.99,05/17/19 18:53,"347 Highland St, San Francisco, CA 94016"
195070,Apple Airpods Headphones,1,150,05/03/19 23:27,"964 West St, Atlanta, GA 30301"
195071,ThinkPad Laptop,1,999.99,05/20/19 17:04,"858 Chestnut St, Los Angeles, CA 90001"
195072,AAA Batteries (4-pack),1,2.99,05/22/19 07:43,"926 Church St, New York City, NY 10001"
195073,ThinkPad Laptop,1,999.99,05/07/19 11:32,"779 Meadow St, Los Angeles, CA 90001"
195074,Apple Airpods Headphones,1,150,05/23/19 10:03,"993 11th St, Portland, OR 97035"
195075,Vareebadd Phone,1,400,05/13/19 10:43,"85 South St, New York City, NY 10001"
195076,20in Monitor,1,109.99,05/02/19 17:38,"179 Hickory St, Portland, OR 97035"
195077,20in Monitor,1,109.99,05/10/19 20:16,"541 Park St, Seattle, WA 98101"
195078,Flatscreen TV,1,300,05/25/19 22:08,"629 Meadow St, San Francisco, CA 94016"
195079,USB-C Charging Cable,1,11.95,05/29/19 22:06,"586 14th St, Los Angeles, CA 90001"
195080,AAA Batteries (4-pack),1,2.99,05/14/19 11:17,"368 Spruce St, Los Angeles, CA 90001"
195081,27in FHD Monitor,1,149.99,05/13/19 10:00,"526 Spruce St, Boston, MA 02215"
195082,Apple Airpods Headphones,1,150,05/25/19 12:50,"616 Maple St, Boston, MA 02215"
195083,Lightning Charging Cable,1,14.95,05/28/19 18:39,"968 8th St, Dallas, TX 75001"
195084,AA Batteries (4-pack),1,3.84,05/02/19 07:36,"678 River St, Boston, MA 02215"
195085,Flatscreen TV,1,300,05/05/19 09:15,"244 Highland St, San Francisco, CA 94016"
195086,Wired Headphones,1,11.99,05/07/19 16:11,"5 Spruce St, Seattle, WA 98101"
195087,Lightning Charging Cable,1,14.95,05/18/19 08:16,"481 Dogwood St, San Francisco, CA 94016"
195088,Bose SoundSport Headphones,1,99.99,05/06/19 17:49,"753 Forest St, New York City, NY 10001"
195089,Flatscreen TV,1,300,05/28/19 21:53,"177 Center St, New York City, NY 10001"
195090,USB-C Charging Cable,1,11.95,05/06/19 01:53,"680 13th St, Seattle, WA 98101"
195091,Apple Airpods Headphones,2,150,05/15/19 17:44,"189 South St, New York City, NY 10001"
195092,Bose SoundSport Headphones,1,99.99,05/06/19 08:43,"405 Wilson St, Los Angeles, CA 90001"
195093,Google Phone,1,600,05/07/19 09:29,"200 Walnut St, Seattle, WA 98101"
195094,Macbook Pro Laptop,1,1700,05/05/19 06:01,"501 8th St, San Francisco, CA 94016"
195095,Wired Headphones,1,11.99,05/05/19 16:07,"241 Wilson St, Portland, OR 97035"
195096,Bose SoundSport Headphones,1,99.99,05/27/19 11:45,"795 4th St, Los Angeles, CA 90001"
195097,iPhone,1,700,05/23/19 08:52,"78 Forest St, Dallas, TX 75001"
195097,Lightning Charging Cable,1,14.95,05/23/19 08:52,"78 Forest St, Dallas, TX 75001"
195097,Apple Airpods Headphones,1,150,05/23/19 08:52,"78 Forest St, Dallas, TX 75001"
195098,AAA Batteries (4-pack),1,2.99,05/21/19 14:35,"487 11th St, New York City, NY 10001"
195099,iPhone,1,700,05/30/19 18:51,"233 Cherry St, San Francisco, CA 94016"
195100,Google Phone,1,600,05/22/19 21:20,"822 Main St, Los Angeles, CA 90001"
195101,Google Phone,1,600,05/17/19 21:16,"978 Sunset St, Atlanta, GA 30301"
195102,USB-C Charging Cable,2,11.95,05/14/19 07:33,"681 14th St, Portland, OR 97035"
195103,AA Batteries (4-pack),1,3.84,05/29/19 22:59,"128 Elm St, Portland, OR 97035"
195104,iPhone,1,700,05/07/19 20:29,"897 Lake St, Austin, TX 73301"
195104,Lightning Charging Cable,1,14.95,05/07/19 20:29,"897 Lake St, Austin, TX 73301"
195105,Apple Airpods Headphones,1,150,05/16/19 13:07,"374 Highland St, San Francisco, CA 94016"
195106,Apple Airpods Headphones,1,150,05/31/19 20:54,"908 Chestnut St, San Francisco, CA 94016"
195107,AAA Batteries (4-pack),1,2.99,05/15/19 19:38,"386 Pine St, Los Angeles, CA 90001"
195108,Apple Airpods Headphones,1,150,05/12/19 17:52,"25 Cherry St, Atlanta, GA 30301"
195109,Bose SoundSport Headphones,1,99.99,05/31/19 17:32,"971 Highland St, Portland, OR 97035"
195110,27in 4K Gaming Monitor,1,389.99,05/21/19 13:18,"841 Ridge St, Los Angeles, CA 90001"
195111,34in Ultrawide Monitor,1,379.99,05/25/19 08:05,"328 Elm St, Austin, TX 73301"
195112,Wired Headphones,1,11.99,05/21/19 17:08,"799 Elm St, Boston, MA 02215"
195113,Wired Headphones,1,11.99,05/22/19 00:16,"267 Madison St, Los Angeles, CA 90001"
195114,Lightning Charging Cable,1,14.95,05/05/19 14:15,"943 7th St, Portland, OR 97035"
195115,Flatscreen TV,1,300,05/27/19 21:31,"607 Wilson St, New York City, NY 10001"
195116,AAA Batteries (4-pack),1,2.99,05/25/19 14:15,"584 Forest St, San Francisco, CA 94016"
195117,Lightning Charging Cable,1,14.95,05/30/19 21:16,"707 Cedar St, Los Angeles, CA 90001"
195118,USB-C Charging Cable,2,11.95,05/19/19 06:34,"794 Cherry St, Seattle, WA 98101"
195119,Lightning Charging Cable,1,14.95,05/31/19 09:12,"107 Johnson St, San Francisco, CA 94016"
195120,Apple Airpods Headphones,1,150,05/08/19 13:54,"596 Cedar St, Austin, TX 73301"
195121,AA Batteries (4-pack),1,3.84,05/25/19 22:45,"105 Maple St, Atlanta, GA 30301"
195122,27in FHD Monitor,1,149.99,05/30/19 09:39,"6 Forest St, San Francisco, CA 94016"
195123,27in 4K Gaming Monitor,1,389.99,05/17/19 23:36,"597 North St, San Francisco, CA 94016"
195123,AAA Batteries (4-pack),1,2.99,05/17/19 23:36,"597 North St, San Francisco, CA 94016"
195124,iPhone,1,700,05/29/19 14:37,"540 Maple St, Portland, OR 97035"
195124,Wired Headphones,1,11.99,05/29/19 14:37,"540 Maple St, Portland, OR 97035"
195125,Bose SoundSport Headphones,1,99.99,05/03/19 15:58,"935 Chestnut St, Austin, TX 73301"
195126,USB-C Charging Cable,2,11.95,05/24/19 12:35,"212 Jackson St, San Francisco, CA 94016"
195127,LG Dryer,1,600.0,05/20/19 15:50,"999 Park St, Los Angeles, CA 90001"
195128,20in Monitor,1,109.99,05/05/19 13:17,"904 Sunset St, Seattle, WA 98101"
195129,27in FHD Monitor,1,149.99,05/01/19 13:29,"885 Jefferson St, San Francisco, CA 94016"
195130,AAA Batteries (4-pack),1,2.99,05/08/19 15:38,"444 Hill St, New York City, NY 10001"
195131,Lightning Charging Cable,2,14.95,05/06/19 17:16,"655 Elm St, New York City, NY 10001"
195132,Apple Airpods Headphones,2,150,05/19/19 22:36,"260 4th St, Los Angeles, CA 90001"
195133,Google Phone,1,600,05/12/19 18:18,"683 West St, New York City, NY 10001"
195134,Wired Headphones,1,11.99,05/14/19 20:37,"880 Lake St, Portland, OR 97035"
195135,AAA Batteries (4-pack),2,2.99,05/07/19 22:00,"424 South St, Los Angeles, CA 90001"
195136,AA Batteries (4-pack),2,3.84,05/31/19 15:07,"213 Park St, San Francisco, CA 94016"
195136,Vareebadd Phone,1,400,05/31/19 15:07,"213 Park St, San Francisco, CA 94016"
195137,AA Batteries (4-pack),1,3.84,05/29/19 09:32,"623 Willow St, New York City, NY 10001"
195138,27in 4K Gaming Monitor,1,389.99,05/02/19 09:23,"376 7th St, Los Angeles, CA 90001"
195139,USB-C Charging Cable,1,11.95,05/15/19 21:45,"410 9th St, Los Angeles, CA 90001"
195140,Macbook Pro Laptop,1,1700,05/07/19 21:35,"308 12th St, Dallas, TX 75001"
195141,Lightning Charging Cable,1,14.95,05/22/19 22:25,"677 Hill St, Seattle, WA 98101"
195142,USB-C Charging Cable,1,11.95,05/13/19 18:43,"924 Hickory St, San Francisco, CA 94016"
195143,AAA Batteries (4-pack),1,2.99,05/14/19 08:42,"613 Forest St, Los Angeles, CA 90001"
195144,Vareebadd Phone,1,400,05/29/19 11:52,"814 Center St, San Francisco, CA 94016"
195145,AA Batteries (4-pack),1,3.84,05/16/19 07:32,"242 10th St, Los Angeles, CA 90001"
195146,AAA Batteries (4-pack),3,2.99,05/04/19 16:09,"137 7th St, Boston, MA 02215"
195147,Macbook Pro Laptop,1,1700,05/02/19 09:48,"247 Lake St, San Francisco, CA 94016"
195148,Apple Airpods Headphones,1,150,05/07/19 13:33,"145 Park St, New York City, NY 10001"
195149,Lightning Charging Cable,1,14.95,05/23/19 06:55,"831 Main St, San Francisco, CA 94016"
195150,AA Batteries (4-pack),1,3.84,05/02/19 21:17,"748 Center St, San Francisco, CA 94016"
195151,27in FHD Monitor,1,149.99,05/06/19 07:32,"287 Elm St, Los Angeles, CA 90001"
195152,27in 4K Gaming Monitor,1,389.99,05/19/19 09:05,"449 Adams St, Austin, TX 73301"
195153,AAA Batteries (4-pack),2,2.99,05/28/19 15:45,"424 Walnut St, Dallas, TX 75001"
195154,Bose SoundSport Headphones,1,99.99,05/17/19 13:30,"828 Walnut St, New York City, NY 10001"
195155,AAA Batteries (4-pack),1,2.99,05/23/19 08:40,"674 Highland St, Boston, MA 02215"
195156,AA Batteries (4-pack),4,3.84,05/07/19 11:49,"250 Meadow St, San Francisco, CA 94016"
195157,AAA Batteries (4-pack),1,2.99,05/30/19 09:50,"272 Park St, San Francisco, CA 94016"
195158,AAA Batteries (4-pack),2,2.99,05/01/19 23:43,"290 Johnson St, San Francisco, CA 94016"
195159,27in FHD Monitor,1,149.99,05/25/19 18:32,"968 Center St, New York City, NY 10001"
195160,Bose SoundSport Headphones,1,99.99,05/14/19 15:00,"218 Lincoln St, New York City, NY 10001"
195161,USB-C Charging Cable,1,11.95,05/03/19 15:37,"697 Cedar St, New York City, NY 10001"
195162,Google Phone,1,600,05/21/19 17:44,"587 13th St, Austin, TX 73301"
195163,USB-C Charging Cable,1,11.95,05/07/19 13:52,"115 Jackson St, Atlanta, GA 30301"
195164,Bose SoundSport Headphones,1,99.99,05/09/19 10:47,"546 Ridge St, Portland, OR 97035"
195165,Bose SoundSport Headphones,1,99.99,05/10/19 13:10,"708 Hickory St, Austin, TX 73301"
195166,AAA Batteries (4-pack),1,2.99,05/13/19 07:44,"528 7th St, Los Angeles, CA 90001"
195167,ThinkPad Laptop,1,999.99,05/21/19 07:15,"747 Church St, Atlanta, GA 30301"
195168,USB-C Charging Cable,1,11.95,05/16/19 17:07,"664 2nd St, New York City, NY 10001"
195169,Lightning Charging Cable,1,14.95,05/22/19 19:48,"637 Park St, Portland, OR 97035"
195170,Macbook Pro Laptop,1,1700,05/10/19 13:13,"963 9th St, San Francisco, CA 94016"
195171,Wired Headphones,2,11.99,05/20/19 22:46,"30 9th St, Atlanta, GA 30301"
195172,Apple Airpods Headphones,1,150,05/15/19 20:19,"294 Pine St, Los Angeles, CA 90001"
195173,Apple Airpods Headphones,1,150,05/02/19 21:33,"256 10th St, Seattle, WA 98101"
195174,Bose SoundSport Headphones,1,99.99,05/22/19 08:43,"951 Chestnut St, Los Angeles, CA 90001"
195175,Bose SoundSport Headphones,1,99.99,05/14/19 17:06,"633 1st St, Los Angeles, CA 90001"
195176,Google Phone,1,600,05/09/19 07:46,"554 Highland St, Los Angeles, CA 90001"
195177,AA Batteries (4-pack),1,3.84,05/29/19 14:05,"104 14th St, Atlanta, GA 30301"
195178,Lightning Charging Cable,1,14.95,05/12/19 22:13,"103 6th St, Austin, TX 73301"
195179,20in Monitor,1,109.99,05/29/19 14:12,"993 Willow St, New York City, NY 10001"
195180,Bose SoundSport Headphones,1,99.99,05/31/19 20:05,"949 7th St, Atlanta, GA 30301"
195181,Bose SoundSport Headphones,1,99.99,05/18/19 12:12,"258 Chestnut St, New York City, NY 10001"
195182,Macbook Pro Laptop,1,1700,05/27/19 22:14,"826 7th St, Dallas, TX 75001"
195183,AA Batteries (4-pack),1,3.84,05/22/19 12:06,"184 Jackson St, New York City, NY 10001"
195184,AA Batteries (4-pack),1,3.84,05/13/19 08:38,"410 Lincoln St, Dallas, TX 75001"
195185,iPhone,1,700,05/27/19 19:37,"355 Jackson St, Los Angeles, CA 90001"
195186,AA Batteries (4-pack),1,3.84,05/29/19 09:25,"824 1st St, Austin, TX 73301"
195187,Lightning Charging Cable,1,14.95,05/15/19 10:25,"872 Forest St, Dallas, TX 75001"
195188,AAA Batteries (4-pack),1,2.99,05/05/19 13:13,"9 West St, San Francisco, CA 94016"
195188,Bose SoundSport Headphones,1,99.99,05/05/19 13:13,"9 West St, San Francisco, CA 94016"
195189,USB-C Charging Cable,1,11.95,05/16/19 18:43,"584 8th St, Boston, MA 02215"
195190,Wired Headphones,1,11.99,05/25/19 12:21,"653 North St, Seattle, WA 98101"
195191,AA Batteries (4-pack),2,3.84,05/28/19 11:29,"430 Hill St, Los Angeles, CA 90001"
195192,Macbook Pro Laptop,1,1700,05/21/19 12:17,"510 West St, Los Angeles, CA 90001"
195192,AA Batteries (4-pack),3,3.84,05/21/19 12:17,"510 West St, Los Angeles, CA 90001"
195193,Lightning Charging Cable,1,14.95,05/24/19 11:38,"42 Walnut St, Seattle, WA 98101"
195194,Apple Airpods Headphones,1,150,05/16/19 03:41,"16 Washington St, Los Angeles, CA 90001"
195195,AAA Batteries (4-pack),2,2.99,05/19/19 22:55,"913 4th St, San Francisco, CA 94016"
195196,AA Batteries (4-pack),1,3.84,05/02/19 12:13,"877 Sunset St, New York City, NY 10001"
195197,AAA Batteries (4-pack),2,2.99,05/22/19 23:56,"279 Jefferson St, Los Angeles, CA 90001"
195198,ThinkPad Laptop,1,999.99,05/22/19 12:31,"632 Sunset St, Los Angeles, CA 90001"
195199,Lightning Charging Cable,1,14.95,05/09/19 22:16,"560 Walnut St, Dallas, TX 75001"
195200,Lightning Charging Cable,1,14.95,05/30/19 12:53,"14 Main St, Atlanta, GA 30301"
195201,Wired Headphones,1,11.99,05/30/19 16:54,"964 11th St, New York City, NY 10001"
195202,Wired Headphones,1,11.99,05/15/19 18:58,"194 Sunset St, New York City, NY 10001"
195203,USB-C Charging Cable,1,11.95,05/23/19 21:38,"411 6th St, San Francisco, CA 94016"
195204,Google Phone,1,600,05/04/19 14:47,"447 Hickory St, Boston, MA 02215"
195205,Apple Airpods Headphones,1,150,05/24/19 14:06,"856 1st St, Atlanta, GA 30301"
195206,Apple Airpods Headphones,1,150,05/22/19 10:53,"158 Cherry St, Los Angeles, CA 90001"
195207,Bose SoundSport Headphones,1,99.99,05/18/19 00:08,"574 8th St, Boston, MA 02215"
195208,Bose SoundSport Headphones,1,99.99,05/11/19 19:11,"354 14th St, San Francisco, CA 94016"
195209,Bose SoundSport Headphones,1,99.99,05/12/19 13:19,"255 Elm St, Austin, TX 73301"
195210,AAA Batteries (4-pack),2,2.99,05/23/19 08:46,"197 8th St, Dallas, TX 75001"
195211,AA Batteries (4-pack),1,3.84,05/28/19 21:15,"12 Cherry St, San Francisco, CA 94016"
195212,Google Phone,1,600,05/23/19 01:07,"87 Wilson St, New York City, NY 10001"
195213,Wired Headphones,1,11.99,05/01/19 17:29,"996 Ridge St, Atlanta, GA 30301"
195214,Flatscreen TV,1,300,05/24/19 23:15,"725 Chestnut St, Dallas, TX 75001"
195215,AA Batteries (4-pack),1,3.84,05/12/19 15:28,"566 11th St, San Francisco, CA 94016"
195216,AA Batteries (4-pack),1,3.84,05/07/19 15:48,"47 Wilson St, Dallas, TX 75001"
195217,Lightning Charging Cable,1,14.95,05/12/19 20:10,"733 Lakeview St, Portland, OR 97035"
195218,Lightning Charging Cable,1,14.95,05/26/19 14:43,"203 Main St, Los Angeles, CA 90001"
195219,Bose SoundSport Headphones,1,99.99,05/23/19 14:34,"418 6th St, New York City, NY 10001"
195220,AAA Batteries (4-pack),1,2.99,05/21/19 10:37,"810 Lake St, Dallas, TX 75001"
195221,20in Monitor,1,109.99,05/12/19 13:35,"411 Church St, New York City, NY 10001"
195222,AA Batteries (4-pack),1,3.84,05/03/19 19:32,"530 Jackson St, Portland, OR 97035"
195223,AA Batteries (4-pack),1,3.84,05/12/19 10:06,"166 Lake St, Seattle, WA 98101"
195224,iPhone,1,700,05/13/19 14:00,"463 10th St, Dallas, TX 75001"
195224,Lightning Charging Cable,1,14.95,05/13/19 14:00,"463 10th St, Dallas, TX 75001"
195225,AAA Batteries (4-pack),1,2.99,05/24/19 05:40,"719 Maple St, New York City, NY 10001"
195226,Google Phone,1,600,05/29/19 12:22,"875 Park St, San Francisco, CA 94016"
195227,Lightning Charging Cable,1,14.95,05/29/19 18:56,"810 Dogwood St, Austin, TX 73301"
195228,USB-C Charging Cable,1,11.95,05/01/19 11:19,"739 7th St, Los Angeles, CA 90001"
195229,Bose SoundSport Headphones,1,99.99,05/22/19 21:57,"728 Walnut St, Boston, MA 02215"
195230,iPhone,1,700,05/05/19 10:23,"535 9th St, Boston, MA 02215"
195231,ThinkPad Laptop,1,999.99,05/29/19 23:06,"49 Lakeview St, Boston, MA 02215"
195232,Apple Airpods Headphones,1,150,05/30/19 11:11,"736 Spruce St, Los Angeles, CA 90001"
195233,AA Batteries (4-pack),1,3.84,05/18/19 22:03,"571 14th St, Atlanta, GA 30301"
195234,Bose SoundSport Headphones,1,99.99,05/21/19 12:25,"63 12th St, Dallas, TX 75001"
195235,27in 4K Gaming Monitor,1,389.99,05/21/19 11:55,"597 River St, New York City, NY 10001"
195236,AA Batteries (4-pack),1,3.84,05/26/19 01:46,"264 Ridge St, Dallas, TX 75001"
195237,Apple Airpods Headphones,1,150,05/09/19 23:57,"841 Forest St, San Francisco, CA 94016"
195238,USB-C Charging Cable,1,11.95,05/29/19 15:18,"497 8th St, San Francisco, CA 94016"
195239,Google Phone,1,600,05/15/19 09:39,"331 14th St, Dallas, TX 75001"
195240,Lightning Charging Cable,1,14.95,05/20/19 10:36,"911 4th St, Boston, MA 02215"
195241,AA Batteries (4-pack),1,3.84,05/31/19 17:07,"917 Dogwood St, Boston, MA 02215"
195242,Lightning Charging Cable,1,14.95,05/13/19 15:44,"277 Wilson St, Seattle, WA 98101"
195243,Lightning Charging Cable,1,14.95,05/23/19 16:08,"635 8th St, Portland, OR 97035"
195244,AA Batteries (4-pack),1,3.84,05/18/19 04:29,"378 Elm St, Los Angeles, CA 90001"
195245,34in Ultrawide Monitor,1,379.99,05/04/19 18:21,"274 Meadow St, Los Angeles, CA 90001"
195246,AA Batteries (4-pack),1,3.84,05/16/19 21:02,"722 Chestnut St, Dallas, TX 75001"
195247,iPhone,1,700,05/11/19 14:46,"473 11th St, San Francisco, CA 94016"
195247,Lightning Charging Cable,1,14.95,05/11/19 14:46,"473 11th St, San Francisco, CA 94016"
195248,Flatscreen TV,1,300,05/03/19 01:14,"194 Elm St, Boston, MA 02215"
195249,AA Batteries (4-pack),2,3.84,05/23/19 14:57,"28 Hickory St, Seattle, WA 98101"
195250,34in Ultrawide Monitor,1,379.99,05/16/19 11:05,"722 Washington St, San Francisco, CA 94016"
195251,Apple Airpods Headphones,1,150,05/19/19 14:36,"401 Maple St, Atlanta, GA 30301"
195252,Apple Airpods Headphones,1,150,05/01/19 11:29,"731 7th St, Seattle, WA 98101"
195253,Lightning Charging Cable,1,14.95,05/11/19 00:11,"811 Park St, Portland, ME 04101"
195254,Apple Airpods Headphones,1,150,05/04/19 20:09,"628 Main St, Dallas, TX 75001"
195255,Flatscreen TV,1,300,05/09/19 19:16,"856 Jackson St, Dallas, TX 75001"
195256,Google Phone,1,600,05/04/19 20:40,"621 Hill St, Los Angeles, CA 90001"
195256,USB-C Charging Cable,1,11.95,05/04/19 20:40,"621 Hill St, Los Angeles, CA 90001"
195257,Lightning Charging Cable,1,14.95,05/22/19 09:39,"518 Hill St, Dallas, TX 75001"
195258,Apple Airpods Headphones,1,150,05/06/19 17:26,"242 Center St, Dallas, TX 75001"
195259,iPhone,1,700,05/02/19 11:19,"949 Adams St, Seattle, WA 98101"
195260,Apple Airpods Headphones,1,150,05/29/19 10:34,"823 Cedar St, Los Angeles, CA 90001"
195261,Wired Headphones,1,11.99,05/18/19 18:01,"563 Washington St, Boston, MA 02215"
195262,AA Batteries (4-pack),1,3.84,05/13/19 22:41,"287 Walnut St, New York City, NY 10001"
195263,Lightning Charging Cable,1,14.95,05/19/19 21:58,"415 Lakeview St, Atlanta, GA 30301"
195264,AA Batteries (4-pack),2,3.84,05/05/19 14:47,"453 9th St, Atlanta, GA 30301"
195265,AA Batteries (4-pack),1,3.84,05/27/19 22:15,"751 Cedar St, Austin, TX 73301"
195266,USB-C Charging Cable,2,11.95,05/17/19 10:12,"648 Meadow St, Boston, MA 02215"
195267,Bose SoundSport Headphones,1,99.99,05/06/19 11:49,"322 Pine St, New York City, NY 10001"
195268,Google Phone,1,600,05/31/19 22:15,"726 Walnut St, Seattle, WA 98101"
195269,Google Phone,1,600,05/07/19 08:35,"181 Hickory St, New York City, NY 10001"
195270,Wired Headphones,1,11.99,05/01/19 21:56,"126 Washington St, Los Angeles, CA 90001"
195271,AA Batteries (4-pack),1,3.84,05/11/19 14:44,"323 9th St, Boston, MA 02215"
195272,Bose SoundSport Headphones,1,99.99,05/01/19 10:32,"301 South St, San Francisco, CA 94016"
195273,USB-C Charging Cable,1,11.95,05/18/19 14:40,"205 Cherry St, Dallas, TX 75001"
195274,ThinkPad Laptop,1,999.99,05/03/19 15:23,"543 Church St, San Francisco, CA 94016"
195275,27in FHD Monitor,1,149.99,05/10/19 11:27,"828 5th St, Portland, OR 97035"
195276,Wired Headphones,2,11.99,05/13/19 06:52,"654 Highland St, Austin, TX 73301"
195277,Apple Airpods Headphones,1,150,05/20/19 23:25,"104 6th St, San Francisco, CA 94016"
195278,Wired Headphones,1,11.99,05/11/19 17:14,"437 Maple St, Seattle, WA 98101"
195279,Wired Headphones,1,11.99,05/09/19 20:01,"445 West St, Atlanta, GA 30301"
195280,34in Ultrawide Monitor,1,379.99,05/21/19 13:47,"531 1st St, San Francisco, CA 94016"
195281,Google Phone,1,600,05/10/19 09:15,"709 Maple St, San Francisco, CA 94016"
195282,USB-C Charging Cable,1,11.95,05/28/19 20:51,"117 Main St, New York City, NY 10001"
195283,iPhone,1,700,05/28/19 12:45,"514 2nd St, Seattle, WA 98101"
195283,Lightning Charging Cable,1,14.95,05/28/19 12:45,"514 2nd St, Seattle, WA 98101"
195284,Macbook Pro Laptop,1,1700,05/18/19 12:27,"386 Madison St, Portland, ME 04101"
195285,Google Phone,1,600,05/30/19 11:15,"974 12th St, Austin, TX 73301"
195286,20in Monitor,1,109.99,05/28/19 20:00,"775 5th St, Atlanta, GA 30301"
195287,ThinkPad Laptop,1,999.99,05/06/19 14:27,"407 Church St, Portland, OR 97035"
195288,Macbook Pro Laptop,1,1700,05/12/19 18:57,"176 Lakeview St, San Francisco, CA 94016"
195289,Lightning Charging Cable,1,14.95,05/31/19 10:12,"417 Elm St, Boston, MA 02215"
195290,AAA Batteries (4-pack),1,2.99,05/05/19 18:59,"318 Lincoln St, New York City, NY 10001"
195291,USB-C Charging Cable,1,11.95,05/23/19 12:52,"304 Chestnut St, Seattle, WA 98101"
195292,Lightning Charging Cable,1,14.95,05/06/19 20:40,"112 Hickory St, Boston, MA 02215"
195293,AA Batteries (4-pack),1,3.84,05/05/19 00:13,"852 Jefferson St, Seattle, WA 98101"
195294,AA Batteries (4-pack),1,3.84,05/21/19 18:48,"803 Main St, Boston, MA 02215"
195295,Flatscreen TV,1,300,05/10/19 12:47,"821 South St, Dallas, TX 75001"
195296,ThinkPad Laptop,1,999.99,05/16/19 11:27,"55 Lakeview St, San Francisco, CA 94016"
195296,Bose SoundSport Headphones,1,99.99,05/16/19 11:27,"55 Lakeview St, San Francisco, CA 94016"
195297,27in FHD Monitor,1,149.99,05/30/19 17:49,"298 Church St, Dallas, TX 75001"
195298,AA Batteries (4-pack),1,3.84,05/11/19 20:04,"245 Hickory St, Boston, MA 02215"
195299,Lightning Charging Cable,1,14.95,05/30/19 19:33,"237 North St, Dallas, TX 75001"
195299,Lightning Charging Cable,1,14.95,05/30/19 19:33,"237 North St, Dallas, TX 75001"
195300,AA Batteries (4-pack),1,3.84,05/30/19 22:20,"380 5th St, San Francisco, CA 94016"
195301,Lightning Charging Cable,1,14.95,05/09/19 15:01,"878 Ridge St, San Francisco, CA 94016"
195302,AAA Batteries (4-pack),2,2.99,05/30/19 07:05,"610 Meadow St, Dallas, TX 75001"
195303,AA Batteries (4-pack),1,3.84,05/22/19 18:54,"169 Johnson St, San Francisco, CA 94016"
195304,iPhone,1,700,05/01/19 12:28,"922 Washington St, San Francisco, CA 94016"
195305,AAA Batteries (4-pack),2,2.99,05/29/19 10:20,"320 Cedar St, Boston, MA 02215"
195306,Wired Headphones,1,11.99,05/02/19 11:08,"347 Chestnut St, New York City, NY 10001"
195307,USB-C Charging Cable,1,11.95,05/25/19 17:23,"762 Jackson St, Dallas, TX 75001"
195308,iPhone,1,700,05/05/19 12:05,"180 Willow St, New York City, NY 10001"
195309,Wired Headphones,1,11.99,05/22/19 23:03,"823 2nd St, Los Angeles, CA 90001"
195310,34in Ultrawide Monitor,2,379.99,05/14/19 19:27,"612 Jackson St, New York City, NY 10001"
195311,AAA Batteries (4-pack),1,2.99,05/01/19 15:47,"393 Center St, Dallas, TX 75001"
195312,Macbook Pro Laptop,1,1700,05/25/19 19:32,"419 Hickory St, Dallas, TX 75001"
195313,AAA Batteries (4-pack),4,2.99,05/09/19 13:45,"182 10th St, Dallas, TX 75001"
195314,Apple Airpods Headphones,1,150,05/14/19 10:35,"636 14th St, Atlanta, GA 30301"
195315,27in FHD Monitor,1,149.99,05/26/19 13:31,"850 Maple St, Los Angeles, CA 90001"
195316,Lightning Charging Cable,1,14.95,05/21/19 12:57,"395 6th St, San Francisco, CA 94016"
195317,iPhone,1,700,05/10/19 16:03,"845 Willow St, Atlanta, GA 30301"
195318,Apple Airpods Headphones,1,150,05/26/19 18:58,"924 Center St, Portland, OR 97035"
195319,AAA Batteries (4-pack),1,2.99,05/10/19 12:46,"275 Chestnut St, Dallas, TX 75001"
195320,20in Monitor,1,109.99,05/03/19 16:48,"172 2nd St, San Francisco, CA 94016"
195321,27in 4K Gaming Monitor,1,389.99,05/08/19 09:56,"646 5th St, Seattle, WA 98101"
195322,USB-C Charging Cable,1,11.95,05/29/19 14:40,"879 10th St, New York City, NY 10001"
195323,34in Ultrawide Monitor,1,379.99,05/11/19 10:17,"236 Walnut St, Portland, OR 97035"
195324,Wired Headphones,1,11.99,05/01/19 20:59,"784 Ridge St, Seattle, WA 98101"
195325,AA Batteries (4-pack),1,3.84,05/11/19 14:02,"274 Pine St, Atlanta, GA 30301"
195326,Apple Airpods Headphones,1,150,05/20/19 17:23,"784 Lakeview St, San Francisco, CA 94016"
195327,AA Batteries (4-pack),2,3.84,05/17/19 20:01,"875 Main St, Austin, TX 73301"
195328,Google Phone,1,600,05/03/19 13:30,"589 Walnut St, Boston, MA 02215"
195328,USB-C Charging Cable,1,11.95,05/03/19 13:30,"589 Walnut St, Boston, MA 02215"
195329,Flatscreen TV,1,300,05/23/19 08:05,"121 13th St, San Francisco, CA 94016"
195330,Lightning Charging Cable,1,14.95,05/17/19 09:37,"370 8th St, Portland, OR 97035"
195331,AAA Batteries (4-pack),1,2.99,05/01/19 16:15,"224 Hickory St, Los Angeles, CA 90001"
195332,Apple Airpods Headphones,1,150,05/11/19 11:54,"438 9th St, Los Angeles, CA 90001"
195333,AA Batteries (4-pack),1,3.84,05/14/19 22:12,"745 Walnut St, Portland, OR 97035"
195334,USB-C Charging Cable,1,11.95,05/02/19 12:44,"398 4th St, San Francisco, CA 94016"
195335,AA Batteries (4-pack),3,3.84,05/07/19 13:09,"740 North St, New York City, NY 10001"
195336,iPhone,1,700,05/27/19 14:12,"399 11th St, Boston, MA 02215"
195337,USB-C Charging Cable,1,11.95,05/09/19 18:20,"926 Cherry St, San Francisco, CA 94016"
195338,Bose SoundSport Headphones,1,99.99,05/17/19 18:29,"630 9th St, Dallas, TX 75001"
Order ID,Product,Quantity Ordered,Price Each,Order Date,Purchase Address
195339,27in FHD Monitor,1,149.99,05/13/19 18:54,"886 1st St, Boston, MA 02215"
195340,AAA Batteries (4-pack),2,2.99,05/06/19 14:19,"354 6th St, Los Angeles, CA 90001"
195341,USB-C Charging Cable,1,11.95,05/20/19 20:59,"974 1st St, Dallas, TX 75001"
195342,Bose SoundSport Headphones,1,99.99,05/23/19 17:08,"290 11th St, Los Angeles, CA 90001"
195343,AA Batteries (4-pack),1,3.84,05/27/19 22:25,"627 Jefferson St, Dallas, TX 75001"
195344,27in FHD Monitor,1,149.99,05/08/19 09:27,"968 Hill St, Los Angeles, CA 90001"
195345,AAA Batteries (4-pack),2,2.99,05/15/19 21:26,"299 Willow St, Dallas, TX 75001"
195346,Apple Airpods Headphones,1,150,05/06/19 13:34,"267 6th St, Austin, TX 73301"
195347,ThinkPad Laptop,1,999.99,05/29/19 11:44,"425 Hickory St, Los Angeles, CA 90001"
195348,Lightning Charging Cable,1,14.95,05/08/19 20:07,"160 West St, Atlanta, GA 30301"
195349,27in FHD Monitor,1,149.99,05/27/19 12:03,"60 West St, San Francisco, CA 94016"
195350,Bose SoundSport Headphones,1,99.99,05/10/19 17:12,"204 Lincoln St, Dallas, TX 75001"
195351,Lightning Charging Cable,1,14.95,05/11/19 07:59,"853 Main St, San Francisco, CA 94016"
195352,27in FHD Monitor,1,149.99,05/28/19 18:51,"826 South St, Los Angeles, CA 90001"
195353,USB-C Charging Cable,1,11.95,05/19/19 20:51,"939 Cedar St, Portland, ME 04101"
195354,AA Batteries (4-pack),1,3.84,05/07/19 21:13,"920 Jackson St, Boston, MA 02215"
195355,Bose SoundSport Headphones,1,99.99,05/28/19 20:17,"789 North St, Portland, OR 97035"
195356,Lightning Charging Cable,1,14.95,05/16/19 22:22,"93 Chestnut St, Boston, MA 02215"
195357,AA Batteries (4-pack),1,3.84,05/22/19 19:03,"501 Jackson St, Portland, OR 97035"
195358,Google Phone,1,600,05/15/19 18:17,"103 13th St, Boston, MA 02215"
195359,AA Batteries (4-pack),1,3.84,05/09/19 12:56,"676 Jefferson St, San Francisco, CA 94016"
195360,Wired Headphones,1,11.99,05/13/19 16:45,"48 Adams St, Los Angeles, CA 90001"
195361,Wired Headphones,1,11.99,05/16/19 13:10,"67 Adams St, Los Angeles, CA 90001"
195362,27in 4K Gaming Monitor,1,389.99,05/25/19 13:37,"763 Lakeview St, Dallas, TX 75001"
195363,AAA Batteries (4-pack),2,2.99,05/22/19 14:32,"876 Church St, Boston, MA 02215"
195364,AA Batteries (4-pack),1,3.84,05/15/19 15:22,"564 Cedar St, Seattle, WA 98101"
195365,AAA Batteries (4-pack),3,2.99,05/30/19 13:39,"569 Center St, San Francisco, CA 94016"
195366,27in 4K Gaming Monitor,1,389.99,05/25/19 23:50,"131 Wilson St, New York City, NY 10001"
195367,Macbook Pro Laptop,1,1700,05/11/19 17:19,"269 Sunset St, Seattle, WA 98101"
195368,Wired Headphones,1,11.99,05/13/19 11:49,"454 8th St, New York City, NY 10001"
195369,Lightning Charging Cable,1,14.95,05/01/19 21:38,"120 Lake St, San Francisco, CA 94016"
195370,ThinkPad Laptop,1,999.99,05/20/19 18:40,"806 5th St, San Francisco, CA 94016"
195371,AAA Batteries (4-pack),1,2.99,05/11/19 10:12,"924 Forest St, San Francisco, CA 94016"
195372,Lightning Charging Cable,1,14.95,05/27/19 15:15,"376 West St, Boston, MA 02215"
195373,AAA Batteries (4-pack),1,2.99,05/27/19 16:36,"279 Lakeview St, New York City, NY 10001"
195374,27in 4K Gaming Monitor,1,389.99,05/25/19 12:45,"996 River St, New York City, NY 10001"
Order ID,Product,Quantity Ordered,Price Each,Order Date,Purchase Address
195375,34in Ultrawide Monitor,1,379.99,05/28/19 08:43,"215 Chestnut St, New York City, NY 10001"
195376,20in Monitor,1,109.99,05/22/19 16:02,"727 South St, Seattle, WA 98101"
195377,Google Phone,1,600,05/29/19 14:32,"97 5th St, Los Angeles, CA 90001"
195377,USB-C Charging Cable,1,11.95,05/29/19 14:32,"97 5th St, Los Angeles, CA 90001"
195378,AAA Batteries (4-pack),2,2.99,05/12/19 13:54,"361 Church St, San Francisco, CA 94016"
195379,USB-C Charging Cable,1,11.95,05/23/19 21:04,"759 Forest St, Atlanta, GA 30301"
195380,27in 4K Gaming Monitor,1,389.99,05/02/19 17:43,"614 12th St, Dallas, TX 75001"
195381,AAA Batteries (4-pack),1,2.99,05/08/19 17:08,"893 5th St, Boston, MA 02215"
195382,Wired Headphones,1,11.99,05/28/19 11:17,"27 South St, Los Angeles, CA 90001"
195383,USB-C Charging Cable,1,11.95,05/19/19 16:14,"64 8th St, Boston, MA 02215"
195384,Lightning Charging Cable,1,14.95,05/23/19 22:53,"910 Highland St, Boston, MA 02215"
195385,USB-C Charging Cable,1,11.95,05/04/19 08:36,"325 Madison St, Portland, OR 97035"
195386,Lightning Charging Cable,1,14.95,05/07/19 22:26,"501 Maple St, San Francisco, CA 94016"
195387,AA Batteries (4-pack),1,3.84,05/08/19 18:51,"985 Jefferson St, Portland, ME 04101"
195388,Wired Headphones,1,11.99,05/02/19 18:20,"512 13th St, Boston, MA 02215"
195389,USB-C Charging Cable,1,11.95,05/13/19 13:53,"492 South St, New York City, NY 10001"
195390,USB-C Charging Cable,1,11.95,05/09/19 19:25,"485 Park St, Dallas, TX 75001"
195391,iPhone,1,700,05/28/19 10:01,"338 Hickory St, San Francisco, CA 94016"
195392,AA Batteries (4-pack),1,3.84,05/24/19 20:55,"727 9th St, San Francisco, CA 94016"
195393,AAA Batteries (4-pack),1,2.99,05/28/19 14:21,"933 Washington St, San Francisco, CA 94016"
195394,27in 4K Gaming Monitor,1,389.99,05/16/19 22:13,"316 Cherry St, San Francisco, CA 94016"
195395,AAA Batteries (4-pack),2,2.99,05/03/19 13:39,"563 Hill St, Boston, MA 02215"
195396,AAA Batteries (4-pack),1,2.99,05/29/19 04:01,"509 Main St, San Francisco, CA 94016"
195397,20in Monitor,1,109.99,05/24/19 08:42,"724 4th St, San Francisco, CA 94016"
195398,USB-C Charging Cable,1,11.95,05/01/19 23:58,"527 Lakeview St, Boston, MA 02215"
195399,USB-C Charging Cable,1,11.95,05/10/19 13:42,"329 Forest St, Atlanta, GA 30301"
195400,iPhone,1,700,05/01/19 23:31,"10 Maple St, Los Angeles, CA 90001"
195400,Lightning Charging Cable,1,14.95,05/01/19 23:31,"10 Maple St, Los Angeles, CA 90001"
195401,27in 4K Gaming Monitor,1,389.99,05/05/19 09:08,"126 Hill St, San Francisco, CA 94016"
195402,Apple Airpods Headphones,1,150,05/14/19 13:26,"279 Pine St, Atlanta, GA 30301"
195403,Bose SoundSport Headphones,1,99.99,05/12/19 09:31,"985 Spruce St, Dallas, TX 75001"
195404,Apple Airpods Headphones,1,150,05/02/19 22:02,"401 Chestnut St, Atlanta, GA 30301"
195404,Google Phone,1,600,05/02/19 22:02,"401 Chestnut St, Atlanta, GA 30301"
195405,iPhone,1,700,05/28/19 15:25,"869 Dogwood St, Atlanta, GA 30301"
195405,Lightning Charging Cable,1,14.95,05/28/19 15:25,"869 Dogwood St, Atlanta, GA 30301"
195406,iPhone,1,700,05/09/19 12:12,"202 Church St, Los Angeles, CA 90001"
195407,Bose SoundSport Headphones,1,99.99,05/08/19 13:15,"583 9th St, Los Angeles, CA 90001"
195408,ThinkPad Laptop,1,999.99,05/11/19 23:02,"35 Chestnut St, Atlanta, GA 30301"
195409,27in 4K Gaming Monitor,1,389.99,05/22/19 18:46,"668 Park St, Atlanta, GA 30301"
195410,AA Batteries (4-pack),3,3.84,05/09/19 12:59,"380 Main St, New York City, NY 10001"
195411,34in Ultrawide Monitor,1,379.99,05/02/19 20:38,"345 Walnut St, Seattle, WA 98101"
195412,Bose SoundSport Headphones,1,99.99,05/25/19 20:16,"980 West St, Austin, TX 73301"
195413,LG Dryer,1,600.0,05/17/19 12:49,"70 Lakeview St, San Francisco, CA 94016"
195414,AA Batteries (4-pack),1,3.84,05/14/19 13:55,"641 10th St, Los Angeles, CA 90001"
195415,AAA Batteries (4-pack),1,2.99,05/19/19 10:38,"79 Dogwood St, San Francisco, CA 94016"
195416,Apple Airpods Headphones,1,150,05/22/19 13:33,"44 South St, Atlanta, GA 30301"
195417,Vareebadd Phone,1,400,05/05/19 09:51,"510 11th St, San Francisco, CA 94016"
195417,Bose SoundSport Headphones,1,99.99,05/05/19 09:51,"510 11th St, San Francisco, CA 94016"
195418,Wired Headphones,1,11.99,05/10/19 08:05,"516 12th St, Dallas, TX 75001"
195419,Lightning Charging Cable,2,14.95,05/21/19 18:04,"135 Chestnut St, San Francisco, CA 94016"
195420,Wired Headphones,1,11.99,05/29/19 23:21,"56 Walnut St, Seattle, WA 98101"
195421,27in FHD Monitor,1,149.99,05/24/19 00:02,"978 Sunset St, Boston, MA 02215"
195422,Lightning Charging Cable,1,14.95,05/06/19 10:32,"493 Chestnut St, Atlanta, GA 30301"
195423,34in Ultrawide Monitor,1,379.99,05/06/19 10:26,"517 Pine St, Los Angeles, CA 90001"
195424,LG Washing Machine,1,600.0,05/05/19 17:56,"692 13th St, Atlanta, GA 30301"
195425,AAA Batteries (4-pack),1,2.99,05/28/19 21:40,"22 Dogwood St, Portland, OR 97035"
195426,iPhone,1,700,05/05/19 14:08,"17 Lakeview St, Boston, MA 02215"
195426,Lightning Charging Cable,1,14.95,05/05/19 14:08,"17 Lakeview St, Boston, MA 02215"
195427,Wired Headphones,1,11.99,05/12/19 10:08,"79 Meadow St, New York City, NY 10001"
195428,Apple Airpods Headphones,1,150,05/26/19 10:55,"528 Pine St, Los Angeles, CA 90001"
195429,USB-C Charging Cable,1,11.95,05/17/19 12:53,"590 Adams St, Boston, MA 02215"
195430,AAA Batteries (4-pack),2,2.99,05/11/19 14:04,"542 Johnson St, Los Angeles, CA 90001"
195431,Apple Airpods Headphones,1,150,05/12/19 12:51,"740 Ridge St, New York City, NY 10001"
195432,AAA Batteries (4-pack),3,2.99,05/13/19 12:31,"881 13th St, Atlanta, GA 30301"
195433,AAA Batteries (4-pack),1,2.99,05/26/19 13:02,"513 West St, Dallas, TX 75001"
195434,Lightning Charging Cable,1,14.95,05/07/19 23:01,"957 1st St, Atlanta, GA 30301"
195435,Google Phone,1,600,05/16/19 18:39,"164 Jackson St, Los Angeles, CA 90001"
195436,20in Monitor,1,109.99,05/14/19 18:18,"240 6th St, Boston, MA 02215"
195437,Wired Headphones,1,11.99,05/04/19 11:14,"856 7th St, Boston, MA 02215"
195438,AAA Batteries (4-pack),1,2.99,05/21/19 14:03,"96 Walnut St, Seattle, WA 98101"
195439,LG Dryer,1,600.0,05/20/19 21:13,"176 12th St, Seattle, WA 98101"
195440,Macbook Pro Laptop,1,1700,05/05/19 22:49,"986 13th St, San Francisco, CA 94016"
195441,Lightning Charging Cable,1,14.95,05/05/19 22:32,"401 Cherry St, New York City, NY 10001"
195442,Lightning Charging Cable,2,14.95,05/30/19 04:34,"102 Meadow St, Los Angeles, CA 90001"
195443,Bose SoundSport Headphones,2,99.99,05/19/19 13:47,"587 Elm St, San Francisco, CA 94016"
195444,Lightning Charging Cable,1,14.95,05/26/19 21:50,"382 Jefferson St, San Francisco, CA 94016"
195445,Google Phone,1,600,05/30/19 19:35,"298 Lincoln St, New York City, NY 10001"
195446,USB-C Charging Cable,1,11.95,05/06/19 11:07,"488 Walnut St, Los Angeles, CA 90001"
195447,AA Batteries (4-pack),1,3.84,05/03/19 21:10,"831 14th St, San Francisco, CA 94016"
195448,Lightning Charging Cable,1,14.95,05/18/19 17:44,"529 Maple St, New York City, NY 10001"
195449,34in Ultrawide Monitor,1,379.99,05/21/19 06:08,"696 5th St, San Francisco, CA 94016"
195450,Bose SoundSport Headphones,1,99.99,05/18/19 09:01,"204 5th St, Dallas, TX 75001"
195451,LG Dryer,1,600.0,05/28/19 15:52,"498 Chestnut St, Los Angeles, CA 90001"
195452,iPhone,1,700,05/16/19 09:24,"760 Hickory St, Los Angeles, CA 90001"
195453,Bose SoundSport Headphones,1,99.99,05/02/19 20:04,"371 Center St, Los Angeles, CA 90001"
195454,Wired Headphones,1,11.99,05/16/19 00:52,"243 Park St, Dallas, TX 75001"
195455,iPhone,1,700,05/01/19 14:52,"804 Spruce St, San Francisco, CA 94016"
195456,USB-C Charging Cable,1,11.95,05/25/19 00:31,"114 Willow St, Seattle, WA 98101"
195457,Lightning Charging Cable,1,14.95,05/30/19 10:27,"938 Park St, San Francisco, CA 94016"
195458,Apple Airpods Headphones,1,150,05/02/19 11:26,"292 Willow St, Los Angeles, CA 90001"
195459,Wired Headphones,2,11.99,05/31/19 21:53,"531 Cedar St, Portland, OR 97035"
195460,34in Ultrawide Monitor,1,379.99,05/23/19 14:33,"125 Jackson St, San Francisco, CA 94016"
195461,iPhone,1,700,05/08/19 15:50,"972 Sunset St, Los Angeles, CA 90001"
195461,Wired Headphones,1,11.99,05/08/19 15:50,"972 Sunset St, Los Angeles, CA 90001"
195462,27in FHD Monitor,1,149.99,05/10/19 13:15,"222 11th St, New York City, NY 10001"
195463,AA Batteries (4-pack),1,3.84,05/21/19 19:25,"110 South St, Dallas, TX 75001"
195464,AA Batteries (4-pack),1,3.84,05/28/19 20:33,"606 2nd St, Dallas, TX 75001"
195465,AAA Batteries (4-pack),3,2.99,05/27/19 23:45,"366 River St, New York City, NY 10001"
195466,AAA Batteries (4-pack),1,2.99,05/19/19 20:06,"463 10th St, Seattle, WA 98101"
195467,USB-C Charging Cable,3,11.95,05/20/19 20:42,"656 Ridge St, Portland, OR 97035"
195468,AAA Batteries (4-pack),1,2.99,05/30/19 19:28,"941 West St, Seattle, WA 98101"
195468,27in FHD Monitor,1,149.99,05/30/19 19:28,"941 West St, Seattle, WA 98101"
195469,Lightning Charging Cable,1,14.95,05/14/19 22:18,"146 Highland St, New York City, NY 10001"
195470,Lightning Charging Cable,2,14.95,05/22/19 13:14,"388 River St, Los Angeles, CA 90001"
195471,AA Batteries (4-pack),1,3.84,05/01/19 19:45,"416 Hill St, Atlanta, GA 30301"
195472,27in 4K Gaming Monitor,1,389.99,05/31/19 17:00,"916 Madison St, Dallas, TX 75001"
195473,Bose SoundSport Headphones,1,99.99,05/05/19 12:36,"302 Washington St, Dallas, TX 75001"
195474,USB-C Charging Cable,1,11.95,05/15/19 12:16,"308 River St, New York City, NY 10001"
195475,iPhone,1,700,05/19/19 09:30,"566 2nd St, San Francisco, CA 94016"
195475,Lightning Charging Cable,1,14.95,05/19/19 09:30,"566 2nd St, San Francisco, CA 94016"
195475,Wired Headphones,2,11.99,05/19/19 09:30,"566 2nd St, San Francisco, CA 94016"
195476,USB-C Charging Cable,1,11.95,05/09/19 08:45,"804 13th St, San Francisco, CA 94016"
195477,LG Washing Machine,1,600.0,05/24/19 19:55,"474 13th St, Dallas, TX 75001"
195478,20in Monitor,1,109.99,05/29/19 09:56,"424 Elm St, Austin, TX 73301"
195479,Lightning Charging Cable,1,14.95,05/28/19 16:33,"672 River St, San Francisco, CA 94016"
195480,Macbook Pro Laptop,1,1700,05/15/19 20:44,"546 11th St, Austin, TX 73301"
195481,AA Batteries (4-pack),1,3.84,05/10/19 21:34,"527 Hill St, Seattle, WA 98101"
195482,Bose SoundSport Headphones,1,99.99,05/27/19 11:59,"231 9th St, San Francisco, CA 94016"
195483,Wired Headphones,1,11.99,05/27/19 12:40,"636 Wilson St, Atlanta, GA 30301"
195484,Lightning Charging Cable,1,14.95,05/29/19 07:02,"885 Madison St, New York City, NY 10001"
195485,AAA Batteries (4-pack),4,2.99,05/26/19 19:17,"119 Center St, San Francisco, CA 94016"
195486,Google Phone,1,600,05/08/19 16:23,"40 Washington St, Austin, TX 73301"
195486,USB-C Charging Cable,1,11.95,05/08/19 16:23,"40 Washington St, Austin, TX 73301"
195487,iPhone,1,700,05/24/19 05:50,"256 Highland St, San Francisco, CA 94016"
195487,Lightning Charging Cable,4,14.95,05/24/19 05:50,"256 Highland St, San Francisco, CA 94016"
195488,USB-C Charging Cable,1,11.95,05/25/19 22:15,"621 7th St, Portland, OR 97035"
195489,ThinkPad Laptop,1,999.99,05/26/19 19:06,"996 Pine St, Seattle, WA 98101"
195490,Bose SoundSport Headphones,1,99.99,05/14/19 12:19,"286 6th St, San Francisco, CA 94016"
195491,Wired Headphones,1,11.99,05/06/19 19:49,"779 Pine St, Boston, MA 02215"
195492,AA Batteries (4-pack),2,3.84,05/17/19 08:16,"757 West St, Dallas, TX 75001"
195493,27in 4K Gaming Monitor,1,389.99,05/26/19 18:53,"458 Church St, Boston, MA 02215"
195494,AA Batteries (4-pack),1,3.84,05/19/19 09:41,"116 Chestnut St, New York City, NY 10001"
195495,Bose SoundSport Headphones,1,99.99,05/04/19 14:28,"541 North St, Atlanta, GA 30301"
195496,27in FHD Monitor,1,149.99,05/12/19 21:02,"392 8th St, San Francisco, CA 94016"
195497,Lightning Charging Cable,1,14.95,05/18/19 13:25,"87 Lakeview St, Austin, TX 73301"
195498,20in Monitor,1,109.99,05/01/19 16:14,"51 11th St, New York City, NY 10001"
195499,AAA Batteries (4-pack),3,2.99,05/01/19 16:06,"190 Sunset St, San Francisco, CA 94016"
195500,AA Batteries (4-pack),1,3.84,05/05/19 10:49,"761 11th St, San Francisco, CA 94016"
195501,34in Ultrawide Monitor,1,379.99,05/06/19 13:08,"278 11th St, Dallas, TX 75001"
195502,Apple Airpods Headphones,1,150,05/09/19 18:21,"200 Johnson St, Portland, OR 97035"
195503,Wired Headphones,1,11.99,05/09/19 13:31,"930 Church St, San Francisco, CA 94016"
195504,Bose SoundSport Headphones,1,99.99,05/23/19 11:22,"462 Lake St, Portland, OR 97035"
195505,AAA Batteries (4-pack),4,2.99,05/25/19 14:27,"388 5th St, Austin, TX 73301"
195506,Lightning Charging Cable,1,14.95,05/16/19 15:24,"626 Chestnut St, San Francisco, CA 94016"
195507,Bose SoundSport Headphones,1,99.99,05/17/19 23:12,"576 Adams St, New York City, NY 10001"
195508,AA Batteries (4-pack),1,3.84,05/13/19 16:55,"633 7th St, Portland, OR 97035"
195509,Lightning Charging Cable,1,14.95,05/06/19 23:09,"461 Lincoln St, Dallas, TX 75001"
195510,27in FHD Monitor,1,149.99,05/15/19 01:51,"991 Maple St, Dallas, TX 75001"
195511,Vareebadd Phone,1,400,05/04/19 14:58,"769 Church St, Los Angeles, CA 90001"
195512,Google Phone,1,600,05/20/19 19:46,"336 13th St, San Francisco, CA 94016"
195513,34in Ultrawide Monitor,1,379.99,05/04/19 22:03,"619 Dogwood St, Los Angeles, CA 90001"
195514,ThinkPad Laptop,1,999.99,05/19/19 16:40,"796 Church St, Boston, MA 02215"
195515,AA Batteries (4-pack),2,3.84,05/17/19 10:38,"607 13th St, Austin, TX 73301"
195516,AAA Batteries (4-pack),1,2.99,05/05/19 18:42,"296 5th St, Los Angeles, CA 90001"
195517,AA Batteries (4-pack),1,3.84,05/24/19 19:50,"224 Adams St, San Francisco, CA 94016"
195518,Flatscreen TV,1,300,05/25/19 22:49,"507 River St, Los Angeles, CA 90001"
195519,Lightning Charging Cable,1,14.95,05/06/19 09:31,"519 Cherry St, Los Angeles, CA 90001"
195520,Bose SoundSport Headphones,1,99.99,05/04/19 13:59,"377 13th St, San Francisco, CA 94016"
195521,Macbook Pro Laptop,1,1700,05/14/19 10:18,"729 5th St, Austin, TX 73301"
195522,Bose SoundSport Headphones,1,99.99,05/27/19 12:16,"483 Chestnut St, Los Angeles, CA 90001"
195523,AA Batteries (4-pack),2,3.84,05/19/19 19:31,"105 2nd St, New York City, NY 10001"
195524,Wired Headphones,2,11.99,05/20/19 19:01,"853 West St, Boston, MA 02215"
195525,AAA Batteries (4-pack),1,2.99,05/26/19 02:57,"647 1st St, San Francisco, CA 94016"
195526,AA Batteries (4-pack),2,3.84,05/29/19 10:57,"760 Ridge St, Seattle, WA 98101"
195527,Apple Airpods Headphones,1,150,05/11/19 15:39,"347 Meadow St, San Francisco, CA 94016"
195528,Wired Headphones,1,11.99,05/03/19 18:09,"245 Park St, Boston, MA 02215"
195529,Lightning Charging Cable,1,14.95,05/01/19 16:52,"984 Dogwood St, Boston, MA 02215"
195530,AA Batteries (4-pack),1,3.84,05/01/19 16:44,"641 Willow St, Dallas, TX 75001"
195531,AAA Batteries (4-pack),1,2.99,05/02/19 12:03,"163 4th St, New York City, NY 10001"
195532,AA Batteries (4-pack),1,3.84,05/04/19 17:24,"765 Pine St, Los Angeles, CA 90001"
195533,Lightning Charging Cable,2,14.95,05/09/19 22:11,"68 Hill St, Boston, MA 02215"
195534,Bose SoundSport Headphones,1,99.99,05/17/19 13:05,"541 6th St, San Francisco, CA 94016"
195535,Lightning Charging Cable,1,14.95,05/02/19 12:34,"991 Wilson St, San Francisco, CA 94016"
195536,34in Ultrawide Monitor,1,379.99,05/27/19 08:49,"263 Lake St, San Francisco, CA 94016"
195537,Wired Headphones,1,11.99,05/01/19 12:59,"95 Center St, Los Angeles, CA 90001"
195538,LG Dryer,1,600.0,05/24/19 06:28,"220 Adams St, Atlanta, GA 30301"
195539,AAA Batteries (4-pack),2,2.99,05/13/19 11:40,"450 Willow St, New York City, NY 10001"
195540,USB-C Charging Cable,2,11.95,05/19/19 10:43,"293 12th St, San Francisco, CA 94016"
195541,34in Ultrawide Monitor,1,379.99,05/06/19 14:56,"683 Pine St, Seattle, WA 98101"
195542,Lightning Charging Cable,1,14.95,05/14/19 16:38,"216 Adams St, Boston, MA 02215"
195543,Wired Headphones,1,11.99,05/27/19 22:19,"929 14th St, Dallas, TX 75001"
195544,AAA Batteries (4-pack),1,2.99,05/28/19 11:00,"957 Wilson St, Portland, OR 97035"
195545,USB-C Charging Cable,1,11.95,05/26/19 20:41,"265 Walnut St, Los Angeles, CA 90001"
195546,34in Ultrawide Monitor,1,379.99,05/24/19 22:03,"837 8th St, Seattle, WA 98101"
195547,27in 4K Gaming Monitor,1,389.99,05/19/19 10:04,"951 Washington St, Los Angeles, CA 90001"
195548,AA Batteries (4-pack),1,3.84,05/03/19 20:42,"127 Sunset St, San Francisco, CA 94016"
195549,AA Batteries (4-pack),1,3.84,05/28/19 15:41,"590 Willow St, Atlanta, GA 30301"
195550,27in 4K Gaming Monitor,1,389.99,05/21/19 23:02,"345 Pine St, Seattle, WA 98101"
195551,20in Monitor,1,109.99,05/24/19 15:03,"693 Meadow St, Los Angeles, CA 90001"
195552,AAA Batteries (4-pack),1,2.99,05/19/19 22:17,"856 Wilson St, Seattle, WA 98101"
195553,34in Ultrawide Monitor,1,379.99,05/01/19 07:00,"908 Lake St, Dallas, TX 75001"
195554,Apple Airpods Headphones,1,150,05/22/19 19:44,"222 River St, Atlanta, GA 30301"
195555,AA Batteries (4-pack),1,3.84,05/27/19 09:53,"177 1st St, Seattle, WA 98101"
195556,34in Ultrawide Monitor,1,379.99,05/23/19 13:50,"237 Hickory St, New York City, NY 10001"
195557,iPhone,1,700,05/20/19 12:04,"566 Forest St, Portland, OR 97035"
195557,Lightning Charging Cable,1,14.95,05/20/19 12:04,"566 Forest St, Portland, OR 97035"
195557,Wired Headphones,1,11.99,05/20/19 12:04,"566 Forest St, Portland, OR 97035"
195558,34in Ultrawide Monitor,1,379.99,05/22/19 12:39,"732 12th St, Portland, OR 97035"
195559,Wired Headphones,1,11.99,05/13/19 11:04,"780 Highland St, San Francisco, CA 94016"
195560,Lightning Charging Cable,1,14.95,05/19/19 13:40,"134 Cherry St, Los Angeles, CA 90001"
195561,34in Ultrawide Monitor,1,379.99,05/24/19 17:28,"111 Hill St, New York City, NY 10001"
195562,USB-C Charging Cable,1,11.95,05/14/19 17:40,"160 9th St, San Francisco, CA 94016"
195563,Bose SoundSport Headphones,1,99.99,05/03/19 19:23,"439 Hill St, San Francisco, CA 94016"
195564,Wired Headphones,2,11.99,05/28/19 01:13,"34 Willow St, San Francisco, CA 94016"
195565,AA Batteries (4-pack),1,3.84,05/06/19 14:19,"460 Jefferson St, Austin, TX 73301"
195566,Apple Airpods Headphones,1,150,05/04/19 17:24,"20 7th St, Dallas, TX 75001"
195567,Wired Headphones,1,11.99,05/17/19 10:07,"863 Elm St, Los Angeles, CA 90001"
195568,AAA Batteries (4-pack),1,2.99,05/19/19 07:52,"622 North St, San Francisco, CA 94016"
195569,Wired Headphones,1,11.99,05/31/19 12:36,"70 Maple St, Portland, OR 97035"
195570,Wired Headphones,1,11.99,05/25/19 13:45,"511 Jefferson St, Los Angeles, CA 90001"
195571,Lightning Charging Cable,2,14.95,05/29/19 09:18,"625 11th St, Dallas, TX 75001"
195572,Bose SoundSport Headphones,1,99.99,05/03/19 12:11,"578 North St, San Francisco, CA 94016"
195573,Lightning Charging Cable,1,14.95,05/27/19 23:10,"247 6th St, Austin, TX 73301"
195574,Wired Headphones,1,11.99,05/23/19 19:51,"270 Forest St, Austin, TX 73301"
195575,USB-C Charging Cable,1,11.95,05/08/19 14:32,"868 Jackson St, New York City, NY 10001"
195576,AA Batteries (4-pack),1,3.84,05/07/19 20:11,"454 Main St, Los Angeles, CA 90001"
195577,Lightning Charging Cable,1,14.95,05/19/19 09:20,"293 Highland St, New York City, NY 10001"
195578,Wired Headphones,1,11.99,05/30/19 20:48,"585 Madison St, Austin, TX 73301"
195579,Bose SoundSport Headphones,1,99.99,05/19/19 16:46,"913 14th St, Los Angeles, CA 90001"
195580,iPhone,1,700,05/05/19 15:08,"478 10th St, Seattle, WA 98101"
195581,Lightning Charging Cable,1,14.95,05/27/19 16:59,"804 South St, Dallas, TX 75001"
195582,Lightning Charging Cable,1,14.95,05/03/19 19:08,"555 Forest St, Dallas, TX 75001"
195583,USB-C Charging Cable,1,11.95,05/19/19 10:08,"422 Walnut St, Los Angeles, CA 90001"
195584,Lightning Charging Cable,1,14.95,05/19/19 18:33,"772 Maple St, Dallas, TX 75001"
195585,Apple Airpods Headphones,1,150,05/24/19 00:58,"735 Spruce St, Seattle, WA 98101"
195586,Bose SoundSport Headphones,1,99.99,05/19/19 11:59,"785 North St, Boston, MA 02215"
195587,AA Batteries (4-pack),1,3.84,05/06/19 18:19,"660 Lincoln St, Seattle, WA 98101"
195588,AAA Batteries (4-pack),1,2.99,05/07/19 10:42,"261 Maple St, San Francisco, CA 94016"
195589,AAA Batteries (4-pack),1,2.99,05/27/19 08:32,"927 Lincoln St, New York City, NY 10001"
195590,AAA Batteries (4-pack),1,2.99,05/20/19 17:55,"795 1st St, Portland, OR 97035"
195591,USB-C Charging Cable,1,11.95,05/23/19 12:15,"180 8th St, Boston, MA 02215"
195592,Google Phone,1,600,05/07/19 17:55,"567 14th St, New York City, NY 10001"
195593,AAA Batteries (4-pack),1,2.99,05/28/19 19:06,"213 River St, New York City, NY 10001"
195594,AAA Batteries (4-pack),1,2.99,05/29/19 19:26,"529 Jackson St, Los Angeles, CA 90001"
,,,,,
195595,Wired Headphones,1,11.99,05/01/19 15:45,"975 Jackson St, Austin, TX 73301"
195596,AA Batteries (4-pack),1,3.84,05/22/19 21:54,"717 Willow St, Atlanta, GA 30301"
195597,34in Ultrawide Monitor,1,379.99,05/22/19 17:38,"812 Main St, Dallas, TX 75001"
195598,AAA Batteries (4-pack),1,2.99,05/22/19 19:44,"326 Cherry St, San Francisco, CA 94016"
195599,27in 4K Gaming Monitor,1,389.99,05/09/19 14:45,"991 Jackson St, Dallas, TX 75001"
195600,USB-C Charging Cable,1,11.95,05/28/19 19:18,"26 Sunset St, Boston, MA 02215"
195601,Wired Headphones,2,11.99,05/16/19 09:37,"429 Willow St, New York City, NY 10001"
195602,iPhone,1,700,05/22/19 12:11,"37 1st St, San Francisco, CA 94016"
195603,Lightning Charging Cable,1,14.95,05/01/19 22:42,"569 Dogwood St, Austin, TX 73301"
195604,AAA Batteries (4-pack),1,2.99,05/24/19 14:30,"54 5th St, Dallas, TX 75001"
195605,20in Monitor,1,109.99,05/01/19 11:11,"737 Maple St, Los Angeles, CA 90001"
195606,USB-C Charging Cable,1,11.95,05/09/19 22:04,"374 5th St, Boston, MA 02215"
195607,AAA Batteries (4-pack),1,2.99,05/03/19 20:53,"654 Maple St, New York City, NY 10001"
195608,AAA Batteries (4-pack),2,2.99,05/02/19 19:16,"845 Wilson St, Dallas, TX 75001"
195609,AAA Batteries (4-pack),1,2.99,05/26/19 13:01,"140 Maple St, New York City, NY 10001"
195610,Macbook Pro Laptop,1,1700,05/20/19 11:51,"176 10th St, Boston, MA 02215"
195611,Wired Headphones,2,11.99,05/09/19 19:04,"907 Jackson St, Atlanta, GA 30301"
195612,27in FHD Monitor,1,149.99,05/22/19 17:48,"918 Center St, Los Angeles, CA 90001"
195613,Flatscreen TV,1,300,05/24/19 19:36,"248 Lake St, Austin, TX 73301"
195614,Macbook Pro Laptop,1,1700,05/31/19 17:07,"590 Pine St, Portland, OR 97035"
195615,Lightning Charging Cable,1,14.95,05/13/19 22:17,"574 River St, Boston, MA 02215"
195616,34in Ultrawide Monitor,1,379.99,05/07/19 11:59,"212 Washington St, Dallas, TX 75001"
195617,Apple Airpods Headphones,1,150,05/13/19 23:00,"909 Elm St, New York City, NY 10001"
195618,AAA Batteries (4-pack),2,2.99,05/31/19 00:46,"290 9th St, Los Angeles, CA 90001"
195619,AAA Batteries (4-pack),3,2.99,05/18/19 09:25,"58 Hill St, Dallas, TX 75001"
195619,Apple Airpods Headphones,1,150,05/18/19 09:25,"58 Hill St, Dallas, TX 75001"
195620,AA Batteries (4-pack),1,3.84,05/13/19 09:52,"744 Madison St, San Francisco, CA 94016"
195621,Wired Headphones,1,11.99,05/13/19 20:26,"296 9th St, San Francisco, CA 94016"
195622,Wired Headphones,1,11.99,05/09/19 08:56,"814 4th St, New York City, NY 10001"
195623,34in Ultrawide Monitor,1,379.99,05/25/19 09:55,"83 10th St, New York City, NY 10001"
195624,AA Batteries (4-pack),3,3.84,05/14/19 11:19,"443 Forest St, San Francisco, CA 94016"
195625,Apple Airpods Headphones,1,150,05/23/19 17:52,"84 Jefferson St, San Francisco, CA 94016"
195626,AA Batteries (4-pack),1,3.84,05/12/19 22:34,"836 Spruce St, Atlanta, GA 30301"
195627,AA Batteries (4-pack),2,3.84,05/11/19 11:09,"948 Elm St, Dallas, TX 75001"
195628,27in 4K Gaming Monitor,1,389.99,05/14/19 08:59,"634 Lake St, Los Angeles, CA 90001"
195629,34in Ultrawide Monitor,1,379.99,05/17/19 15:44,"215 5th St, Los Angeles, CA 90001"
195630,Lightning Charging Cable,1,14.95,05/24/19 20:36,"346 North St, Dallas, TX 75001"
195631,27in FHD Monitor,1,149.99,05/21/19 00:22,"348 Hickory St, Boston, MA 02215"
195632,Wired Headphones,1,11.99,05/02/19 09:40,"550 Elm St, San Francisco, CA 94016"
195633,34in Ultrawide Monitor,1,379.99,05/13/19 20:29,"501 Jackson St, Seattle, WA 98101"
195634,20in Monitor,1,109.99,05/06/19 12:31,"126 Church St, San Francisco, CA 94016"
195635,USB-C Charging Cable,1,11.95,05/23/19 14:11,"6 4th St, Austin, TX 73301"
195636,ThinkPad Laptop,1,999.99,05/27/19 21:58,"502 Dogwood St, Portland, ME 04101"
195637,Apple Airpods Headphones,1,150,05/07/19 17:26,"148 Lakeview St, Portland, OR 97035"
195638,AA Batteries (4-pack),2,3.84,05/04/19 19:19,"820 1st St, Boston, MA 02215"
195639,Lightning Charging Cable,1,14.95,05/14/19 15:04,"29 River St, New York City, NY 10001"
195640,Macbook Pro Laptop,1,1700,05/11/19 19:16,"715 Park St, Dallas, TX 75001"
195641,iPhone,1,700,05/17/19 15:03,"697 Willow St, Dallas, TX 75001"
195642,27in FHD Monitor,1,149.99,05/08/19 22:42,"420 Lakeview St, San Francisco, CA 94016"
195643,Apple Airpods Headphones,1,150,05/04/19 19:08,"583 Cherry St, Seattle, WA 98101"
195644,Lightning Charging Cable,1,14.95,05/24/19 17:41,"411 Sunset St, Seattle, WA 98101"
195645,AAA Batteries (4-pack),1,2.99,05/17/19 13:54,"770 Wilson St, Los Angeles, CA 90001"
195646,Lightning Charging Cable,1,14.95,05/22/19 10:09,"174 10th St, Portland, OR 97035"
195646,Bose SoundSport Headphones,1,99.99,05/22/19 10:09,"174 10th St, Portland, OR 97035"
195647,iPhone,1,700,05/12/19 16:25,"131 6th St, San Francisco, CA 94016"
195648,27in FHD Monitor,1,149.99,05/03/19 21:33,"938 10th St, Los Angeles, CA 90001"
195649,USB-C Charging Cable,1,11.95,05/14/19 15:37,"183 Hill St, Atlanta, GA 30301"
195650,Bose SoundSport Headphones,1,99.99,05/28/19 18:27,"529 7th St, San Francisco, CA 94016"
195651,Lightning Charging Cable,1,14.95,05/25/19 03:05,"604 Elm St, Seattle, WA 98101"
195652,27in FHD Monitor,1,149.99,05/25/19 15:56,"867 Dogwood St, New York City, NY 10001"
195653,27in FHD Monitor,1,149.99,05/18/19 15:29,"207 14th St, New York City, NY 10001"
195654,27in 4K Gaming Monitor,1,389.99,05/13/19 09:53,"111 Ridge St, Atlanta, GA 30301"
195655,Lightning Charging Cable,1,14.95,05/18/19 10:50,"751 12th St, Los Angeles, CA 90001"
195656,USB-C Charging Cable,3,11.95,05/02/19 10:38,"632 Lake St, Los Angeles, CA 90001"
195657,Bose SoundSport Headphones,1,99.99,05/17/19 08:50,"69 1st St, Portland, OR 97035"
195658,USB-C Charging Cable,1,11.95,05/15/19 20:15,"352 Chestnut St, Dallas, TX 75001"
195659,USB-C Charging Cable,1,11.95,05/15/19 17:24,"32 9th St, Austin, TX 73301"
195660,iPhone,1,700,05/20/19 09:17,"67 10th St, New York City, NY 10001"
195661,AA Batteries (4-pack),1,3.84,05/28/19 09:50,"354 Jefferson St, Portland, OR 97035"
195662,USB-C Charging Cable,1,11.95,05/31/19 20:59,"840 North St, New York City, NY 10001"
195663,34in Ultrawide Monitor,1,379.99,05/17/19 20:36,"485 Washington St, New York City, NY 10001"
195664,Lightning Charging Cable,1,14.95,05/07/19 12:20,"256 Maple St, Seattle, WA 98101"
195665,Lightning Charging Cable,1,14.95,05/30/19 13:48,"840 Cedar St, Dallas, TX 75001"
195666,Lightning Charging Cable,1,14.95,05/24/19 09:11,"820 Chestnut St, Dallas, TX 75001"
195667,20in Monitor,1,109.99,05/20/19 18:27,"169 Lake St, Seattle, WA 98101"
195668,iPhone,1,700,05/16/19 01:52,"735 6th St, Austin, TX 73301"
195669,USB-C Charging Cable,1,11.95,05/04/19 09:03,"350 8th St, San Francisco, CA 94016"
195670,LG Dryer,1,600.0,05/04/19 13:25,"364 Adams St, Los Angeles, CA 90001"
195671,Wired Headphones,1,11.99,05/15/19 23:29,"309 Johnson St, Los Angeles, CA 90001"
195672,Flatscreen TV,1,300,05/25/19 12:30,"498 Adams St, Los Angeles, CA 90001"
195673,Google Phone,1,600,05/10/19 12:23,"684 6th St, Portland, OR 97035"
195674,AA Batteries (4-pack),1,3.84,05/29/19 19:29,"980 5th St, Los Angeles, CA 90001"
195675,Wired Headphones,1,11.99,05/06/19 15:45,"396 Willow St, Seattle, WA 98101"
195676,Apple Airpods Headphones,1,150,05/29/19 22:12,"809 9th St, Seattle, WA 98101"
195677,Wired Headphones,1,11.99,05/13/19 13:00,"348 Elm St, Los Angeles, CA 90001"
195678,USB-C Charging Cable,1,11.95,05/28/19 21:38,"321 Washington St, Portland, OR 97035"
195679,Bose SoundSport Headphones,1,99.99,05/26/19 13:21,"92 Wilson St, Boston, MA 02215"
195680,Apple Airpods Headphones,1,150,05/30/19 22:40,"688 Willow St, New York City, NY 10001"
195681,AAA Batteries (4-pack),2,2.99,05/29/19 22:50,"520 8th St, Dallas, TX 75001"
195682,Lightning Charging Cable,1,14.95,05/16/19 11:08,"998 Maple St, New York City, NY 10001"
195683,20in Monitor,1,109.99,05/02/19 20:31,"999 River St, New York City, NY 10001"
195684,AAA Batteries (4-pack),1,2.99,05/21/19 14:21,"962 Center St, Los Angeles, CA 90001"
195685,Google Phone,1,600,05/30/19 18:06,"728 Maple St, Los Angeles, CA 90001"
195686,Wired Headphones,1,11.99,05/13/19 10:23,"388 4th St, New York City, NY 10001"
195686,Apple Airpods Headphones,1,150,05/13/19 10:23,"388 4th St, New York City, NY 10001"
195687,USB-C Charging Cable,1,11.95,05/29/19 14:09,"749 Madison St, San Francisco, CA 94016"
195688,Macbook Pro Laptop,1,1700,05/21/19 04:10,"345 Park St, Los Angeles, CA 90001"
195689,AAA Batteries (4-pack),2,2.99,05/10/19 16:54,"168 10th St, Dallas, TX 75001"
195690,AA Batteries (4-pack),1,3.84,05/17/19 20:13,"519 West St, San Francisco, CA 94016"
195691,Macbook Pro Laptop,1,1700,05/10/19 10:44,"330 Main St, New York City, NY 10001"
195692,AA Batteries (4-pack),1,3.84,05/13/19 16:23,"415 Forest St, Los Angeles, CA 90001"
195693,Bose SoundSport Headphones,1,99.99,05/21/19 20:42,"790 Main St, New York City, NY 10001"
195694,USB-C Charging Cable,1,11.95,05/30/19 19:58,"880 Walnut St, Los Angeles, CA 90001"
195695,AA Batteries (4-pack),1,3.84,05/11/19 23:25,"693 Spruce St, San Francisco, CA 94016"
195696,USB-C Charging Cable,1,11.95,05/04/19 18:52,"627 Hickory St, San Francisco, CA 94016"
195697,Apple Airpods Headphones,1,150,05/18/19 11:03,"758 6th St, New York City, NY 10001"
195698,AAA Batteries (4-pack),2,2.99,05/17/19 14:52,"420 2nd St, Los Angeles, CA 90001"
195699,Lightning Charging Cable,1,14.95,05/08/19 15:06,"18 Center St, San Francisco, CA 94016"
195700,Google Phone,1,600,05/22/19 00:05,"378 Hickory St, San Francisco, CA 94016"
195700,USB-C Charging Cable,2,11.95,05/22/19 00:05,"378 Hickory St, San Francisco, CA 94016"
195701,Google Phone,1,600,05/30/19 19:42,"997 Walnut St, Los Angeles, CA 90001"
195702,Wired Headphones,1,11.99,05/27/19 10:51,"150 Maple St, Dallas, TX 75001"
195703,Bose SoundSport Headphones,1,99.99,05/30/19 13:25,"382 13th St, New York City, NY 10001"
195704,Flatscreen TV,1,300,05/19/19 19:37,"428 Hill St, Los Angeles, CA 90001"
195705,ThinkPad Laptop,1,999.99,05/28/19 08:39,"653 4th St, Austin, TX 73301"
195706,AA Batteries (4-pack),1,3.84,05/25/19 12:20,"111 Pine St, Seattle, WA 98101"
195707,AA Batteries (4-pack),1,3.84,05/15/19 00:11,"551 6th St, San Francisco, CA 94016"
195708,Wired Headphones,1,11.99,05/09/19 10:13,"860 Madison St, San Francisco, CA 94016"
195709,Lightning Charging Cable,1,14.95,05/25/19 16:17,"400 Walnut St, San Francisco, CA 94016"
195710,27in FHD Monitor,1,149.99,05/20/19 13:28,"643 Willow St, Boston, MA 02215"
195711,27in FHD Monitor,1,149.99,05/14/19 09:51,"105 Ridge St, New York City, NY 10001"
195712,Lightning Charging Cable,1,14.95,05/12/19 00:15,"348 Dogwood St, Boston, MA 02215"
195713,Wired Headphones,1,11.99,05/28/19 16:28,"242 Sunset St, Dallas, TX 75001"
195714,27in FHD Monitor,1,149.99,05/05/19 22:36,"756 Ridge St, San Francisco, CA 94016"
195714,AAA Batteries (4-pack),1,2.99,05/05/19 22:36,"756 Ridge St, San Francisco, CA 94016"
195715,USB-C Charging Cable,1,11.95,05/13/19 10:22,"794 South St, Atlanta, GA 30301"
195716,34in Ultrawide Monitor,1,379.99,05/15/19 08:19,"624 9th St, Boston, MA 02215"
195717,USB-C Charging Cable,1,11.95,05/13/19 18:19,"800 Dogwood St, Austin, TX 73301"
195718,Lightning Charging Cable,1,14.95,05/16/19 13:04,"411 Center St, Boston, MA 02215"
195719,Lightning Charging Cable,1,14.95,05/11/19 07:53,"241 Park St, Boston, MA 02215"
195720,Bose SoundSport Headphones,1,99.99,05/15/19 10:17,"241 Hickory St, Los Angeles, CA 90001"
195721,Bose SoundSport Headphones,1,99.99,05/31/19 11:54,"134 South St, San Francisco, CA 94016"
195722,Bose SoundSport Headphones,1,99.99,05/24/19 18:24,"79 Wilson St, Los Angeles, CA 90001"
195723,USB-C Charging Cable,1,11.95,05/20/19 20:43,"987 Wilson St, San Francisco, CA 94016"
195724,AA Batteries (4-pack),1,3.84,05/18/19 12:36,"942 South St, New York City, NY 10001"
195725,Vareebadd Phone,1,400,05/21/19 09:47,"280 Dogwood St, San Francisco, CA 94016"
195726,Bose SoundSport Headphones,1,99.99,05/24/19 15:52,"550 Washington St, Portland, ME 04101"
195727,AAA Batteries (4-pack),1,2.99,05/13/19 22:25,"977 Forest St, Dallas, TX 75001"
195728,Lightning Charging Cable,1,14.95,05/25/19 02:18,"747 Highland St, Austin, TX 73301"
195729,AAA Batteries (4-pack),1,2.99,05/29/19 00:16,"9 13th St, Atlanta, GA 30301"
195730,Wired Headphones,1,11.99,05/30/19 15:35,"394 Wilson St, Boston, MA 02215"
195731,AAA Batteries (4-pack),2,2.99,05/18/19 20:24,"51 Center St, New York City, NY 10001"
195732,34in Ultrawide Monitor,1,379.99,05/25/19 11:49,"35 10th St, San Francisco, CA 94016"
195733,AA Batteries (4-pack),1,3.84,05/23/19 21:01,"930 Lakeview St, Seattle, WA 98101"
195734,27in FHD Monitor,1,149.99,05/21/19 08:37,"414 10th St, Los Angeles, CA 90001"
195735,AA Batteries (4-pack),1,3.84,05/06/19 18:07,"131 Cedar St, Los Angeles, CA 90001"
195736,Macbook Pro Laptop,1,1700,05/14/19 09:37,"333 14th St, Atlanta, GA 30301"
,,,,,
195737,Apple Airpods Headphones,1,150,05/10/19 07:55,"959 Hill St, Boston, MA 02215"
195738,20in Monitor,1,109.99,05/24/19 17:28,"736 10th St, Los Angeles, CA 90001"
195739,USB-C Charging Cable,1,11.95,05/19/19 15:12,"534 Dogwood St, Austin, TX 73301"
195740,Lightning Charging Cable,1,14.95,05/17/19 18:43,"557 7th St, Atlanta, GA 30301"
195741,AAA Batteries (4-pack),2,2.99,05/08/19 09:07,"245 Chestnut St, Austin, TX 73301"
195742,Macbook Pro Laptop,1,1700,05/17/19 16:36,"17 9th St, New York City, NY 10001"
195743,Apple Airpods Headphones,1,150,05/08/19 15:20,"984 Walnut St, Atlanta, GA 30301"
195744,iPhone,1,700,05/25/19 02:19,"480 Main St, San Francisco, CA 94016"
195745,27in FHD Monitor,1,149.99,05/23/19 07:35,"422 14th St, New York City, NY 10001"
195746,AAA Batteries (4-pack),1,2.99,05/22/19 23:02,"388 Lake St, Los Angeles, CA 90001"
195747,AAA Batteries (4-pack),1,2.99,05/11/19 09:27,"366 Spruce St, Dallas, TX 75001"
195748,27in FHD Monitor,1,149.99,06/01/19 03:26,"856 Elm St, San Francisco, CA 94016"
195749,AA Batteries (4-pack),2,3.84,05/01/19 07:30,"462 Washington St, Atlanta, GA 30301"
195750,AAA Batteries (4-pack),1,2.99,05/25/19 23:43,"181 Center St, San Francisco, CA 94016"
195751,AA Batteries (4-pack),1,3.84,05/24/19 18:12,"549 14th St, Dallas, TX 75001"
195752,AAA Batteries (4-pack),1,2.99,05/01/19 20:38,"44 Cedar St, San Francisco, CA 94016"
195753,Google Phone,1,600,05/12/19 08:25,"647 North St, Seattle, WA 98101"
195753,USB-C Charging Cable,1,11.95,05/12/19 08:25,"647 North St, Seattle, WA 98101"
195753,Wired Headphones,1,11.99,05/12/19 08:25,"647 North St, Seattle, WA 98101"
195754,27in FHD Monitor,1,149.99,05/06/19 11:49,"11 West St, San Francisco, CA 94016"
195755,Apple Airpods Headphones,1,150,05/14/19 12:23,"351 Walnut St, Dallas, TX 75001"
195756,Wired Headphones,1,11.99,05/13/19 14:23,"460 12th St, Boston, MA 02215"
195756,Bose SoundSport Headphones,1,99.99,05/13/19 14:23,"460 12th St, Boston, MA 02215"
195757,Apple Airpods Headphones,1,150,05/15/19 08:25,"97 Wilson St, Austin, TX 73301"
195758,Vareebadd Phone,1,400,05/10/19 23:35,"112 6th St, Portland, OR 97035"
195758,Wired Headphones,1,11.99,05/10/19 23:35,"112 6th St, Portland, OR 97035"
195759,Google Phone,1,600,05/11/19 18:37,"3 Wilson St, New York City, NY 10001"
195759,USB-C Charging Cable,1,11.95,05/11/19 18:37,"3 Wilson St, New York City, NY 10001"
195760,Apple Airpods Headphones,1,150,05/19/19 11:09,"314 Meadow St, San Francisco, CA 94016"
195761,Apple Airpods Headphones,1,150,05/16/19 12:39,"87 Ridge St, Los Angeles, CA 90001"
195762,Macbook Pro Laptop,1,1700,05/06/19 07:11,"213 Willow St, San Francisco, CA 94016"
195763,Apple Airpods Headphones,1,150,05/28/19 17:48,"96 Maple St, Atlanta, GA 30301"
195764,34in Ultrawide Monitor,1,379.99,05/01/19 11:27,"680 1st St, Seattle, WA 98101"
195765,AA Batteries (4-pack),2,3.84,05/14/19 10:52,"173 River St, New York City, NY 10001"
195766,iPhone,1,700,05/31/19 20:30,"699 11th St, Portland, ME 04101"
195767,Bose SoundSport Headphones,1,99.99,05/17/19 15:18,"176 Madison St, New York City, NY 10001"
195768,USB-C Charging Cable,1,11.95,05/27/19 22:24,"641 13th St, Boston, MA 02215"
195769,iPhone,1,700,05/25/19 10:36,"839 Cherry St, San Francisco, CA 94016"
195770,27in FHD Monitor,1,149.99,05/16/19 14:26,"708 7th St, New York City, NY 10001"
195771,iPhone,1,700,05/30/19 12:20,"816 Lake St, New York City, NY 10001"
195771,Wired Headphones,1,11.99,05/30/19 12:20,"816 Lake St, New York City, NY 10001"
195772,Wired Headphones,1,11.99,05/16/19 12:14,"835 Johnson St, San Francisco, CA 94016"
195773,AA Batteries (4-pack),1,3.84,05/14/19 14:59,"646 Dogwood St, Dallas, TX 75001"
195774,27in 4K Gaming Monitor,1,389.99,05/11/19 09:50,"374 River St, Boston, MA 02215"
195775,AAA Batteries (4-pack),1,2.99,05/13/19 22:24,"160 Walnut St, New York City, NY 10001"
195776,iPhone,1,700,05/21/19 18:32,"544 Forest St, Seattle, WA 98101"
195777,Google Phone,1,600,05/09/19 01:47,"332 Johnson St, Austin, TX 73301"
195778,Bose SoundSport Headphones,1,99.99,05/24/19 06:51,"495 Park St, Dallas, TX 75001"
195779,34in Ultrawide Monitor,1,379.99,05/02/19 17:18,"378 Walnut St, Portland, ME 04101"
195780,AA Batteries (4-pack),2,3.84,05/07/19 18:23,"5 Forest St, Boston, MA 02215"
195781,AAA Batteries (4-pack),1,2.99,05/08/19 21:55,"399 Maple St, San Francisco, CA 94016"
195782,34in Ultrawide Monitor,1,379.99,05/10/19 20:42,"951 Park St, New York City, NY 10001"
195783,USB-C Charging Cable,1,11.95,05/07/19 12:36,"37 Hill St, San Francisco, CA 94016"
195784,AA Batteries (4-pack),3,3.84,05/31/19 19:06,"488 Hickory St, Portland, OR 97035"
195785,USB-C Charging Cable,1,11.95,05/15/19 13:36,"752 Lake St, New York City, NY 10001"
195785,Lightning Charging Cable,1,14.95,05/15/19 13:36,"752 Lake St, New York City, NY 10001"
195786,AA Batteries (4-pack),1,3.84,05/21/19 15:03,"921 Lake St, Seattle, WA 98101"
195787,27in 4K Gaming Monitor,1,389.99,05/04/19 11:36,"230 Ridge St, New York City, NY 10001"
195787,Lightning Charging Cable,1,14.95,05/04/19 11:36,"230 Ridge St, New York City, NY 10001"
195788,Flatscreen TV,1,300,05/13/19 11:48,"834 Madison St, Atlanta, GA 30301"
195789,Wired Headphones,1,11.99,05/28/19 11:49,"931 Johnson St, Portland, OR 97035"
195790,Macbook Pro Laptop,1,1700,05/22/19 21:35,"427 South St, San Francisco, CA 94016"
195791,Lightning Charging Cable,1,14.95,05/02/19 12:03,"877 Sunset St, Dallas, TX 75001"
195792,Apple Airpods Headphones,1,150,05/25/19 12:04,"352 Jackson St, Atlanta, GA 30301"
195793,ThinkPad Laptop,1,999.99,05/18/19 17:29,"911 4th St, Seattle, WA 98101"
195794,AA Batteries (4-pack),1,3.84,05/26/19 00:10,"145 Cedar St, Atlanta, GA 30301"
195795,20in Monitor,1,109.99,05/11/19 10:05,"583 Meadow St, Dallas, TX 75001"
195796,USB-C Charging Cable,2,11.95,05/26/19 23:30,"890 2nd St, San Francisco, CA 94016"
195797,Wired Headphones,1,11.99,05/17/19 13:51,"907 Pine St, Boston, MA 02215"
195798,AAA Batteries (4-pack),1,2.99,05/09/19 11:37,"701 Highland St, Boston, MA 02215"
195799,Apple Airpods Headphones,1,150,05/21/19 22:47,"484 Main St, Dallas, TX 75001"
195800,AA Batteries (4-pack),1,3.84,05/24/19 11:32,"379 Jackson St, New York City, NY 10001"
195801,iPhone,1,700,05/24/19 12:06,"458 8th St, Los Angeles, CA 90001"
195802,Apple Airpods Headphones,1,150,05/23/19 22:23,"159 Washington St, Los Angeles, CA 90001"
195803,USB-C Charging Cable,2,11.95,05/16/19 21:57,"918 13th St, New York City, NY 10001"
195804,Apple Airpods Headphones,1,150,05/14/19 19:01,"388 Willow St, Boston, MA 02215"
195805,34in Ultrawide Monitor,1,379.99,05/20/19 12:38,"805 Willow St, Austin, TX 73301"
195806,AAA Batteries (4-pack),1,2.99,05/04/19 23:22,"729 Hickory St, Portland, ME 04101"
195807,Macbook Pro Laptop,1,1700,05/28/19 20:41,"639 4th St, Portland, ME 04101"
195808,Lightning Charging Cable,1,14.95,05/17/19 13:54,"244 River St, Atlanta, GA 30301"
195809,Flatscreen TV,1,300,05/17/19 08:23,"375 Maple St, Atlanta, GA 30301"
195810,AA Batteries (4-pack),2,3.84,05/24/19 19:37,"498 Madison St, San Francisco, CA 94016"
195811,USB-C Charging Cable,1,11.95,05/21/19 10:49,"953 Johnson St, New York City, NY 10001"
195812,USB-C Charging Cable,1,11.95,05/01/19 22:03,"724 11th St, New York City, NY 10001"
195813,Wired Headphones,1,11.99,05/11/19 09:24,"644 9th St, Boston, MA 02215"
195814,AAA Batteries (4-pack),1,2.99,05/10/19 00:27,"466 Jefferson St, San Francisco, CA 94016"
195815,AAA Batteries (4-pack),6,2.99,05/24/19 14:02,"483 Wilson St, Atlanta, GA 30301"
195816,Wired Headphones,1,11.99,05/09/19 15:36,"302 9th St, Los Angeles, CA 90001"
195817,27in FHD Monitor,1,149.99,05/07/19 14:32,"334 Adams St, San Francisco, CA 94016"
195818,Apple Airpods Headphones,1,150,05/15/19 15:19,"588 Church St, Dallas, TX 75001"
195819,AA Batteries (4-pack),1,3.84,05/15/19 12:37,"333 10th St, Dallas, TX 75001"
195820,Flatscreen TV,1,300,05/24/19 02:24,"442 West St, Los Angeles, CA 90001"
195821,AAA Batteries (4-pack),2,2.99,05/23/19 10:07,"112 8th St, Los Angeles, CA 90001"
195822,Apple Airpods Headphones,1,150,05/26/19 10:23,"705 2nd St, San Francisco, CA 94016"
195823,Apple Airpods Headphones,1,150,05/21/19 06:49,"431 Cherry St, Austin, TX 73301"
195824,AAA Batteries (4-pack),3,2.99,05/15/19 19:18,"82 8th St, Dallas, TX 75001"
195825,27in FHD Monitor,1,149.99,05/20/19 22:02,"198 11th St, Boston, MA 02215"
195826,27in FHD Monitor,1,149.99,05/23/19 01:33,"104 Cherry St, Los Angeles, CA 90001"
195827,Wired Headphones,1,11.99,05/18/19 12:50,"673 West St, Portland, OR 97035"
195828,iPhone,1,700,05/23/19 23:12,"3 Main St, Los Angeles, CA 90001"
195829,Bose SoundSport Headphones,1,99.99,05/06/19 20:53,"551 Jackson St, Boston, MA 02215"
195830,Wired Headphones,1,11.99,05/03/19 11:34,"566 Pine St, San Francisco, CA 94016"
195831,AA Batteries (4-pack),1,3.84,05/06/19 19:14,"518 5th St, Los Angeles, CA 90001"
195832,iPhone,1,700,05/16/19 23:49,"973 River St, Boston, MA 02215"
195832,Google Phone,1,600,05/16/19 23:49,"973 River St, Boston, MA 02215"
195833,Macbook Pro Laptop,1,1700,05/27/19 17:01,"914 Elm St, Boston, MA 02215"
195834,Apple Airpods Headphones,1,150,05/20/19 10:39,"282 River St, Portland, OR 97035"
195835,AAA Batteries (4-pack),1,2.99,05/10/19 08:18,"505 1st St, San Francisco, CA 94016"
195836,Lightning Charging Cable,1,14.95,05/22/19 14:25,"81 Maple St, Dallas, TX 75001"
195837,Wired Headphones,1,11.99,05/29/19 12:46,"498 Madison St, Boston, MA 02215"
195838,Wired Headphones,1,11.99,05/13/19 11:07,"775 Elm St, Atlanta, GA 30301"
195839,USB-C Charging Cable,1,11.95,05/18/19 14:41,"313 Park St, Atlanta, GA 30301"
195840,AAA Batteries (4-pack),1,2.99,05/11/19 10:19,"764 Jackson St, Atlanta, GA 30301"
195841,AAA Batteries (4-pack),5,2.99,05/16/19 10:03,"321 Church St, Dallas, TX 75001"
195842,AAA Batteries (4-pack),1,2.99,05/29/19 21:04,"349 2nd St, Boston, MA 02215"
195843,Bose SoundSport Headphones,1,99.99,05/18/19 18:32,"692 North St, Los Angeles, CA 90001"
195844,Lightning Charging Cable,1,14.95,05/25/19 09:40,"622 Wilson St, San Francisco, CA 94016"
195845,AA Batteries (4-pack),1,3.84,05/30/19 13:12,"857 Sunset St, Atlanta, GA 30301"
195846,Apple Airpods Headphones,1,150,05/03/19 12:13,"107 Center St, Seattle, WA 98101"
195847,Lightning Charging Cable,1,14.95,05/13/19 19:35,"434 7th St, San Francisco, CA 94016"
195848,Google Phone,1,600,05/09/19 14:51,"394 12th St, Atlanta, GA 30301"
195849,27in 4K Gaming Monitor,1,389.99,05/20/19 16:56,"781 Main St, Portland, OR 97035"
195850,Apple Airpods Headphones,1,150,05/27/19 00:26,"316 Sunset St, Austin, TX 73301"
195851,Wired Headphones,1,11.99,05/19/19 19:58,"419 North St, San Francisco, CA 94016"
195852,iPhone,1,700,05/13/19 19:34,"799 Dogwood St, New York City, NY 10001"
195853,Macbook Pro Laptop,1,1700,05/13/19 17:16,"887 14th St, New York City, NY 10001"
195854,Wired Headphones,1,11.99,05/18/19 12:33,"845 Lincoln St, San Francisco, CA 94016"
195855,USB-C Charging Cable,1,11.95,05/20/19 07:20,"534 2nd St, Los Angeles, CA 90001"
195856,iPhone,1,700,05/10/19 18:23,"649 Main St, Los Angeles, CA 90001"
195857,AAA Batteries (4-pack),1,2.99,05/07/19 14:49,"54 Maple St, Los Angeles, CA 90001"
195858,AA Batteries (4-pack),1,3.84,05/29/19 08:14,"378 Willow St, San Francisco, CA 94016"
195859,27in 4K Gaming Monitor,1,389.99,05/04/19 09:58,"981 10th St, New York City, NY 10001"
195860,Bose SoundSport Headphones,1,99.99,05/31/19 17:00,"778 Church St, New York City, NY 10001"
195861,USB-C Charging Cable,1,11.95,05/07/19 11:38,"382 Lincoln St, Seattle, WA 98101"
195862,USB-C Charging Cable,1,11.95,05/16/19 12:18,"987 1st St, New York City, NY 10001"
195863,iPhone,1,700,05/29/19 11:26,"560 1st St, Los Angeles, CA 90001"
195864,20in Monitor,1,109.99,05/17/19 16:35,"365 Willow St, Seattle, WA 98101"
195865,Wired Headphones,1,11.99,05/21/19 21:52,"423 13th St, Atlanta, GA 30301"
195866,Lightning Charging Cable,1,14.95,05/25/19 10:17,"755 Lakeview St, Portland, OR 97035"
195867,USB-C Charging Cable,1,11.95,05/22/19 23:02,"570 Main St, New York City, NY 10001"
195868,Apple Airpods Headphones,1,150,05/10/19 21:25,"728 Forest St, Austin, TX 73301"
195869,AAA Batteries (4-pack),1,2.99,06/01/19 01:06,"877 Center St, Dallas, TX 75001"
195870,iPhone,1,700,05/24/19 12:06,"639 Madison St, New York City, NY 10001"
195870,Apple Airpods Headphones,1,150,05/24/19 12:06,"639 Madison St, New York City, NY 10001"
195871,Lightning Charging Cable,1,14.95,05/28/19 20:06,"49 Park St, Austin, TX 73301"
195872,USB-C Charging Cable,1,11.95,05/13/19 20:02,"483 Cedar St, New York City, NY 10001"
195873,AAA Batteries (4-pack),2,2.99,05/01/19 12:48,"376 Hickory St, San Francisco, CA 94016"
195874,Google Phone,1,600,05/20/19 00:44,"910 Church St, San Francisco, CA 94016"
195875,USB-C Charging Cable,1,11.95,05/09/19 19:51,"142 14th St, Boston, MA 02215"
195876,AA Batteries (4-pack),1,3.84,05/25/19 10:06,"872 Ridge St, San Francisco, CA 94016"
195877,Bose SoundSport Headphones,1,99.99,05/27/19 13:13,"389 Meadow St, Atlanta, GA 30301"
195877,Wired Headphones,1,11.99,05/27/19 13:13,"389 Meadow St, Atlanta, GA 30301"
195878,Lightning Charging Cable,3,14.95,05/22/19 16:28,"974 Wilson St, Los Angeles, CA 90001"
195879,AA Batteries (4-pack),2,3.84,05/09/19 22:04,"63 Ridge St, New York City, NY 10001"
195880,Lightning Charging Cable,1,14.95,05/20/19 21:04,"824 Willow St, Boston, MA 02215"
195881,AA Batteries (4-pack),2,3.84,05/21/19 13:01,"640 West St, Los Angeles, CA 90001"
195882,AAA Batteries (4-pack),2,2.99,05/16/19 20:47,"492 Elm St, Los Angeles, CA 90001"
195883,Google Phone,1,600,05/03/19 08:45,"283 West St, San Francisco, CA 94016"
195883,USB-C Charging Cable,1,11.95,05/03/19 08:45,"283 West St, San Francisco, CA 94016"
195884,Bose SoundSport Headphones,1,99.99,05/01/19 17:24,"704 13th St, San Francisco, CA 94016"
195885,Bose SoundSport Headphones,1,99.99,05/28/19 09:25,"620 Meadow St, Portland, OR 97035"
195886,Vareebadd Phone,1,400,05/07/19 22:20,"85 Lake St, Los Angeles, CA 90001"
195887,AA Batteries (4-pack),1,3.84,05/22/19 11:29,"75 11th St, Boston, MA 02215"
195888,27in 4K Gaming Monitor,1,389.99,05/01/19 18:46,"462 Cedar St, Dallas, TX 75001"
195889,Lightning Charging Cable,1,14.95,05/04/19 09:21,"145 Hill St, New York City, NY 10001"
195890,Bose SoundSport Headphones,1,99.99,05/15/19 20:45,"628 Maple St, Austin, TX 73301"
195891,Lightning Charging Cable,1,14.95,05/28/19 17:01,"610 Jefferson St, New York City, NY 10001"
195892,Bose SoundSport Headphones,1,99.99,05/29/19 19:23,"47 Adams St, Los Angeles, CA 90001"
195893,AA Batteries (4-pack),2,3.84,05/26/19 12:47,"845 8th St, Atlanta, GA 30301"
195894,AAA Batteries (4-pack),1,2.99,05/24/19 12:25,"561 8th St, Los Angeles, CA 90001"
195895,USB-C Charging Cable,1,11.95,05/17/19 14:46,"34 Lakeview St, San Francisco, CA 94016"
195896,Wired Headphones,2,11.99,05/24/19 13:05,"118 Hickory St, Boston, MA 02215"
195897,AA Batteries (4-pack),2,3.84,05/11/19 10:06,"320 Madison St, Los Angeles, CA 90001"
195898,USB-C Charging Cable,1,11.95,05/11/19 07:54,"848 5th St, Boston, MA 02215"
195899,AAA Batteries (4-pack),1,2.99,05/25/19 09:37,"2 Dogwood St, San Francisco, CA 94016"
195900,Apple Airpods Headphones,1,150,05/02/19 10:16,"470 Sunset St, Los Angeles, CA 90001"
195901,AAA Batteries (4-pack),1,2.99,05/01/19 10:51,"6 2nd St, Atlanta, GA 30301"
195902,Lightning Charging Cable,1,14.95,05/14/19 13:01,"7 Walnut St, New York City, NY 10001"
195903,ThinkPad Laptop,1,999.99,05/13/19 19:36,"655 2nd St, San Francisco, CA 94016"
195904,Wired Headphones,1,11.99,05/02/19 14:07,"134 Highland St, Dallas, TX 75001"
195905,Macbook Pro Laptop,1,1700,05/23/19 22:43,"309 Center St, New York City, NY 10001"
195906,AAA Batteries (4-pack),1,2.99,05/05/19 11:55,"739 Main St, Los Angeles, CA 90001"
195907,AA Batteries (4-pack),1,3.84,05/11/19 12:57,"128 Hill St, Boston, MA 02215"
195908,ThinkPad Laptop,1,999.99,05/25/19 16:55,"682 1st St, New York City, NY 10001"
195908,27in 4K Gaming Monitor,1,389.99,05/25/19 16:55,"682 1st St, New York City, NY 10001"
195909,AA Batteries (4-pack),1,3.84,05/10/19 20:29,"422 Center St, Boston, MA 02215"
195910,27in FHD Monitor,1,149.99,05/12/19 19:27,"339 Chestnut St, New York City, NY 10001"
195910,AA Batteries (4-pack),1,3.84,05/12/19 19:27,"339 Chestnut St, New York City, NY 10001"
195911,Bose SoundSport Headphones,1,99.99,05/11/19 09:47,"845 Lincoln St, Los Angeles, CA 90001"
195912,Apple Airpods Headphones,1,150,05/22/19 12:50,"78 Washington St, Los Angeles, CA 90001"
195913,27in FHD Monitor,1,149.99,05/23/19 17:19,"388 13th St, Los Angeles, CA 90001"
195914,27in 4K Gaming Monitor,1,389.99,05/18/19 13:58,"750 14th St, Los Angeles, CA 90001"
195915,Wired Headphones,1,11.99,05/11/19 12:29,"60 Jefferson St, Dallas, TX 75001"
195916,AA Batteries (4-pack),1,3.84,05/05/19 13:17,"458 Spruce St, San Francisco, CA 94016"
195917,AAA Batteries (4-pack),1,2.99,05/05/19 14:42,"349 Willow St, San Francisco, CA 94016"
195918,27in 4K Gaming Monitor,1,389.99,05/08/19 12:03,"250 11th St, Boston, MA 02215"
195919,AA Batteries (4-pack),1,3.84,05/10/19 12:00,"199 Highland St, Seattle, WA 98101"
195920,Vareebadd Phone,1,400,05/02/19 20:40,"328 9th St, San Francisco, CA 94016"
195920,USB-C Charging Cable,1,11.95,05/02/19 20:40,"328 9th St, San Francisco, CA 94016"
195921,Apple Airpods Headphones,1,150,05/16/19 21:52,"280 Willow St, Dallas, TX 75001"
195922,AA Batteries (4-pack),1,3.84,05/03/19 05:15,"239 Walnut St, Los Angeles, CA 90001"
195923,Wired Headphones,1,11.99,05/15/19 10:53,"973 6th St, Los Angeles, CA 90001"
195924,USB-C Charging Cable,1,11.95,05/28/19 16:16,"245 Ridge St, Los Angeles, CA 90001"
195925,Bose SoundSport Headphones,1,99.99,05/31/19 13:03,"312 Hill St, New York City, NY 10001"
195926,AAA Batteries (4-pack),1,2.99,05/19/19 16:13,"297 13th St, Austin, TX 73301"
195927,AAA Batteries (4-pack),1,2.99,05/04/19 22:15,"89 Lake St, Atlanta, GA 30301"
195928,Lightning Charging Cable,1,14.95,05/09/19 16:38,"117 Walnut St, Boston, MA 02215"
195929,Bose SoundSport Headphones,1,99.99,05/20/19 07:23,"878 Lake St, Los Angeles, CA 90001"
195930,USB-C Charging Cable,1,11.95,05/14/19 15:59,"997 Walnut St, San Francisco, CA 94016"
195931,34in Ultrawide Monitor,1,379.99,05/07/19 12:04,"831 Chestnut St, Portland, OR 97035"
195932,USB-C Charging Cable,1,11.95,05/11/19 23:42,"799 7th St, Seattle, WA 98101"
195933,20in Monitor,1,109.99,05/03/19 07:19,"229 Park St, Dallas, TX 75001"
195934,USB-C Charging Cable,1,11.95,05/12/19 18:16,"250 Lake St, Portland, ME 04101"
195935,Lightning Charging Cable,1,14.95,05/19/19 10:20,"584 14th St, Portland, OR 97035"
195936,Bose SoundSport Headphones,1,99.99,05/31/19 15:18,"332 Park St, Portland, OR 97035"
195937,AA Batteries (4-pack),1,3.84,05/26/19 20:42,"92 8th St, San Francisco, CA 94016"
195938,ThinkPad Laptop,1,999.99,05/03/19 18:05,"965 Chestnut St, San Francisco, CA 94016"
195939,34in Ultrawide Monitor,1,379.99,05/27/19 17:33,"739 Sunset St, San Francisco, CA 94016"
195940,Bose SoundSport Headphones,1,99.99,05/27/19 06:38,"331 6th St, Dallas, TX 75001"
195941,Flatscreen TV,1,300,05/31/19 19:18,"349 Cedar St, Portland, OR 97035"
195942,ThinkPad Laptop,1,999.99,05/22/19 12:08,"554 Wilson St, San Francisco, CA 94016"
195943,AAA Batteries (4-pack),3,2.99,05/16/19 08:40,"573 Main St, San Francisco, CA 94016"
195944,AA Batteries (4-pack),2,3.84,05/27/19 18:43,"284 North St, San Francisco, CA 94016"
195945,AAA Batteries (4-pack),1,2.99,05/13/19 14:13,"223 Hill St, Portland, OR 97035"
,,,,,
195946,Bose SoundSport Headphones,1,99.99,05/05/19 19:04,"673 Meadow St, New York City, NY 10001"
195947,Wired Headphones,1,11.99,05/22/19 19:54,"824 Willow St, San Francisco, CA 94016"
195948,Lightning Charging Cable,1,14.95,05/18/19 15:34,"654 11th St, New York City, NY 10001"
195949,Macbook Pro Laptop,1,1700,05/06/19 11:11,"300 Madison St, Boston, MA 02215"
195950,Flatscreen TV,1,300,05/19/19 17:24,"997 Spruce St, Los Angeles, CA 90001"
195951,Google Phone,1,600,05/14/19 08:18,"629 South St, San Francisco, CA 94016"
195952,AA Batteries (4-pack),1,3.84,05/08/19 12:03,"949 Sunset St, Boston, MA 02215"
195953,Lightning Charging Cable,1,14.95,05/27/19 20:40,"559 Dogwood St, San Francisco, CA 94016"
195954,Wired Headphones,1,11.99,05/23/19 11:51,"945 5th St, Seattle, WA 98101"
195955,Wired Headphones,1,11.99,05/20/19 21:16,"20 Sunset St, Los Angeles, CA 90001"
195956,AAA Batteries (4-pack),1,2.99,05/17/19 19:37,"246 Lakeview St, New York City, NY 10001"
195957,Apple Airpods Headphones,1,150,05/31/19 15:18,"972 Meadow St, Portland, OR 97035"
195958,Lightning Charging Cable,1,14.95,05/08/19 17:45,"334 13th St, Dallas, TX 75001"
195959,Bose SoundSport Headphones,1,99.99,05/30/19 08:35,"126 10th St, Los Angeles, CA 90001"
195960,27in 4K Gaming Monitor,1,389.99,05/24/19 10:59,"68 North St, Dallas, TX 75001"
195961,Bose SoundSport Headphones,1,99.99,05/06/19 22:19,"369 11th St, Dallas, TX 75001"
195962,20in Monitor,1,109.99,05/14/19 16:47,"884 Spruce St, Seattle, WA 98101"
195963,USB-C Charging Cable,1,11.95,05/04/19 19:45,"933 6th St, New York City, NY 10001"
195964,ThinkPad Laptop,1,999.99,05/08/19 19:16,"614 14th St, New York City, NY 10001"
195965,USB-C Charging Cable,1,11.95,05/08/19 11:24,"558 Elm St, Boston, MA 02215"
195966,Apple Airpods Headphones,1,150,05/19/19 09:15,"322 Jackson St, Boston, MA 02215"
195967,AAA Batteries (4-pack),1,2.99,05/23/19 17:49,"695 7th St, Atlanta, GA 30301"
195968,Apple Airpods Headphones,1,150,05/11/19 08:10,"412 9th St, Seattle, WA 98101"
195969,Lightning Charging Cable,1,14.95,05/24/19 22:34,"556 Park St, Boston, MA 02215"
195970,Bose SoundSport Headphones,1,99.99,05/08/19 22:24,"476 Jefferson St, Los Angeles, CA 90001"
195971,27in FHD Monitor,1,149.99,05/06/19 15:52,"401 Lake St, New York City, NY 10001"
195972,USB-C Charging Cable,1,11.95,05/18/19 23:52,"211 Lakeview St, Dallas, TX 75001"
195973,Lightning Charging Cable,1,14.95,05/14/19 21:04,"352 6th St, Dallas, TX 75001"
195974,27in 4K Gaming Monitor,1,389.99,05/14/19 08:44,"186 13th St, Los Angeles, CA 90001"
195975,Wired Headphones,1,11.99,05/05/19 11:26,"136 Pine St, Austin, TX 73301"
195976,Wired Headphones,1,11.99,05/31/19 19:40,"517 Lakeview St, Dallas, TX 75001"
195977,Macbook Pro Laptop,1,1700,05/30/19 16:42,"948 Church St, San Francisco, CA 94016"
195978,AA Batteries (4-pack),1,3.84,05/20/19 21:41,"729 Lincoln St, San Francisco, CA 94016"
195979,ThinkPad Laptop,1,999.99,05/30/19 19:04,"706 Hill St, San Francisco, CA 94016"
195980,USB-C Charging Cable,1,11.95,05/25/19 22:17,"211 Main St, New York City, NY 10001"
195981,iPhone,1,700,05/21/19 15:02,"451 5th St, Atlanta, GA 30301"
195982,AAA Batteries (4-pack),1,2.99,05/19/19 03:34,"429 5th St, Los Angeles, CA 90001"
195983,Bose SoundSport Headphones,1,99.99,05/25/19 18:32,"488 Park St, Los Angeles, CA 90001"
195984,ThinkPad Laptop,1,999.99,05/22/19 19:21,"646 13th St, Portland, OR 97035"
195985,AA Batteries (4-pack),1,3.84,05/11/19 15:36,"452 Meadow St, San Francisco, CA 94016"
195986,Lightning Charging Cable,1,14.95,05/25/19 17:38,"431 Maple St, Boston, MA 02215"
195987,Lightning Charging Cable,1,14.95,05/07/19 18:49,"656 River St, Boston, MA 02215"
195988,27in 4K Gaming Monitor,1,389.99,05/22/19 04:26,"442 Hill St, San Francisco, CA 94016"
195989,AA Batteries (4-pack),1,3.84,05/10/19 19:34,"795 Washington St, San Francisco, CA 94016"
195990,Bose SoundSport Headphones,1,99.99,05/07/19 20:42,"855 11th St, San Francisco, CA 94016"
195991,AAA Batteries (4-pack),1,2.99,05/21/19 03:52,"295 10th St, Seattle, WA 98101"
195992,Wired Headphones,1,11.99,05/27/19 14:22,"929 Dogwood St, New York City, NY 10001"
195993,Wired Headphones,1,11.99,05/20/19 20:22,"67 4th St, Seattle, WA 98101"
195994,USB-C Charging Cable,1,11.95,05/06/19 20:37,"267 Meadow St, San Francisco, CA 94016"
195995,Bose SoundSport Headphones,1,99.99,05/07/19 06:33,"256 Madison St, San Francisco, CA 94016"
195996,27in 4K Gaming Monitor,1,389.99,05/13/19 15:38,"531 14th St, Dallas, TX 75001"
195997,ThinkPad Laptop,1,999.99,05/27/19 15:58,"676 Chestnut St, New York City, NY 10001"
195998,AAA Batteries (4-pack),1,2.99,05/03/19 11:40,"196 Center St, Atlanta, GA 30301"
195999,iPhone,1,700,05/11/19 16:39,"297 Main St, Atlanta, GA 30301"
196000,AA Batteries (4-pack),1,3.84,05/04/19 09:42,"873 Johnson St, San Francisco, CA 94016"
196001,AAA Batteries (4-pack),2,2.99,05/23/19 21:51,"577 Walnut St, Los Angeles, CA 90001"
196002,AA Batteries (4-pack),1,3.84,05/07/19 19:55,"517 Cherry St, Boston, MA 02215"
196003,iPhone,1,700,05/03/19 14:29,"33 13th St, San Francisco, CA 94016"
196004,USB-C Charging Cable,1,11.95,05/31/19 22:41,"408 6th St, San Francisco, CA 94016"
196005,USB-C Charging Cable,1,11.95,05/23/19 18:53,"828 West St, Boston, MA 02215"
196006,27in 4K Gaming Monitor,1,389.99,05/15/19 10:06,"111 West St, Los Angeles, CA 90001"
196007,Bose SoundSport Headphones,1,99.99,05/29/19 14:49,"156 South St, New York City, NY 10001"
196008,ThinkPad Laptop,1,999.99,05/22/19 22:33,"795 13th St, Austin, TX 73301"
196009,20in Monitor,1,109.99,05/25/19 12:07,"337 Jackson St, Los Angeles, CA 90001"
196010,Wired Headphones,1,11.99,05/26/19 20:02,"718 Lincoln St, San Francisco, CA 94016"
196011,USB-C Charging Cable,1,11.95,05/10/19 13:15,"868 Madison St, Los Angeles, CA 90001"
196012,Lightning Charging Cable,2,14.95,05/10/19 20:39,"772 5th St, San Francisco, CA 94016"
196013,34in Ultrawide Monitor,1,379.99,05/29/19 14:39,"186 Jefferson St, New York City, NY 10001"
196014,iPhone,1,700,05/16/19 11:49,"872 Wilson St, Atlanta, GA 30301"
196014,Lightning Charging Cable,1,14.95,05/16/19 11:49,"872 Wilson St, Atlanta, GA 30301"
196014,Apple Airpods Headphones,1,150,05/16/19 11:49,"872 Wilson St, Atlanta, GA 30301"
196015,USB-C Charging Cable,1,11.95,05/17/19 18:35,"93 7th St, San Francisco, CA 94016"
196016,27in FHD Monitor,1,149.99,05/04/19 08:43,"492 11th St, San Francisco, CA 94016"
196017,27in FHD Monitor,1,149.99,05/05/19 12:16,"239 12th St, New York City, NY 10001"
196018,Apple Airpods Headphones,1,150,05/18/19 19:05,"591 9th St, New York City, NY 10001"
196019,AA Batteries (4-pack),1,3.84,05/19/19 22:09,"546 Washington St, Boston, MA 02215"
196020,Vareebadd Phone,1,400,05/26/19 16:25,"543 Washington St, Boston, MA 02215"
196021,AAA Batteries (4-pack),1,2.99,05/04/19 16:55,"174 Chestnut St, Seattle, WA 98101"
196022,Bose SoundSport Headphones,1,99.99,05/29/19 10:25,"330 South St, Boston, MA 02215"
196023,Wired Headphones,1,11.99,05/15/19 10:02,"668 1st St, Dallas, TX 75001"
196024,iPhone,1,700,05/07/19 21:15,"489 14th St, Seattle, WA 98101"
196024,Lightning Charging Cable,1,14.95,05/07/19 21:15,"489 14th St, Seattle, WA 98101"
196025,27in FHD Monitor,1,149.99,05/13/19 11:01,"253 Sunset St, New York City, NY 10001"
196026,34in Ultrawide Monitor,1,379.99,05/06/19 18:04,"158 11th St, Portland, OR 97035"
196027,Bose SoundSport Headphones,1,99.99,05/07/19 08:35,"796 Sunset St, New York City, NY 10001"
196028,Apple Airpods Headphones,1,150,05/21/19 11:37,"254 Wilson St, Austin, TX 73301"
196029,Flatscreen TV,1,300,05/09/19 16:20,"415 Jackson St, San Francisco, CA 94016"
196030,Wired Headphones,1,11.99,05/02/19 13:55,"181 South St, Portland, OR 97035"
196031,AAA Batteries (4-pack),1,2.99,05/28/19 08:14,"689 5th St, Dallas, TX 75001"
196032,AAA Batteries (4-pack),2,2.99,05/08/19 10:04,"391 14th St, Atlanta, GA 30301"
196033,AAA Batteries (4-pack),1,2.99,05/19/19 14:36,"269 Ridge St, Seattle, WA 98101"
196034,USB-C Charging Cable,1,11.95,05/15/19 12:58,"570 5th St, San Francisco, CA 94016"
196035,AA Batteries (4-pack),1,3.84,05/27/19 12:12,"987 Adams St, Los Angeles, CA 90001"
196036,USB-C Charging Cable,1,11.95,05/03/19 20:48,"83 Lincoln St, Los Angeles, CA 90001"
196037,Flatscreen TV,1,300,05/18/19 21:25,"689 Sunset St, New York City, NY 10001"
196038,34in Ultrawide Monitor,1,379.99,05/18/19 13:32,"469 Willow St, Atlanta, GA 30301"
196039,Wired Headphones,1,11.99,05/24/19 20:46,"685 Adams St, Portland, OR 97035"
196040,USB-C Charging Cable,1,11.95,05/24/19 21:07,"701 Hickory St, San Francisco, CA 94016"
196041,AA Batteries (4-pack),1,3.84,05/19/19 11:11,"370 Jefferson St, San Francisco, CA 94016"
196042,27in FHD Monitor,1,149.99,05/03/19 22:50,"214 South St, Los Angeles, CA 90001"
196043,Apple Airpods Headphones,1,150,05/18/19 20:08,"720 Center St, San Francisco, CA 94016"
196044,AAA Batteries (4-pack),1,2.99,05/18/19 10:22,"541 Church St, San Francisco, CA 94016"
196045,20in Monitor,1,109.99,05/02/19 07:18,"617 7th St, San Francisco, CA 94016"
196046,Lightning Charging Cable,1,14.95,05/03/19 15:24,"505 Chestnut St, Boston, MA 02215"
196047,Apple Airpods Headphones,1,150,05/30/19 23:47,"612 Madison St, Los Angeles, CA 90001"
196048,Flatscreen TV,1,300,05/12/19 13:47,"518 Wilson St, Seattle, WA 98101"
196049,AA Batteries (4-pack),1,3.84,05/02/19 20:33,"514 9th St, New York City, NY 10001"
196050,Bose SoundSport Headphones,1,99.99,05/24/19 22:57,"650 9th St, Dallas, TX 75001"
196051,34in Ultrawide Monitor,1,379.99,05/15/19 23:17,"267 8th St, Portland, OR 97035"
196052,Bose SoundSport Headphones,1,99.99,05/21/19 16:28,"288 8th St, Seattle, WA 98101"
196053,Google Phone,1,600,05/25/19 19:23,"639 5th St, San Francisco, CA 94016"
196054,34in Ultrawide Monitor,1,379.99,05/30/19 18:48,"920 Meadow St, Dallas, TX 75001"
196055,Bose SoundSport Headphones,1,99.99,05/08/19 00:05,"587 Dogwood St, Los Angeles, CA 90001"
196056,Wired Headphones,1,11.99,05/20/19 16:15,"679 10th St, Austin, TX 73301"
196057,AAA Batteries (4-pack),1,2.99,05/16/19 16:18,"719 Jackson St, New York City, NY 10001"
196058,Bose SoundSport Headphones,1,99.99,05/21/19 18:32,"24 Elm St, Los Angeles, CA 90001"
196059,Apple Airpods Headphones,1,150,05/10/19 16:45,"237 Main St, Boston, MA 02215"
196060,Apple Airpods Headphones,1,150,05/02/19 18:29,"396 Jefferson St, Los Angeles, CA 90001"
196061,Google Phone,1,600,05/19/19 19:56,"238 Hickory St, Atlanta, GA 30301"
196061,USB-C Charging Cable,1,11.95,05/19/19 19:56,"238 Hickory St, Atlanta, GA 30301"
196062,Lightning Charging Cable,1,14.95,05/21/19 10:42,"360 6th St, Boston, MA 02215"
196063,USB-C Charging Cable,1,11.95,05/14/19 00:29,"235 Dogwood St, San Francisco, CA 94016"
196064,Wired Headphones,1,11.99,05/09/19 12:04,"98 Park St, New York City, NY 10001"
196065,Bose SoundSport Headphones,1,99.99,05/16/19 12:50,"241 Ridge St, Atlanta, GA 30301"
196066,27in FHD Monitor,1,149.99,05/12/19 21:24,"486 8th St, Seattle, WA 98101"
196067,Vareebadd Phone,1,400,05/23/19 21:03,"309 Washington St, Los Angeles, CA 90001"
196068,Lightning Charging Cable,1,14.95,05/27/19 20:54,"234 West St, Austin, TX 73301"
196069,Apple Airpods Headphones,1,150,05/09/19 14:23,"771 Jackson St, San Francisco, CA 94016"
196070,USB-C Charging Cable,1,11.95,05/06/19 10:30,"221 1st St, Atlanta, GA 30301"
196071,Apple Airpods Headphones,1,150,05/07/19 09:16,"313 Johnson St, Seattle, WA 98101"
196072,Lightning Charging Cable,1,14.95,06/01/19 00:18,"594 Willow St, San Francisco, CA 94016"
196073,Bose SoundSport Headphones,1,99.99,05/20/19 21:21,"78 Highland St, San Francisco, CA 94016"
196074,AA Batteries (4-pack),2,3.84,05/07/19 12:16,"4 Church St, Seattle, WA 98101"
196075,34in Ultrawide Monitor,1,379.99,05/05/19 12:04,"639 Willow St, Los Angeles, CA 90001"
196076,USB-C Charging Cable,1,11.95,05/07/19 22:22,"733 Cedar St, San Francisco, CA 94016"
196077,Lightning Charging Cable,1,14.95,05/26/19 10:15,"808 Jefferson St, Los Angeles, CA 90001"
196078,AA Batteries (4-pack),1,3.84,05/01/19 06:54,"422 Madison St, Los Angeles, CA 90001"
196079,27in 4K Gaming Monitor,1,389.99,05/12/19 10:56,"84 Spruce St, Los Angeles, CA 90001"
196080,USB-C Charging Cable,1,11.95,05/22/19 14:26,"463 Wilson St, San Francisco, CA 94016"
196081,AAA Batteries (4-pack),1,2.99,05/28/19 16:41,"701 1st St, New York City, NY 10001"
196082,iPhone,1,700,05/06/19 16:58,"888 Spruce St, Los Angeles, CA 90001"
196083,iPhone,1,700,05/19/19 20:38,"428 4th St, Portland, OR 97035"
196084,Flatscreen TV,1,300,05/17/19 09:51,"100 South St, San Francisco, CA 94016"
196085,USB-C Charging Cable,1,11.95,05/25/19 10:10,"920 South St, Austin, TX 73301"
196086,AAA Batteries (4-pack),1,2.99,05/14/19 14:02,"855 13th St, San Francisco, CA 94016"
196087,iPhone,1,700,05/12/19 20:41,"449 Johnson St, San Francisco, CA 94016"
196088,27in 4K Gaming Monitor,1,389.99,05/08/19 17:41,"739 Washington St, Los Angeles, CA 90001"
196089,Lightning Charging Cable,1,14.95,05/02/19 20:34,"991 Lakeview St, Dallas, TX 75001"
196090,iPhone,1,700,05/15/19 19:41,"518 Park St, San Francisco, CA 94016"
196090,Apple Airpods Headphones,1,150,05/15/19 19:41,"518 Park St, San Francisco, CA 94016"
196091,27in 4K Gaming Monitor,1,389.99,05/14/19 14:38,"802 Main St, Boston, MA 02215"
196092,27in FHD Monitor,1,149.99,05/23/19 17:45,"980 Jefferson St, Los Angeles, CA 90001"
196093,USB-C Charging Cable,1,11.95,05/05/19 15:37,"488 North St, Boston, MA 02215"
196094,AAA Batteries (4-pack),1,2.99,05/04/19 16:30,"839 Adams St, Seattle, WA 98101"
196095,Bose SoundSport Headphones,1,99.99,05/03/19 14:19,"690 Chestnut St, San Francisco, CA 94016"
196096,Lightning Charging Cable,1,14.95,05/30/19 23:16,"255 Pine St, San Francisco, CA 94016"
196097,USB-C Charging Cable,1,11.95,05/23/19 18:46,"53 12th St, Atlanta, GA 30301"
196098,27in 4K Gaming Monitor,1,389.99,05/02/19 08:10,"675 Church St, Boston, MA 02215"
196099,AA Batteries (4-pack),1,3.84,05/19/19 12:14,"833 13th St, Los Angeles, CA 90001"
196100,iPhone,1,700,05/21/19 13:06,"69 Main St, Atlanta, GA 30301"
196101,Bose SoundSport Headphones,1,99.99,05/11/19 22:07,"848 2nd St, Austin, TX 73301"
196102,iPhone,1,700,05/06/19 19:30,"432 Lakeview St, Atlanta, GA 30301"
196103,AAA Batteries (4-pack),2,2.99,05/22/19 12:27,"724 Chestnut St, Seattle, WA 98101"
196104,27in FHD Monitor,1,149.99,05/02/19 00:05,"333 12th St, New York City, NY 10001"
196105,AAA Batteries (4-pack),1,2.99,05/16/19 05:29,"64 Main St, New York City, NY 10001"
196106,Flatscreen TV,1,300,05/03/19 04:57,"67 Madison St, Seattle, WA 98101"
196107,Lightning Charging Cable,1,14.95,05/01/19 09:36,"539 Maple St, San Francisco, CA 94016"
196108,34in Ultrawide Monitor,1,379.99,05/30/19 21:00,"638 8th St, New York City, NY 10001"
196109,27in 4K Gaming Monitor,1,389.99,05/25/19 18:19,"759 11th St, Dallas, TX 75001"
196110,Wired Headphones,1,11.99,05/23/19 12:10,"454 West St, Los Angeles, CA 90001"
196111,Wired Headphones,1,11.99,05/21/19 16:13,"333 Johnson St, Los Angeles, CA 90001"
196112,27in FHD Monitor,1,149.99,05/16/19 23:21,"816 Forest St, New York City, NY 10001"
196113,27in FHD Monitor,1,149.99,05/19/19 21:43,"868 North St, San Francisco, CA 94016"
196114,AAA Batteries (4-pack),1,2.99,05/30/19 23:36,"172 Forest St, Dallas, TX 75001"
196115,Wired Headphones,1,11.99,05/28/19 12:20,"903 South St, New York City, NY 10001"
196116,Bose SoundSport Headphones,1,99.99,05/16/19 10:47,"879 Jackson St, Austin, TX 73301"
196117,Lightning Charging Cable,1,14.95,05/24/19 20:22,"805 Lakeview St, Los Angeles, CA 90001"
196118,USB-C Charging Cable,1,11.95,05/24/19 17:36,"504 Johnson St, Portland, OR 97035"
196119,Wired Headphones,1,11.99,05/17/19 09:21,"101 Ridge St, New York City, NY 10001"
196120,AA Batteries (4-pack),2,3.84,05/28/19 06:37,"296 Wilson St, San Francisco, CA 94016"
196121,AAA Batteries (4-pack),1,2.99,05/13/19 23:11,"740 7th St, Atlanta, GA 30301"
196122,USB-C Charging Cable,1,11.95,05/01/19 14:05,"677 13th St, San Francisco, CA 94016"
196123,Vareebadd Phone,1,400,05/12/19 19:14,"898 Willow St, San Francisco, CA 94016"
196123,USB-C Charging Cable,1,11.95,05/12/19 19:14,"898 Willow St, San Francisco, CA 94016"
196124,Apple Airpods Headphones,1,150,05/09/19 19:53,"19 South St, San Francisco, CA 94016"
196125,USB-C Charging Cable,2,11.95,05/17/19 16:50,"935 Lakeview St, New York City, NY 10001"
196126,Macbook Pro Laptop,1,1700,05/08/19 16:51,"510 Cedar St, Los Angeles, CA 90001"
196127,27in 4K Gaming Monitor,1,389.99,05/19/19 11:30,"931 Washington St, San Francisco, CA 94016"
196128,Google Phone,1,600,05/06/19 18:37,"848 2nd St, San Francisco, CA 94016"
196128,USB-C Charging Cable,1,11.95,05/06/19 18:37,"848 2nd St, San Francisco, CA 94016"
196129,iPhone,1,700,05/09/19 15:02,"401 14th St, San Francisco, CA 94016"
196130,AA Batteries (4-pack),1,3.84,05/30/19 22:07,"927 Lake St, Dallas, TX 75001"
196131,USB-C Charging Cable,1,11.95,05/05/19 14:34,"635 Johnson St, Los Angeles, CA 90001"
196132,Lightning Charging Cable,1,14.95,06/01/19 02:48,"998 10th St, San Francisco, CA 94016"
196133,AAA Batteries (4-pack),1,2.99,05/07/19 21:20,"5 13th St, Boston, MA 02215"
196134,Wired Headphones,1,11.99,05/23/19 16:07,"737 Hickory St, Los Angeles, CA 90001"
196135,Apple Airpods Headphones,1,150,05/16/19 19:53,"263 Pine St, Boston, MA 02215"
196136,iPhone,1,700,05/23/19 20:50,"748 1st St, Los Angeles, CA 90001"
196136,Lightning Charging Cable,2,14.95,05/23/19 20:50,"748 1st St, Los Angeles, CA 90001"
196137,Apple Airpods Headphones,1,150,05/30/19 15:52,"285 Madison St, Los Angeles, CA 90001"
196138,AAA Batteries (4-pack),1,2.99,05/05/19 17:33,"167 Highland St, New York City, NY 10001"
196139,AAA Batteries (4-pack),1,2.99,05/06/19 14:56,"633 Hickory St, Austin, TX 73301"
196140,Lightning Charging Cable,1,14.95,05/19/19 20:44,"954 10th St, New York City, NY 10001"
196141,USB-C Charging Cable,1,11.95,05/28/19 07:09,"158 River St, Portland, OR 97035"
196142,Bose SoundSport Headphones,1,99.99,05/05/19 12:32,"180 2nd St, New York City, NY 10001"
196143,Flatscreen TV,1,300,05/11/19 20:01,"134 Jefferson St, New York City, NY 10001"
196144,Lightning Charging Cable,1,14.95,05/01/19 19:08,"385 6th St, Boston, MA 02215"
196145,Lightning Charging Cable,2,14.95,05/12/19 18:29,"966 Center St, Portland, OR 97035"
196146,20in Monitor,1,109.99,05/05/19 17:26,"7 Main St, San Francisco, CA 94016"
196147,AAA Batteries (4-pack),1,2.99,05/08/19 21:21,"719 Pine St, Boston, MA 02215"
196148,USB-C Charging Cable,2,11.95,05/27/19 03:02,"752 Church St, San Francisco, CA 94016"
196149,USB-C Charging Cable,1,11.95,05/19/19 16:15,"154 Lakeview St, Atlanta, GA 30301"
196150,USB-C Charging Cable,1,11.95,05/04/19 15:17,"595 Spruce St, Dallas, TX 75001"
196151,LG Dryer,1,600.0,05/24/19 11:43,"2 5th St, Los Angeles, CA 90001"
196152,Bose SoundSport Headphones,1,99.99,05/16/19 16:11,"240 5th St, Dallas, TX 75001"
196153,USB-C Charging Cable,1,11.95,05/06/19 19:48,"889 Dogwood St, Dallas, TX 75001"
196154,AA Batteries (4-pack),1,3.84,05/11/19 21:16,"956 1st St, San Francisco, CA 94016"
196155,USB-C Charging Cable,1,11.95,05/14/19 09:50,"986 Main St, Los Angeles, CA 90001"
196156,AAA Batteries (4-pack),1,2.99,05/19/19 09:27,"102 Church St, Seattle, WA 98101"
196157,27in FHD Monitor,1,149.99,05/12/19 22:22,"901 Pine St, New York City, NY 10001"
196158,Apple Airpods Headphones,1,150,05/21/19 22:45,"784 5th St, Boston, MA 02215"
196159,AAA Batteries (4-pack),1,2.99,05/10/19 07:59,"529 Hill St, San Francisco, CA 94016"
196160,AA Batteries (4-pack),1,3.84,05/19/19 13:27,"700 Church St, Los Angeles, CA 90001"
196161,Apple Airpods Headphones,1,150,05/31/19 08:05,"403 River St, Los Angeles, CA 90001"
196162,Bose SoundSport Headphones,1,99.99,05/05/19 10:26,"283 4th St, San Francisco, CA 94016"
196163,AA Batteries (4-pack),2,3.84,05/29/19 11:49,"912 Madison St, Seattle, WA 98101"
196164,Lightning Charging Cable,1,14.95,05/22/19 11:34,"8 Madison St, Boston, MA 02215"
196165,Google Phone,1,600,05/07/19 23:19,"107 Highland St, San Francisco, CA 94016"
196165,USB-C Charging Cable,1,11.95,05/07/19 23:19,"107 Highland St, San Francisco, CA 94016"
196166,Lightning Charging Cable,1,14.95,05/19/19 16:50,"326 Hickory St, Boston, MA 02215"
196167,USB-C Charging Cable,1,11.95,05/20/19 18:00,"536 Willow St, San Francisco, CA 94016"
196168,USB-C Charging Cable,1,11.95,05/27/19 16:32,"870 Lakeview St, New York City, NY 10001"
196169,USB-C Charging Cable,1,11.95,05/16/19 18:49,"734 14th St, Boston, MA 02215"
196170,USB-C Charging Cable,1,11.95,05/23/19 20:21,"667 Jefferson St, Atlanta, GA 30301"
196171,Lightning Charging Cable,1,14.95,05/06/19 21:02,"179 Main St, Atlanta, GA 30301"
196172,AAA Batteries (4-pack),2,2.99,05/26/19 15:05,"508 River St, Austin, TX 73301"
196173,AA Batteries (4-pack),1,3.84,05/21/19 15:31,"426 Hill St, Dallas, TX 75001"
196174,34in Ultrawide Monitor,1,379.99,05/29/19 17:01,"758 5th St, Los Angeles, CA 90001"
196175,Wired Headphones,1,11.99,05/02/19 08:06,"176 Meadow St, San Francisco, CA 94016"
196176,AAA Batteries (4-pack),1,2.99,05/23/19 23:51,"680 2nd St, Portland, OR 97035"
196177,Lightning Charging Cable,1,14.95,05/16/19 13:23,"882 Forest St, New York City, NY 10001"
196178,Wired Headphones,1,11.99,05/13/19 12:08,"765 Walnut St, Dallas, TX 75001"
196179,AA Batteries (4-pack),1,3.84,05/03/19 18:10,"373 Highland St, Austin, TX 73301"
196180,AA Batteries (4-pack),1,3.84,05/23/19 00:30,"283 11th St, Los Angeles, CA 90001"
196181,AA Batteries (4-pack),1,3.84,05/26/19 10:14,"400 4th St, Los Angeles, CA 90001"
196182,Apple Airpods Headphones,1,150,05/21/19 20:02,"645 Forest St, New York City, NY 10001"
196183,Apple Airpods Headphones,1,150,05/04/19 23:45,"155 Lincoln St, Portland, OR 97035"
196184,USB-C Charging Cable,1,11.95,05/27/19 14:29,"895 7th St, Seattle, WA 98101"
196185,ThinkPad Laptop,1,999.99,05/05/19 10:43,"43 Cherry St, San Francisco, CA 94016"
196186,27in 4K Gaming Monitor,1,389.99,05/30/19 19:35,"607 Highland St, New York City, NY 10001"
196187,AAA Batteries (4-pack),1,2.99,05/13/19 08:24,"215 12th St, Los Angeles, CA 90001"
196188,USB-C Charging Cable,1,11.95,05/23/19 19:24,"445 Elm St, San Francisco, CA 94016"
196189,LG Washing Machine,1,600.0,05/30/19 13:48,"894 10th St, Los Angeles, CA 90001"
196190,AAA Batteries (4-pack),2,2.99,05/26/19 10:46,"167 Elm St, Austin, TX 73301"
196191,AA Batteries (4-pack),2,3.84,05/26/19 10:58,"335 Lakeview St, Los Angeles, CA 90001"
196192,iPhone,1,700,05/09/19 16:24,"240 Main St, New York City, NY 10001"
196193,USB-C Charging Cable,1,11.95,05/08/19 20:40,"698 Church St, Boston, MA 02215"
196194,27in 4K Gaming Monitor,1,389.99,05/21/19 13:54,"605 Adams St, New York City, NY 10001"
196195,AA Batteries (4-pack),1,3.84,05/25/19 15:00,"573 Elm St, San Francisco, CA 94016"
196196,20in Monitor,1,109.99,05/28/19 22:49,"614 Lake St, San Francisco, CA 94016"
196197,Lightning Charging Cable,1,14.95,05/03/19 18:47,"657 Center St, Boston, MA 02215"
196198,Apple Airpods Headphones,1,150,05/02/19 18:35,"916 10th St, San Francisco, CA 94016"
196199,AA Batteries (4-pack),1,3.84,05/29/19 16:46,"822 Forest St, San Francisco, CA 94016"
196200,Apple Airpods Headphones,1,150,05/13/19 22:57,"848 Maple St, Los Angeles, CA 90001"
196201,USB-C Charging Cable,1,11.95,05/26/19 18:46,"52 Adams St, San Francisco, CA 94016"
196202,27in FHD Monitor,1,149.99,05/27/19 17:02,"744 8th St, Atlanta, GA 30301"
196203,Google Phone,1,600,05/22/19 11:09,"542 Jefferson St, New York City, NY 10001"
196204,Wired Headphones,1,11.99,05/31/19 11:25,"18 13th St, New York City, NY 10001"
196205,Lightning Charging Cable,1,14.95,05/22/19 19:41,"532 Center St, Atlanta, GA 30301"
196206,AA Batteries (4-pack),1,3.84,05/09/19 10:36,"393 Maple St, Boston, MA 02215"
196207,Bose SoundSport Headphones,1,99.99,05/21/19 23:55,"241 Johnson St, Los Angeles, CA 90001"
196208,Lightning Charging Cable,1,14.95,05/20/19 19:19,"563 Main St, Atlanta, GA 30301"
196209,Bose SoundSport Headphones,1,99.99,05/17/19 13:19,"537 Spruce St, Dallas, TX 75001"
196210,iPhone,1,700,05/07/19 18:45,"634 6th St, Los Angeles, CA 90001"
196211,Apple Airpods Headphones,1,150,05/18/19 07:30,"247 6th St, Austin, TX 73301"
196212,AA Batteries (4-pack),1,3.84,05/12/19 15:52,"804 Sunset St, San Francisco, CA 94016"
196213,20in Monitor,1,109.99,05/17/19 10:01,"98 9th St, New York City, NY 10001"
196214,AAA Batteries (4-pack),1,2.99,05/10/19 22:11,"996 14th St, San Francisco, CA 94016"
196215,AA Batteries (4-pack),1,3.84,05/09/19 15:07,"778 River St, Los Angeles, CA 90001"
196216,USB-C Charging Cable,1,11.95,05/20/19 15:40,"874 Main St, San Francisco, CA 94016"
196217,AA Batteries (4-pack),1,3.84,05/28/19 19:23,"420 Johnson St, Atlanta, GA 30301"
196218,USB-C Charging Cable,1,11.95,05/19/19 13:05,"681 Lake St, San Francisco, CA 94016"
196219,AAA Batteries (4-pack),2,2.99,05/14/19 10:46,"564 Chestnut St, Los Angeles, CA 90001"
196220,Apple Airpods Headphones,1,150,05/03/19 13:00,"654 Chestnut St, Boston, MA 02215"
196221,Bose SoundSport Headphones,1,99.99,05/23/19 12:34,"735 Madison St, Dallas, TX 75001"
196222,Lightning Charging Cable,1,14.95,05/08/19 09:06,"135 Johnson St, San Francisco, CA 94016"
196223,Wired Headphones,1,11.99,05/16/19 11:56,"546 7th St, San Francisco, CA 94016"
196224,AA Batteries (4-pack),1,3.84,05/25/19 22:35,"606 Washington St, New York City, NY 10001"
196225,USB-C Charging Cable,1,11.95,05/21/19 18:30,"210 10th St, Los Angeles, CA 90001"
196226,34in Ultrawide Monitor,1,379.99,05/21/19 18:37,"179 Church St, Portland, OR 97035"
196227,Lightning Charging Cable,2,14.95,05/23/19 09:40,"373 11th St, Atlanta, GA 30301"
196228,iPhone,1,700,05/19/19 09:02,"370 13th St, New York City, NY 10001"
196229,AA Batteries (4-pack),1,3.84,05/21/19 23:46,"531 Meadow St, San Francisco, CA 94016"
196230,27in 4K Gaming Monitor,1,389.99,05/02/19 12:29,"937 Chestnut St, Seattle, WA 98101"
196231,Lightning Charging Cable,1,14.95,05/17/19 13:14,"89 Hill St, Dallas, TX 75001"
196232,Wired Headphones,1,11.99,05/25/19 17:11,"330 Church St, Dallas, TX 75001"
196233,AA Batteries (4-pack),1,3.84,05/13/19 17:17,"79 10th St, San Francisco, CA 94016"
196234,Bose SoundSport Headphones,1,99.99,05/12/19 08:50,"442 Church St, Boston, MA 02215"
196235,Wired Headphones,1,11.99,05/18/19 08:30,"841 1st St, Boston, MA 02215"
196236,AA Batteries (4-pack),2,3.84,05/13/19 14:13,"59 Ridge St, Boston, MA 02215"
196237,Wired Headphones,1,11.99,05/14/19 13:39,"97 Washington St, Los Angeles, CA 90001"
196238,AA Batteries (4-pack),1,3.84,05/05/19 17:01,"356 11th St, San Francisco, CA 94016"
196239,Wired Headphones,1,11.99,05/05/19 18:28,"112 Johnson St, Seattle, WA 98101"
196240,Lightning Charging Cable,1,14.95,05/02/19 13:47,"597 Wilson St, Boston, MA 02215"
196241,AAA Batteries (4-pack),3,2.99,05/20/19 18:04,"399 North St, Boston, MA 02215"
196242,AAA Batteries (4-pack),1,2.99,05/16/19 18:49,"308 Washington St, San Francisco, CA 94016"
196243,Lightning Charging Cable,1,14.95,05/10/19 12:30,"137 8th St, Los Angeles, CA 90001"
196244,AAA Batteries (4-pack),1,2.99,05/06/19 22:57,"843 Forest St, Dallas, TX 75001"
196245,AA Batteries (4-pack),1,3.84,05/01/19 12:54,"247 8th St, San Francisco, CA 94016"
196246,USB-C Charging Cable,1,11.95,05/11/19 20:38,"243 10th St, San Francisco, CA 94016"
196247,Wired Headphones,1,11.99,05/20/19 21:08,"336 Wilson St, Los Angeles, CA 90001"
196248,Lightning Charging Cable,1,14.95,05/25/19 10:44,"365 Sunset St, San Francisco, CA 94016"
196249,Lightning Charging Cable,1,14.95,05/04/19 19:18,"489 14th St, San Francisco, CA 94016"
196250,Wired Headphones,1,11.99,05/26/19 14:10,"370 2nd St, San Francisco, CA 94016"
196251,Apple Airpods Headphones,1,150,05/25/19 22:01,"723 Johnson St, Dallas, TX 75001"
196252,USB-C Charging Cable,1,11.95,05/25/19 23:21,"562 South St, Atlanta, GA 30301"
196253,AAA Batteries (4-pack),1,2.99,05/01/19 13:16,"730 1st St, San Francisco, CA 94016"
196254,Google Phone,1,600,05/28/19 09:21,"575 8th St, Los Angeles, CA 90001"
196255,Bose SoundSport Headphones,1,99.99,05/20/19 10:49,"544 Dogwood St, San Francisco, CA 94016"
196256,AAA Batteries (4-pack),3,2.99,05/17/19 17:40,"108 11th St, San Francisco, CA 94016"
196257,27in FHD Monitor,1,149.99,05/14/19 14:02,"773 Cedar St, San Francisco, CA 94016"
196258,AAA Batteries (4-pack),1,2.99,05/12/19 17:19,"940 12th St, Boston, MA 02215"
196259,34in Ultrawide Monitor,1,379.99,05/29/19 17:40,"425 Highland St, Seattle, WA 98101"
196260,AA Batteries (4-pack),2,3.84,05/29/19 15:51,"422 8th St, San Francisco, CA 94016"
196260,Wired Headphones,1,11.99,05/29/19 15:51,"422 8th St, San Francisco, CA 94016"
196261,AAA Batteries (4-pack),1,2.99,05/01/19 11:21,"597 9th St, San Francisco, CA 94016"
196262,Apple Airpods Headphones,1,150,05/04/19 16:22,"482 Lincoln St, New York City, NY 10001"
196263,AAA Batteries (4-pack),1,2.99,05/07/19 10:59,"805 Walnut St, Atlanta, GA 30301"
196264,USB-C Charging Cable,1,11.95,05/21/19 19:41,"923 Main St, Los Angeles, CA 90001"
196265,AAA Batteries (4-pack),2,2.99,05/11/19 21:27,"402 Wilson St, Los Angeles, CA 90001"
196266,USB-C Charging Cable,1,11.95,05/07/19 19:32,"325 Adams St, Atlanta, GA 30301"
196267,Bose SoundSport Headphones,1,99.99,05/08/19 22:15,"663 4th St, Los Angeles, CA 90001"
196268,AAA Batteries (4-pack),2,2.99,05/11/19 02:17,"743 12th St, San Francisco, CA 94016"
196269,USB-C Charging Cable,1,11.95,05/30/19 12:47,"93 Hill St, New York City, NY 10001"
196270,34in Ultrawide Monitor,1,379.99,05/20/19 14:45,"925 Hill St, New York City, NY 10001"
196271,iPhone,1,700,05/09/19 21:24,"619 Hill St, Portland, OR 97035"
196272,Apple Airpods Headphones,1,150,05/14/19 19:43,"524 Sunset St, Atlanta, GA 30301"
196273,20in Monitor,1,109.99,05/11/19 10:39,"563 Jefferson St, San Francisco, CA 94016"
196274,20in Monitor,1,109.99,05/01/19 09:37,"784 South St, San Francisco, CA 94016"
196275,AA Batteries (4-pack),1,3.84,05/14/19 09:31,"865 Hill St, Boston, MA 02215"
196276,34in Ultrawide Monitor,1,379.99,05/16/19 00:28,"171 Cherry St, Austin, TX 73301"
196277,Lightning Charging Cable,1,14.95,05/13/19 20:36,"866 13th St, Boston, MA 02215"
196278,AAA Batteries (4-pack),1,2.99,05/04/19 12:24,"201 10th St, San Francisco, CA 94016"
196279,Bose SoundSport Headphones,1,99.99,05/03/19 11:43,"210 Jackson St, Portland, ME 04101"
196280,AAA Batteries (4-pack),2,2.99,05/19/19 15:57,"781 14th St, San Francisco, CA 94016"
196281,USB-C Charging Cable,1,11.95,05/10/19 23:21,"227 Church St, Boston, MA 02215"
196282,AAA Batteries (4-pack),1,2.99,05/19/19 17:52,"533 Ridge St, Atlanta, GA 30301"
196283,Wired Headphones,1,11.99,05/31/19 11:07,"731 Hill St, Boston, MA 02215"
196284,Lightning Charging Cable,1,14.95,05/15/19 11:02,"828 South St, Los Angeles, CA 90001"
196285,Lightning Charging Cable,1,14.95,05/17/19 19:31,"122 Washington St, Boston, MA 02215"
196286,AA Batteries (4-pack),1,3.84,05/15/19 09:49,"365 Chestnut St, San Francisco, CA 94016"
196287,iPhone,1,700,05/17/19 09:50,"827 8th St, San Francisco, CA 94016"
196288,27in 4K Gaming Monitor,1,389.99,05/09/19 07:28,"318 12th St, Atlanta, GA 30301"
196289,AAA Batteries (4-pack),2,2.99,05/07/19 11:10,"297 Dogwood St, Dallas, TX 75001"
196290,USB-C Charging Cable,1,11.95,05/03/19 19:24,"169 5th St, Atlanta, GA 30301"
196291,Wired Headphones,1,11.99,05/12/19 16:11,"444 North St, San Francisco, CA 94016"
196292,iPhone,1,700,05/07/19 10:08,"530 5th St, Boston, MA 02215"
196293,AA Batteries (4-pack),1,3.84,05/15/19 14:21,"984 12th St, Los Angeles, CA 90001"
196294,USB-C Charging Cable,2,11.95,05/12/19 18:28,"658 Spruce St, San Francisco, CA 94016"
196295,iPhone,1,700,05/02/19 10:14,"485 Center St, San Francisco, CA 94016"
196296,27in FHD Monitor,1,149.99,05/29/19 12:29,"731 Spruce St, Boston, MA 02215"
196297,AA Batteries (4-pack),1,3.84,05/24/19 22:04,"86 Highland St, San Francisco, CA 94016"
196298,Bose SoundSport Headphones,1,99.99,05/16/19 21:04,"380 Main St, Boston, MA 02215"
196299,AAA Batteries (4-pack),1,2.99,05/04/19 08:02,"191 Lakeview St, Seattle, WA 98101"
196300,iPhone,1,700,05/01/19 19:27,"131 10th St, San Francisco, CA 94016"
196301,Lightning Charging Cable,1,14.95,05/21/19 12:00,"595 Center St, San Francisco, CA 94016"
196302,AA Batteries (4-pack),1,3.84,05/21/19 12:03,"732 Washington St, San Francisco, CA 94016"
196303,Wired Headphones,1,11.99,05/20/19 13:24,"902 Wilson St, New York City, NY 10001"
196304,Wired Headphones,1,11.99,05/15/19 15:10,"480 10th St, Los Angeles, CA 90001"
196305,Wired Headphones,2,11.99,05/31/19 16:04,"569 Center St, New York City, NY 10001"
196306,AAA Batteries (4-pack),3,2.99,05/05/19 01:10,"1 Adams St, San Francisco, CA 94016"
196307,AA Batteries (4-pack),1,3.84,05/24/19 11:06,"583 Hill St, San Francisco, CA 94016"
196308,AA Batteries (4-pack),1,3.84,05/10/19 09:18,"356 South St, Portland, OR 97035"
196309,34in Ultrawide Monitor,1,379.99,05/23/19 19:54,"831 Lincoln St, San Francisco, CA 94016"
196310,AA Batteries (4-pack),1,3.84,05/01/19 19:48,"51 Hickory St, San Francisco, CA 94016"
196311,Google Phone,1,600,05/25/19 13:15,"413 13th St, Portland, OR 97035"
196311,Wired Headphones,1,11.99,05/25/19 13:15,"413 13th St, Portland, OR 97035"
196312,Lightning Charging Cable,1,14.95,05/04/19 14:08,"290 Walnut St, Boston, MA 02215"
196313,Apple Airpods Headphones,1,150,05/18/19 10:01,"299 Lincoln St, Portland, OR 97035"
196314,Google Phone,1,600,05/13/19 10:40,"512 Lakeview St, Los Angeles, CA 90001"
196315,AA Batteries (4-pack),1,3.84,05/06/19 17:52,"895 South St, Austin, TX 73301"
196316,AAA Batteries (4-pack),1,2.99,05/31/19 11:07,"54 Johnson St, Los Angeles, CA 90001"
196317,Wired Headphones,1,11.99,05/23/19 21:06,"663 Highland St, Austin, TX 73301"
196318,Google Phone,1,600,05/17/19 14:36,"729 Dogwood St, Seattle, WA 98101"
196319,AA Batteries (4-pack),2,3.84,05/04/19 12:13,"926 Cedar St, Portland, ME 04101"
196320,Lightning Charging Cable,1,14.95,05/26/19 18:34,"432 Johnson St, Seattle, WA 98101"
196321,Apple Airpods Headphones,1,150,05/01/19 23:30,"370 Jefferson St, New York City, NY 10001"
196322,AA Batteries (4-pack),1,3.84,05/05/19 09:33,"210 Jefferson St, San Francisco, CA 94016"
196323,Bose SoundSport Headphones,1,99.99,05/06/19 09:16,"544 Main St, Los Angeles, CA 90001"
196324,USB-C Charging Cable,1,11.95,05/24/19 01:40,"96 2nd St, San Francisco, CA 94016"
196325,Apple Airpods Headphones,1,150,05/19/19 00:30,"606 Sunset St, Atlanta, GA 30301"
196326,AAA Batteries (4-pack),1,2.99,05/01/19 07:14,"369 Main St, San Francisco, CA 94016"
196327,Google Phone,1,600,05/13/19 14:08,"793 River St, Portland, OR 97035"
196327,Wired Headphones,1,11.99,05/13/19 14:08,"793 River St, Portland, OR 97035"
196328,27in FHD Monitor,1,149.99,05/15/19 10:46,"706 Chestnut St, New York City, NY 10001"
196329,Bose SoundSport Headphones,1,99.99,05/17/19 21:52,"680 10th St, Seattle, WA 98101"
196330,27in FHD Monitor,1,149.99,05/12/19 19:49,"277 River St, Atlanta, GA 30301"
196331,AA Batteries (4-pack),1,3.84,05/17/19 15:22,"862 14th St, San Francisco, CA 94016"
196332,iPhone,1,700,05/11/19 10:04,"653 Cherry St, Austin, TX 73301"
196333,AA Batteries (4-pack),2,3.84,05/16/19 20:09,"692 Adams St, Austin, TX 73301"
196334,AAA Batteries (4-pack),1,2.99,05/24/19 20:46,"58 Forest St, San Francisco, CA 94016"
196335,Apple Airpods Headphones,1,150,05/16/19 09:10,"264 Elm St, Seattle, WA 98101"
196336,AAA Batteries (4-pack),1,2.99,05/30/19 19:25,"753 6th St, San Francisco, CA 94016"
196337,Wired Headphones,1,11.99,05/20/19 19:54,"15 2nd St, New York City, NY 10001"
196338,AA Batteries (4-pack),1,3.84,05/30/19 11:19,"732 Meadow St, Austin, TX 73301"
196339,Bose SoundSport Headphones,1,99.99,05/01/19 18:00,"159 12th St, Los Angeles, CA 90001"
196340,AAA Batteries (4-pack),2,2.99,05/22/19 21:45,"795 Hickory St, Atlanta, GA 30301"
196341,USB-C Charging Cable,1,11.95,05/09/19 12:55,"136 Meadow St, San Francisco, CA 94016"
196342,Wired Headphones,1,11.99,05/06/19 15:32,"242 13th St, Boston, MA 02215"
196343,Wired Headphones,1,11.99,05/10/19 19:07,"165 Sunset St, Atlanta, GA 30301"
196344,Wired Headphones,1,11.99,05/21/19 22:11,"369 River St, Dallas, TX 75001"
196345,AA Batteries (4-pack),1,3.84,05/12/19 17:28,"319 11th St, Boston, MA 02215"
196346,AA Batteries (4-pack),1,3.84,05/15/19 21:12,"861 Forest St, San Francisco, CA 94016"
196347,USB-C Charging Cable,1,11.95,05/12/19 18:51,"732 Cedar St, Seattle, WA 98101"
196348,34in Ultrawide Monitor,1,379.99,05/25/19 11:31,"825 Elm St, San Francisco, CA 94016"
196349,27in FHD Monitor,1,149.99,05/01/19 13:16,"172 Pine St, New York City, NY 10001"
196350,AAA Batteries (4-pack),1,2.99,05/17/19 11:09,"234 Hill St, San Francisco, CA 94016"
196351,USB-C Charging Cable,1,11.95,05/17/19 16:40,"766 Washington St, Portland, OR 97035"
196352,USB-C Charging Cable,1,11.95,05/02/19 14:51,"162 Cedar St, Atlanta, GA 30301"
196353,AAA Batteries (4-pack),1,2.99,05/03/19 09:11,"725 Hickory St, San Francisco, CA 94016"
196354,Wired Headphones,1,11.99,05/17/19 12:47,"690 Johnson St, New York City, NY 10001"
196355,20in Monitor,1,109.99,05/29/19 20:31,"719 Adams St, Atlanta, GA 30301"
196356,Apple Airpods Headphones,1,150,05/14/19 07:55,"432 Park St, Los Angeles, CA 90001"
196357,Apple Airpods Headphones,1,150,05/08/19 12:56,"987 10th St, Dallas, TX 75001"
196358,Wired Headphones,1,11.99,05/23/19 18:42,"165 5th St, San Francisco, CA 94016"
196359,Wired Headphones,2,11.99,05/01/19 10:19,"336 5th St, Dallas, TX 75001"
196360,Wired Headphones,1,11.99,05/22/19 12:18,"984 Lincoln St, Los Angeles, CA 90001"
196361,AAA Batteries (4-pack),2,2.99,05/17/19 19:44,"60 Madison St, New York City, NY 10001"
196362,Apple Airpods Headphones,1,150,05/29/19 23:54,"386 Center St, San Francisco, CA 94016"
196363,USB-C Charging Cable,2,11.95,05/26/19 13:46,"350 Highland St, San Francisco, CA 94016"
196364,Wired Headphones,1,11.99,05/29/19 01:24,"534 Jefferson St, San Francisco, CA 94016"
196365,Lightning Charging Cable,1,14.95,05/15/19 20:57,"725 Walnut St, Boston, MA 02215"
196366,USB-C Charging Cable,1,11.95,05/13/19 16:50,"266 Ridge St, Boston, MA 02215"
196367,USB-C Charging Cable,1,11.95,05/22/19 12:32,"655 Chestnut St, Portland, OR 97035"
196368,Google Phone,1,600,05/17/19 16:14,"446 Park St, Atlanta, GA 30301"
196368,Bose SoundSport Headphones,1,99.99,05/17/19 16:14,"446 Park St, Atlanta, GA 30301"
196369,Lightning Charging Cable,1,14.95,05/07/19 11:33,"971 Adams St, Atlanta, GA 30301"
196370,USB-C Charging Cable,1,11.95,05/09/19 08:29,"285 2nd St, Dallas, TX 75001"
196371,Apple Airpods Headphones,1,150,05/07/19 07:49,"653 Highland St, Boston, MA 02215"
196372,Apple Airpods Headphones,1,150,05/10/19 13:03,"514 Highland St, Boston, MA 02215"
196373,Apple Airpods Headphones,1,150,05/17/19 10:30,"597 14th St, San Francisco, CA 94016"
196374,AA Batteries (4-pack),1,3.84,05/29/19 10:58,"386 Jefferson St, Portland, ME 04101"
196375,LG Washing Machine,1,600.0,05/28/19 07:12,"400 Ridge St, Los Angeles, CA 90001"
,,,,,
196376,Lightning Charging Cable,1,14.95,05/21/19 11:52,"908 4th St, Boston, MA 02215"
196377,Flatscreen TV,1,300,05/30/19 20:27,"50 Walnut St, New York City, NY 10001"
196378,AAA Batteries (4-pack),4,2.99,05/20/19 21:01,"671 Hill St, San Francisco, CA 94016"
196379,27in FHD Monitor,1,149.99,05/19/19 12:36,"687 Maple St, New York City, NY 10001"
196380,Wired Headphones,1,11.99,05/02/19 15:05,"268 Hickory St, Los Angeles, CA 90001"
196381,AA Batteries (4-pack),1,3.84,05/27/19 14:09,"44 Chestnut St, Atlanta, GA 30301"
196382,AA Batteries (4-pack),1,3.84,05/30/19 22:05,"594 Lake St, Boston, MA 02215"
196383,27in FHD Monitor,1,149.99,05/23/19 15:11,"338 13th St, San Francisco, CA 94016"
196384,AA Batteries (4-pack),1,3.84,05/05/19 14:43,"770 7th St, San Francisco, CA 94016"
196385,Lightning Charging Cable,1,14.95,05/25/19 07:21,"868 11th St, Austin, TX 73301"
196386,USB-C Charging Cable,1,11.95,05/26/19 12:31,"692 Adams St, Dallas, TX 75001"
196386,34in Ultrawide Monitor,1,379.99,05/26/19 12:31,"692 Adams St, Dallas, TX 75001"
196387,27in FHD Monitor,1,149.99,05/19/19 18:07,"951 1st St, San Francisco, CA 94016"
196388,27in FHD Monitor,1,149.99,05/25/19 11:27,"831 Hickory St, San Francisco, CA 94016"
196389,AAA Batteries (4-pack),3,2.99,05/01/19 20:52,"759 North St, Dallas, TX 75001"
196390,Lightning Charging Cable,1,14.95,05/31/19 12:01,"874 Main St, Seattle, WA 98101"
196391,27in FHD Monitor,1,149.99,05/25/19 16:57,"457 Spruce St, San Francisco, CA 94016"
196392,Lightning Charging Cable,3,14.95,05/07/19 21:52,"411 Park St, San Francisco, CA 94016"
196393,27in FHD Monitor,1,149.99,05/25/19 16:21,"965 Park St, San Francisco, CA 94016"
196394,Bose SoundSport Headphones,1,99.99,05/22/19 14:20,"980 Maple St, Los Angeles, CA 90001"
196395,Google Phone,1,600,05/24/19 16:36,"391 Ridge St, Los Angeles, CA 90001"
196395,USB-C Charging Cable,1,11.95,05/24/19 16:36,"391 Ridge St, Los Angeles, CA 90001"
196396,Google Phone,1,600,05/27/19 14:22,"233 Chestnut St, Dallas, TX 75001"
196397,Apple Airpods Headphones,1,150,05/27/19 10:31,"563 12th St, Portland, ME 04101"
196398,Lightning Charging Cable,1,14.95,05/22/19 18:45,"449 Forest St, San Francisco, CA 94016"
196399,27in FHD Monitor,1,149.99,05/12/19 14:41,"324 6th St, Seattle, WA 98101"
196400,USB-C Charging Cable,1,11.95,05/07/19 06:01,"757 Chestnut St, Boston, MA 02215"
196401,Apple Airpods Headphones,1,150,05/18/19 09:52,"85 7th St, New York City, NY 10001"
196402,Lightning Charging Cable,1,14.95,05/28/19 14:12,"240 2nd St, New York City, NY 10001"
196403,Apple Airpods Headphones,1,150,05/04/19 12:03,"590 Main St, San Francisco, CA 94016"
196404,USB-C Charging Cable,1,11.95,05/15/19 10:17,"370 Center St, Boston, MA 02215"
196405,USB-C Charging Cable,1,11.95,05/27/19 00:31,"44 Park St, New York City, NY 10001"
196406,USB-C Charging Cable,1,11.95,05/10/19 09:21,"681 4th St, Los Angeles, CA 90001"
196407,Lightning Charging Cable,1,14.95,05/02/19 10:58,"837 Cedar St, San Francisco, CA 94016"
196408,Wired Headphones,1,11.99,05/09/19 21:59,"711 Wilson St, San Francisco, CA 94016"
196409,Apple Airpods Headphones,1,150,05/16/19 13:00,"110 Wilson St, Boston, MA 02215"
196410,Wired Headphones,2,11.99,05/07/19 09:48,"680 Pine St, San Francisco, CA 94016"
196411,Lightning Charging Cable,1,14.95,05/24/19 11:37,"623 Sunset St, Boston, MA 02215"
196412,Apple Airpods Headphones,1,150,05/16/19 21:05,"212 Pine St, San Francisco, CA 94016"
196413,AAA Batteries (4-pack),3,2.99,05/22/19 18:03,"339 River St, Dallas, TX 75001"
196414,AA Batteries (4-pack),1,3.84,05/27/19 22:41,"506 Elm St, Seattle, WA 98101"
196415,Lightning Charging Cable,1,14.95,05/01/19 14:49,"32 Ridge St, Austin, TX 73301"
196416,Wired Headphones,1,11.99,05/31/19 09:16,"115 River St, Seattle, WA 98101"
196417,USB-C Charging Cable,1,11.95,05/13/19 16:26,"322 Lake St, San Francisco, CA 94016"
196418,AAA Batteries (4-pack),1,2.99,05/13/19 09:53,"152 Willow St, New York City, NY 10001"
196419,27in 4K Gaming Monitor,1,389.99,05/01/19 08:09,"628 Chestnut St, Seattle, WA 98101"
196420,AAA Batteries (4-pack),1,2.99,05/09/19 17:45,"10 Jackson St, Los Angeles, CA 90001"
196421,USB-C Charging Cable,1,11.95,05/27/19 14:05,"25 Willow St, Los Angeles, CA 90001"
196422,Apple Airpods Headphones,1,150,05/10/19 19:11,"541 7th St, Portland, OR 97035"
196423,AAA Batteries (4-pack),1,2.99,05/11/19 18:38,"135 10th St, Los Angeles, CA 90001"
196424,Lightning Charging Cable,1,14.95,05/21/19 12:09,"780 Cedar St, San Francisco, CA 94016"
196425,Bose SoundSport Headphones,1,99.99,05/04/19 17:31,"501 Hickory St, Los Angeles, CA 90001"
196426,Lightning Charging Cable,1,14.95,05/04/19 15:04,"630 Hill St, San Francisco, CA 94016"
196427,USB-C Charging Cable,1,11.95,05/23/19 14:01,"703 Willow St, San Francisco, CA 94016"
196428,USB-C Charging Cable,1,11.95,05/24/19 16:06,"318 Highland St, New York City, NY 10001"
196429,AAA Batteries (4-pack),1,2.99,05/30/19 17:30,"966 11th St, New York City, NY 10001"
196429,AAA Batteries (4-pack),1,2.99,05/30/19 17:30,"966 11th St, New York City, NY 10001"
196430,Apple Airpods Headphones,1,150,05/02/19 10:53,"903 12th St, Los Angeles, CA 90001"
196431,Apple Airpods Headphones,1,150,05/05/19 14:09,"317 West St, Portland, OR 97035"
196432,AAA Batteries (4-pack),1,2.99,05/25/19 10:50,"150 Hill St, Atlanta, GA 30301"
196433,Lightning Charging Cable,1,14.95,05/31/19 22:26,"80 10th St, Austin, TX 73301"
196434,Lightning Charging Cable,1,14.95,05/30/19 10:32,"967 13th St, Dallas, TX 75001"
196435,27in FHD Monitor,1,149.99,05/28/19 10:39,"710 Wilson St, San Francisco, CA 94016"
196436,AA Batteries (4-pack),3,3.84,05/13/19 16:47,"58 West St, New York City, NY 10001"
196437,Wired Headphones,1,11.99,05/25/19 18:31,"587 Spruce St, San Francisco, CA 94016"
196438,Lightning Charging Cable,2,14.95,05/11/19 18:13,"515 Spruce St, New York City, NY 10001"
196439,AA Batteries (4-pack),1,3.84,05/28/19 10:59,"572 14th St, San Francisco, CA 94016"
196440,Google Phone,1,600,05/29/19 19:08,"691 Wilson St, San Francisco, CA 94016"
196441,AAA Batteries (4-pack),1,2.99,05/01/19 19:18,"4 Spruce St, Los Angeles, CA 90001"
196442,USB-C Charging Cable,1,11.95,05/27/19 18:36,"240 13th St, Los Angeles, CA 90001"
196443,Apple Airpods Headphones,1,150,05/15/19 14:50,"847 11th St, San Francisco, CA 94016"
196444,AA Batteries (4-pack),2,3.84,05/13/19 17:23,"977 Ridge St, San Francisco, CA 94016"
196445,Lightning Charging Cable,1,14.95,05/11/19 10:45,"92 Meadow St, Atlanta, GA 30301"
196446,Wired Headphones,1,11.99,05/26/19 20:00,"758 Walnut St, Dallas, TX 75001"
196447,iPhone,1,700,05/12/19 13:24,"786 Cedar St, Seattle, WA 98101"
196447,Lightning Charging Cable,1,14.95,05/12/19 13:24,"786 Cedar St, Seattle, WA 98101"
196448,USB-C Charging Cable,1,11.95,05/17/19 10:07,"978 Pine St, Los Angeles, CA 90001"
196449,Bose SoundSport Headphones,1,99.99,05/29/19 14:47,"64 Forest St, San Francisco, CA 94016"
196450,Macbook Pro Laptop,1,1700,05/26/19 12:05,"318 Main St, Los Angeles, CA 90001"
196451,Apple Airpods Headphones,1,150,05/29/19 09:44,"790 Jackson St, New York City, NY 10001"
196452,USB-C Charging Cable,1,11.95,05/12/19 14:24,"651 8th St, San Francisco, CA 94016"
196453,AAA Batteries (4-pack),1,2.99,05/27/19 18:18,"398 Maple St, Atlanta, GA 30301"
196454,Lightning Charging Cable,1,14.95,05/16/19 15:13,"812 Willow St, Atlanta, GA 30301"
196455,Macbook Pro Laptop,1,1700,05/26/19 16:48,"566 Maple St, Los Angeles, CA 90001"
196456,Lightning Charging Cable,1,14.95,05/28/19 02:49,"576 Cherry St, San Francisco, CA 94016"
196457,Bose SoundSport Headphones,1,99.99,05/18/19 10:30,"597 8th St, Seattle, WA 98101"
196458,Apple Airpods Headphones,1,150,05/30/19 19:28,"780 Hill St, San Francisco, CA 94016"
196459,Wired Headphones,1,11.99,05/30/19 18:06,"118 North St, Boston, MA 02215"
196460,iPhone,1,700,05/23/19 07:45,"97 Sunset St, Dallas, TX 75001"
196461,iPhone,1,700,05/19/19 21:26,"297 8th St, New York City, NY 10001"
196462,Wired Headphones,1,11.99,05/04/19 21:47,"965 North St, New York City, NY 10001"
196463,Lightning Charging Cable,1,14.95,05/15/19 14:21,"854 Adams St, Portland, OR 97035"
196464,Wired Headphones,1,11.99,05/05/19 19:46,"787 Adams St, Dallas, TX 75001"
196465,Flatscreen TV,1,300,05/30/19 20:20,"467 Willow St, New York City, NY 10001"
196466,Lightning Charging Cable,1,14.95,05/31/19 06:25,"241 Spruce St, San Francisco, CA 94016"
196467,ThinkPad Laptop,1,999.99,05/30/19 01:23,"520 Cherry St, New York City, NY 10001"
196468,AAA Batteries (4-pack),1,2.99,05/28/19 21:11,"709 Main St, Boston, MA 02215"
196469,USB-C Charging Cable,1,11.95,05/10/19 21:04,"845 South St, Seattle, WA 98101"
196469,Wired Headphones,2,11.99,05/10/19 21:04,"845 South St, Seattle, WA 98101"
196470,AA Batteries (4-pack),2,3.84,05/02/19 16:40,"260 7th St, Los Angeles, CA 90001"
196471,27in FHD Monitor,1,149.99,05/04/19 18:07,"550 9th St, San Francisco, CA 94016"
196472,27in 4K Gaming Monitor,1,389.99,05/06/19 10:25,"31 Willow St, San Francisco, CA 94016"
196473,Lightning Charging Cable,1,14.95,05/28/19 22:33,"962 Hickory St, San Francisco, CA 94016"
196474,AAA Batteries (4-pack),1,2.99,05/18/19 00:29,"948 Cherry St, Los Angeles, CA 90001"
196475,Wired Headphones,1,11.99,05/11/19 21:30,"574 Lake St, Boston, MA 02215"
196476,AA Batteries (4-pack),2,3.84,05/05/19 21:02,"265 4th St, San Francisco, CA 94016"
196477,ThinkPad Laptop,1,999.99,05/10/19 14:16,"144 8th St, New York City, NY 10001"
196478,Wired Headphones,3,11.99,05/09/19 09:13,"193 Chestnut St, Dallas, TX 75001"
196478,ThinkPad Laptop,1,999.99,05/09/19 09:13,"193 Chestnut St, Dallas, TX 75001"
196479,Bose SoundSport Headphones,1,99.99,05/24/19 18:10,"868 Hickory St, Los Angeles, CA 90001"
196480,Vareebadd Phone,1,400,05/28/19 19:23,"196 Forest St, Boston, MA 02215"
196481,20in Monitor,1,109.99,05/21/19 23:59,"779 1st St, Los Angeles, CA 90001"
196482,Lightning Charging Cable,1,14.95,05/11/19 15:47,"117 South St, Boston, MA 02215"
196483,ThinkPad Laptop,1,999.99,05/09/19 08:46,"671 Main St, Dallas, TX 75001"
196484,USB-C Charging Cable,1,11.95,05/14/19 14:19,"961 Lakeview St, Atlanta, GA 30301"
196485,AAA Batteries (4-pack),1,2.99,05/04/19 12:45,"175 13th St, New York City, NY 10001"
196486,ThinkPad Laptop,1,999.99,05/31/19 14:07,"865 Jefferson St, San Francisco, CA 94016"
196487,Lightning Charging Cable,1,14.95,05/31/19 10:29,"168 Washington St, Seattle, WA 98101"
196488,Lightning Charging Cable,1,14.95,05/06/19 18:20,"168 Adams St, Portland, OR 97035"
196489,Wired Headphones,1,11.99,05/28/19 23:11,"932 Hill St, San Francisco, CA 94016"
196490,Wired Headphones,1,11.99,05/29/19 14:48,"302 Johnson St, Dallas, TX 75001"
196491,AA Batteries (4-pack),1,3.84,05/30/19 15:32,"53 Sunset St, Seattle, WA 98101"
196492,AAA Batteries (4-pack),4,2.99,05/17/19 12:12,"508 West St, Los Angeles, CA 90001"
196493,Lightning Charging Cable,1,14.95,05/01/19 18:10,"848 9th St, New York City, NY 10001"
196493,AAA Batteries (4-pack),1,2.99,05/01/19 18:10,"848 9th St, New York City, NY 10001"
196494,Lightning Charging Cable,1,14.95,05/24/19 22:07,"346 Lincoln St, New York City, NY 10001"
196495,Bose SoundSport Headphones,1,99.99,05/26/19 17:38,"769 Hill St, Los Angeles, CA 90001"
196496,Flatscreen TV,1,300,05/20/19 18:43,"369 11th St, Portland, OR 97035"
196497,Wired Headphones,1,11.99,05/27/19 13:30,"971 West St, Austin, TX 73301"
196498,Wired Headphones,1,11.99,05/28/19 15:19,"30 6th St, New York City, NY 10001"
196499,AA Batteries (4-pack),1,3.84,05/24/19 08:23,"556 Forest St, San Francisco, CA 94016"
196500,Macbook Pro Laptop,1,1700,05/10/19 18:33,"871 Church St, Portland, OR 97035"
196501,Lightning Charging Cable,1,14.95,05/01/19 13:25,"310 Lake St, San Francisco, CA 94016"
196502,AAA Batteries (4-pack),1,2.99,05/28/19 16:18,"968 Pine St, Atlanta, GA 30301"
196503,Wired Headphones,1,11.99,05/28/19 13:28,"366 Jackson St, San Francisco, CA 94016"
196504,20in Monitor,1,109.99,05/22/19 19:33,"539 Spruce St, Boston, MA 02215"
196505,USB-C Charging Cable,1,11.95,05/09/19 18:30,"353 Pine St, Seattle, WA 98101"
196506,34in Ultrawide Monitor,1,379.99,05/14/19 11:03,"129 Sunset St, Austin, TX 73301"
196507,27in 4K Gaming Monitor,1,389.99,05/01/19 18:05,"562 Jackson St, San Francisco, CA 94016"
196508,LG Dryer,1,600.0,05/08/19 15:39,"35 Meadow St, San Francisco, CA 94016"
196509,LG Dryer,1,600.0,05/07/19 14:19,"343 1st St, Dallas, TX 75001"
196510,Wired Headphones,1,11.99,05/11/19 17:38,"889 14th St, New York City, NY 10001"
196511,Lightning Charging Cable,1,14.95,05/20/19 13:38,"706 Lincoln St, Los Angeles, CA 90001"
196512,27in 4K Gaming Monitor,1,389.99,05/24/19 13:21,"548 2nd St, San Francisco, CA 94016"
196513,Apple Airpods Headphones,1,150,05/24/19 11:39,"746 12th St, New York City, NY 10001"
196514,AA Batteries (4-pack),1,3.84,05/23/19 18:11,"363 Sunset St, Seattle, WA 98101"
196515,Bose SoundSport Headphones,1,99.99,05/17/19 13:04,"582 7th St, San Francisco, CA 94016"
196516,27in FHD Monitor,1,149.99,05/18/19 15:41,"925 4th St, New York City, NY 10001"
196517,AA Batteries (4-pack),1,3.84,05/23/19 10:38,"288 North St, San Francisco, CA 94016"
196518,Macbook Pro Laptop,1,1700,05/31/19 09:47,"299 Ridge St, San Francisco, CA 94016"
196519,Apple Airpods Headphones,1,150,05/14/19 11:25,"246 7th St, New York City, NY 10001"
196520,AAA Batteries (4-pack),1,2.99,05/02/19 18:43,"91 13th St, Seattle, WA 98101"
196521,Bose SoundSport Headphones,1,99.99,05/31/19 19:29,"211 Hill St, San Francisco, CA 94016"
196522,Bose SoundSport Headphones,1,99.99,05/22/19 20:44,"983 Hickory St, San Francisco, CA 94016"
196523,iPhone,1,700,05/18/19 20:49,"12 Ridge St, San Francisco, CA 94016"
196524,USB-C Charging Cable,1,11.95,05/20/19 02:22,"106 2nd St, Los Angeles, CA 90001"
196525,ThinkPad Laptop,1,999.99,05/18/19 16:02,"269 6th St, Boston, MA 02215"
196526,Google Phone,1,600,05/29/19 19:24,"829 5th St, Boston, MA 02215"
196527,USB-C Charging Cable,1,11.95,05/02/19 09:11,"925 Lincoln St, Atlanta, GA 30301"
196528,USB-C Charging Cable,1,11.95,05/02/19 08:38,"882 Jefferson St, Boston, MA 02215"
196529,AAA Batteries (4-pack),1,2.99,05/20/19 02:14,"648 2nd St, San Francisco, CA 94016"
196530,34in Ultrawide Monitor,1,379.99,05/22/19 14:54,"64 4th St, Boston, MA 02215"
,,,,,
196531,AAA Batteries (4-pack),1,2.99,05/06/19 20:50,"269 Jackson St, Los Angeles, CA 90001"
196532,Macbook Pro Laptop,1,1700,05/11/19 12:37,"828 Lake St, Dallas, TX 75001"
196533,USB-C Charging Cable,1,11.95,05/21/19 19:58,"761 Madison St, Dallas, TX 75001"
,,,,,
196534,USB-C Charging Cable,1,11.95,05/02/19 18:55,"422 Park St, Seattle, WA 98101"
196535,AAA Batteries (4-pack),1,2.99,05/07/19 16:25,"541 1st St, Dallas, TX 75001"
196536,27in FHD Monitor,1,149.99,05/13/19 13:03,"214 Cedar St, Seattle, WA 98101"
196537,34in Ultrawide Monitor,1,379.99,05/28/19 20:50,"986 Park St, New York City, NY 10001"
196538,27in FHD Monitor,1,149.99,05/27/19 13:17,"954 11th St, Seattle, WA 98101"
196539,AA Batteries (4-pack),1,3.84,05/04/19 16:06,"630 1st St, Boston, MA 02215"
196540,Flatscreen TV,1,300,05/15/19 18:23,"800 11th St, Portland, OR 97035"
196541,USB-C Charging Cable,2,11.95,05/25/19 20:49,"961 2nd St, Atlanta, GA 30301"
196542,34in Ultrawide Monitor,1,379.99,05/18/19 18:59,"573 Walnut St, Los Angeles, CA 90001"
196543,USB-C Charging Cable,1,11.95,05/21/19 14:12,"446 River St, San Francisco, CA 94016"
196544,Wired Headphones,1,11.99,05/04/19 20:46,"178 Johnson St, Austin, TX 73301"
196545,Wired Headphones,1,11.99,05/19/19 13:40,"93 12th St, Seattle, WA 98101"
196546,Wired Headphones,1,11.99,05/23/19 02:44,"652 Cherry St, New York City, NY 10001"
196547,Macbook Pro Laptop,1,1700,05/18/19 12:40,"722 Elm St, Seattle, WA 98101"
196548,AA Batteries (4-pack),2,3.84,05/22/19 09:32,"127 7th St, Atlanta, GA 30301"
196549,USB-C Charging Cable,1,11.95,05/23/19 09:46,"237 Dogwood St, Seattle, WA 98101"
196550,AAA Batteries (4-pack),1,2.99,05/31/19 14:50,"60 Lakeview St, San Francisco, CA 94016"
196551,AA Batteries (4-pack),1,3.84,05/30/19 10:32,"426 Church St, San Francisco, CA 94016"
196552,27in 4K Gaming Monitor,1,389.99,05/20/19 08:47,"619 Dogwood St, New York City, NY 10001"
196553,27in 4K Gaming Monitor,1,389.99,05/23/19 19:03,"553 Jefferson St, Atlanta, GA 30301"
196554,Wired Headphones,1,11.99,05/27/19 17:12,"879 Wilson St, San Francisco, CA 94016"
196555,Apple Airpods Headphones,1,150,05/28/19 12:11,"518 Hickory St, Atlanta, GA 30301"
196556,USB-C Charging Cable,1,11.95,05/16/19 17:59,"110 River St, New York City, NY 10001"
196557,Bose SoundSport Headphones,1,99.99,05/05/19 18:59,"453 Hickory St, San Francisco, CA 94016"
196558,Lightning Charging Cable,1,14.95,05/10/19 13:09,"252 Walnut St, Dallas, TX 75001"
196559,Macbook Pro Laptop,1,1700,05/19/19 19:45,"589 9th St, Los Angeles, CA 90001"
196560,Flatscreen TV,1,300,05/18/19 17:02,"463 Main St, Boston, MA 02215"
196561,USB-C Charging Cable,1,11.95,05/03/19 12:51,"347 Lincoln St, New York City, NY 10001"
196562,AAA Batteries (4-pack),2,2.99,05/17/19 12:00,"834 Cherry St, Los Angeles, CA 90001"
196563,Wired Headphones,1,11.99,05/03/19 17:52,"104 Cedar St, Los Angeles, CA 90001"
196564,27in FHD Monitor,1,149.99,05/18/19 14:32,"898 5th St, Boston, MA 02215"
196565,Wired Headphones,1,11.99,05/02/19 19:12,"967 5th St, Dallas, TX 75001"
196566,AA Batteries (4-pack),1,3.84,05/21/19 21:11,"513 Adams St, Boston, MA 02215"
196567,Flatscreen TV,1,300,05/14/19 10:24,"480 6th St, Portland, ME 04101"
196568,20in Monitor,1,109.99,05/05/19 20:27,"84 10th St, Austin, TX 73301"
196569,Bose SoundSport Headphones,1,99.99,05/03/19 20:20,"231 Washington St, San Francisco, CA 94016"
196570,Macbook Pro Laptop,1,1700,05/09/19 20:44,"965 Adams St, Portland, ME 04101"
196571,Bose SoundSport Headphones,1,99.99,05/09/19 16:58,"295 Madison St, Seattle, WA 98101"
196572,iPhone,1,700,05/21/19 12:08,"43 2nd St, Seattle, WA 98101"
196573,Lightning Charging Cable,1,14.95,05/09/19 22:17,"368 Walnut St, San Francisco, CA 94016"
196574,27in 4K Gaming Monitor,1,389.99,05/18/19 18:05,"914 South St, Los Angeles, CA 90001"
196575,ThinkPad Laptop,1,999.99,05/04/19 10:48,"144 Lakeview St, Dallas, TX 75001"
196576,Apple Airpods Headphones,1,150,05/02/19 00:15,"425 5th St, Los Angeles, CA 90001"
196577,Apple Airpods Headphones,1,150,05/13/19 13:36,"398 10th St, Portland, ME 04101"
196578,Apple Airpods Headphones,1,150,05/09/19 13:01,"439 8th St, Boston, MA 02215"
196579,Lightning Charging Cable,2,14.95,05/26/19 21:52,"242 Johnson St, Los Angeles, CA 90001"
196580,iPhone,1,700,05/27/19 04:55,"429 Jackson St, San Francisco, CA 94016"
196581,AAA Batteries (4-pack),1,2.99,05/21/19 14:11,"68 Elm St, Austin, TX 73301"
196582,AAA Batteries (4-pack),3,2.99,05/23/19 20:55,"972 1st St, Dallas, TX 75001"
196583,Flatscreen TV,1,300,05/11/19 12:17,"401 Church St, San Francisco, CA 94016"
196584,iPhone,1,700,05/15/19 19:47,"500 Forest St, New York City, NY 10001"
196584,Wired Headphones,1,11.99,05/15/19 19:47,"500 Forest St, New York City, NY 10001"
196585,LG Dryer,1,600.0,05/06/19 00:22,"782 River St, Seattle, WA 98101"
196586,Bose SoundSport Headphones,1,99.99,05/01/19 14:02,"83 River St, New York City, NY 10001"
196587,Wired Headphones,1,11.99,05/19/19 13:01,"406 Ridge St, San Francisco, CA 94016"
196588,ThinkPad Laptop,1,999.99,05/26/19 09:14,"875 Dogwood St, Boston, MA 02215"
196589,AA Batteries (4-pack),1,3.84,05/06/19 14:08,"775 South St, Boston, MA 02215"
196590,20in Monitor,1,109.99,05/24/19 23:22,"988 12th St, San Francisco, CA 94016"
196591,AA Batteries (4-pack),1,3.84,05/02/19 15:01,"945 Cherry St, Austin, TX 73301"
196592,USB-C Charging Cable,1,11.95,05/30/19 22:10,"297 Adams St, New York City, NY 10001"
196593,USB-C Charging Cable,1,11.95,05/19/19 12:04,"154 Main St, San Francisco, CA 94016"
196594,34in Ultrawide Monitor,1,379.99,05/07/19 15:59,"327 Park St, New York City, NY 10001"
196595,AAA Batteries (4-pack),1,2.99,05/22/19 12:09,"794 River St, New York City, NY 10001"
196596,Bose SoundSport Headphones,1,99.99,05/10/19 09:51,"761 13th St, Seattle, WA 98101"
196597,Apple Airpods Headphones,1,150,05/23/19 10:26,"276 Sunset St, Seattle, WA 98101"
196598,ThinkPad Laptop,1,999.99,05/06/19 09:50,"393 Cedar St, Los Angeles, CA 90001"
196599,27in FHD Monitor,1,149.99,05/25/19 18:39,"280 14th St, Dallas, TX 75001"
196600,34in Ultrawide Monitor,1,379.99,05/14/19 00:31,"582 Lake St, Portland, OR 97035"
196601,AA Batteries (4-pack),1,3.84,05/25/19 15:24,"694 Sunset St, San Francisco, CA 94016"
196602,AAA Batteries (4-pack),3,2.99,05/29/19 19:17,"63 Ridge St, San Francisco, CA 94016"
196603,34in Ultrawide Monitor,1,379.99,05/05/19 21:02,"375 Main St, Los Angeles, CA 90001"
196604,Lightning Charging Cable,1,14.95,05/16/19 13:38,"941 Highland St, San Francisco, CA 94016"
196605,Macbook Pro Laptop,1,1700,05/11/19 22:19,"201 Park St, Boston, MA 02215"
196606,Lightning Charging Cable,1,14.95,05/19/19 06:34,"318 Main St, San Francisco, CA 94016"
196607,34in Ultrawide Monitor,1,379.99,05/15/19 17:48,"150 Lakeview St, Los Angeles, CA 90001"
196607,Lightning Charging Cable,1,14.95,05/15/19 17:48,"150 Lakeview St, Los Angeles, CA 90001"
196608,27in 4K Gaming Monitor,1,389.99,05/21/19 18:41,"803 Cedar St, Los Angeles, CA 90001"
196609,ThinkPad Laptop,1,999.99,05/26/19 15:40,"81 4th St, San Francisco, CA 94016"
196610,AAA Batteries (4-pack),1,2.99,05/02/19 19:22,"176 1st St, Portland, OR 97035"
196611,Wired Headphones,1,11.99,05/15/19 15:03,"383 Cedar St, Portland, OR 97035"
196612,USB-C Charging Cable,1,11.95,05/21/19 16:46,"512 2nd St, Los Angeles, CA 90001"
196613,27in 4K Gaming Monitor,1,389.99,05/11/19 08:18,"898 11th St, San Francisco, CA 94016"
196614,Lightning Charging Cable,1,14.95,05/17/19 22:30,"196 12th St, Los Angeles, CA 90001"
196615,Google Phone,1,600,05/08/19 19:29,"656 Spruce St, San Francisco, CA 94016"
196615,USB-C Charging Cable,1,11.95,05/08/19 19:29,"656 Spruce St, San Francisco, CA 94016"
196615,Bose SoundSport Headphones,1,99.99,05/08/19 19:29,"656 Spruce St, San Francisco, CA 94016"
196615,Wired Headphones,1,11.99,05/08/19 19:29,"656 Spruce St, San Francisco, CA 94016"
196616,Apple Airpods Headphones,1,150,05/22/19 11:39,"718 Main St, Atlanta, GA 30301"
196617,AA Batteries (4-pack),1,3.84,05/28/19 11:37,"575 10th St, Los Angeles, CA 90001"
196618,Wired Headphones,1,11.99,05/31/19 14:31,"735 South St, Atlanta, GA 30301"
196619,ThinkPad Laptop,1,999.99,05/10/19 20:52,"495 Main St, Los Angeles, CA 90001"
196620,USB-C Charging Cable,1,11.95,05/31/19 09:44,"270 Elm St, Portland, OR 97035"
196621,Apple Airpods Headphones,1,150,05/26/19 16:23,"501 Forest St, Atlanta, GA 30301"
196622,Apple Airpods Headphones,1,150,05/25/19 20:45,"752 Wilson St, Boston, MA 02215"
196623,Apple Airpods Headphones,1,150,05/11/19 20:43,"458 Lake St, Dallas, TX 75001"
196624,Apple Airpods Headphones,1,150,05/12/19 13:05,"231 10th St, San Francisco, CA 94016"
196625,Bose SoundSport Headphones,1,99.99,05/12/19 22:50,"207 Lakeview St, San Francisco, CA 94016"
196626,27in FHD Monitor,1,149.99,05/28/19 14:09,"121 13th St, Atlanta, GA 30301"
196627,Wired Headphones,1,11.99,05/31/19 11:50,"243 River St, San Francisco, CA 94016"
196628,LG Washing Machine,1,600.0,05/08/19 08:56,"990 5th St, Atlanta, GA 30301"
196629,iPhone,1,700,05/24/19 17:19,"569 4th St, San Francisco, CA 94016"
196630,AAA Batteries (4-pack),1,2.99,05/12/19 03:44,"41 7th St, Los Angeles, CA 90001"
196631,Flatscreen TV,1,300,05/29/19 14:53,"449 Spruce St, San Francisco, CA 94016"
196632,27in 4K Gaming Monitor,1,389.99,05/13/19 17:05,"969 7th St, Austin, TX 73301"
196633,Vareebadd Phone,1,400,05/15/19 20:28,"20 Lincoln St, New York City, NY 10001"
196634,Macbook Pro Laptop,1,1700,05/28/19 20:45,"865 12th St, Los Angeles, CA 90001"
196635,Wired Headphones,1,11.99,05/04/19 13:04,"49 Walnut St, Los Angeles, CA 90001"
196636,Wired Headphones,1,11.99,05/02/19 15:54,"845 Cherry St, Boston, MA 02215"
196637,Apple Airpods Headphones,1,150,05/19/19 07:33,"8 13th St, Los Angeles, CA 90001"
196638,Vareebadd Phone,1,400,06/01/19 01:51,"612 North St, Atlanta, GA 30301"
196639,USB-C Charging Cable,1,11.95,06/01/19 00:18,"972 13th St, New York City, NY 10001"
196640,27in 4K Gaming Monitor,1,389.99,05/17/19 13:30,"513 Center St, San Francisco, CA 94016"
196641,Flatscreen TV,1,300,05/02/19 21:12,"763 1st St, Los Angeles, CA 90001"
196642,Wired Headphones,1,11.99,05/27/19 14:18,"347 Hill St, Los Angeles, CA 90001"
196643,Bose SoundSport Headphones,1,99.99,05/31/19 00:45,"465 Chestnut St, Dallas, TX 75001"
196644,USB-C Charging Cable,4,11.95,05/22/19 12:17,"52 Main St, New York City, NY 10001"
196644,USB-C Charging Cable,1,11.95,05/22/19 12:17,"52 Main St, New York City, NY 10001"
196645,Bose SoundSport Headphones,1,99.99,05/23/19 19:56,"791 Center St, Atlanta, GA 30301"
196646,27in FHD Monitor,1,149.99,05/30/19 18:23,"716 11th St, Portland, OR 97035"
196647,27in 4K Gaming Monitor,1,389.99,05/21/19 11:10,"667 Wilson St, New York City, NY 10001"
196648,Flatscreen TV,1,300,05/31/19 21:10,"103 Washington St, Boston, MA 02215"
196649,iPhone,1,700,05/16/19 14:11,"600 Forest St, San Francisco, CA 94016"
196650,AAA Batteries (4-pack),2,2.99,05/11/19 20:33,"535 4th St, Dallas, TX 75001"
196651,AA Batteries (4-pack),2,3.84,05/28/19 14:12,"309 12th St, Portland, OR 97035"
196652,AAA Batteries (4-pack),1,2.99,05/11/19 15:21,"198 Spruce St, Boston, MA 02215"
196653,AAA Batteries (4-pack),2,2.99,05/27/19 00:14,"672 Dogwood St, New York City, NY 10001"
196654,Wired Headphones,1,11.99,05/05/19 13:56,"479 5th St, Los Angeles, CA 90001"
196654,iPhone,1,700,05/05/19 13:56,"479 5th St, Los Angeles, CA 90001"
196655,20in Monitor,1,109.99,05/08/19 12:16,"140 Wilson St, Dallas, TX 75001"
196656,Lightning Charging Cable,1,14.95,05/08/19 00:23,"192 Main St, New York City, NY 10001"
196657,27in 4K Gaming Monitor,1,389.99,05/14/19 11:55,"946 Sunset St, San Francisco, CA 94016"
196658,Bose SoundSport Headphones,1,99.99,05/09/19 20:43,"310 Johnson St, Los Angeles, CA 90001"
196659,Apple Airpods Headphones,1,150,05/28/19 18:00,"391 1st St, Atlanta, GA 30301"
196660,AAA Batteries (4-pack),1,2.99,05/31/19 07:08,"49 Church St, Los Angeles, CA 90001"
196661,Apple Airpods Headphones,1,150,05/28/19 19:25,"451 Church St, San Francisco, CA 94016"
196662,AA Batteries (4-pack),1,3.84,05/08/19 08:24,"2 North St, Boston, MA 02215"
196663,AAA Batteries (4-pack),1,2.99,05/18/19 18:03,"702 South St, Austin, TX 73301"
196664,Bose SoundSport Headphones,1,99.99,05/31/19 20:19,"427 Madison St, Dallas, TX 75001"
196665,iPhone,1,700,05/04/19 16:59,"439 5th St, New York City, NY 10001"
196666,Macbook Pro Laptop,1,1700,05/22/19 11:30,"33 Ridge St, Boston, MA 02215"
196667,Lightning Charging Cable,1,14.95,05/09/19 19:48,"114 Jefferson St, New York City, NY 10001"
196668,Macbook Pro Laptop,1,1700,05/24/19 15:58,"93 12th St, San Francisco, CA 94016"
196669,34in Ultrawide Monitor,1,379.99,05/31/19 11:44,"793 11th St, Atlanta, GA 30301"
196670,Wired Headphones,1,11.99,05/17/19 20:46,"992 12th St, Dallas, TX 75001"
196671,AA Batteries (4-pack),2,3.84,05/03/19 00:20,"839 Chestnut St, San Francisco, CA 94016"
196672,Apple Airpods Headphones,2,150,05/08/19 17:31,"79 Jefferson St, Los Angeles, CA 90001"
196673,Wired Headphones,2,11.99,05/20/19 16:20,"599 West St, New York City, NY 10001"
196674,AAA Batteries (4-pack),1,2.99,05/21/19 07:40,"359 Johnson St, New York City, NY 10001"
196675,Apple Airpods Headphones,1,150,05/18/19 12:24,"408 9th St, San Francisco, CA 94016"
196676,Wired Headphones,1,11.99,05/18/19 20:12,"104 North St, Seattle, WA 98101"
196677,Wired Headphones,1,11.99,05/12/19 21:31,"893 Hill St, Austin, TX 73301"
196678,Wired Headphones,1,11.99,05/05/19 11:41,"358 14th St, San Francisco, CA 94016"
196679,Wired Headphones,1,11.99,05/24/19 12:21,"400 Park St, Portland, ME 04101"
196680,Lightning Charging Cable,2,14.95,05/21/19 14:42,"931 1st St, Los Angeles, CA 90001"
196681,USB-C Charging Cable,1,11.95,05/30/19 20:06,"265 14th St, Seattle, WA 98101"
196682,Lightning Charging Cable,1,14.95,05/18/19 20:18,"227 Walnut St, New York City, NY 10001"
196683,Bose SoundSport Headphones,1,99.99,05/06/19 23:07,"606 Chestnut St, New York City, NY 10001"
196684,27in FHD Monitor,1,149.99,05/14/19 12:11,"949 Dogwood St, Atlanta, GA 30301"
196685,Wired Headphones,1,11.99,05/19/19 21:24,"226 Forest St, Dallas, TX 75001"
196686,AA Batteries (4-pack),2,3.84,05/21/19 19:17,"33 Hill St, Austin, TX 73301"
196687,Wired Headphones,1,11.99,05/03/19 03:03,"659 Center St, Boston, MA 02215"
196688,USB-C Charging Cable,1,11.95,05/12/19 20:28,"846 Lakeview St, San Francisco, CA 94016"
196689,USB-C Charging Cable,1,11.95,05/15/19 16:00,"818 13th St, Portland, OR 97035"
196690,Apple Airpods Headphones,1,150,05/12/19 13:30,"280 Walnut St, Dallas, TX 75001"
196691,27in FHD Monitor,1,149.99,05/06/19 00:31,"50 9th St, San Francisco, CA 94016"
196692,Apple Airpods Headphones,1,150,05/02/19 15:41,"744 10th St, Austin, TX 73301"
196693,USB-C Charging Cable,1,11.95,05/12/19 13:23,"233 Ridge St, Los Angeles, CA 90001"
196694,Wired Headphones,1,11.99,05/14/19 17:35,"427 Lakeview St, Boston, MA 02215"
196695,Lightning Charging Cable,1,14.95,05/05/19 19:35,"736 5th St, Boston, MA 02215"
196696,Lightning Charging Cable,1,14.95,05/12/19 20:59,"263 Ridge St, New York City, NY 10001"
196697,Google Phone,1,600,05/23/19 15:54,"846 7th St, San Francisco, CA 94016"
196697,USB-C Charging Cable,1,11.95,05/23/19 15:54,"846 7th St, San Francisco, CA 94016"
196698,Wired Headphones,1,11.99,05/28/19 10:14,"767 Washington St, Dallas, TX 75001"
196699,AA Batteries (4-pack),1,3.84,05/06/19 14:27,"375 1st St, Los Angeles, CA 90001"
196700,27in FHD Monitor,1,149.99,05/16/19 12:52,"795 Ridge St, Los Angeles, CA 90001"
196701,Wired Headphones,1,11.99,05/08/19 22:15,"354 Dogwood St, Boston, MA 02215"
196702,Lightning Charging Cable,1,14.95,05/16/19 13:38,"523 13th St, New York City, NY 10001"
196703,iPhone,1,700,05/31/19 14:33,"921 River St, Portland, OR 97035"
196704,USB-C Charging Cable,1,11.95,05/10/19 16:55,"677 Elm St, Seattle, WA 98101"
196705,Lightning Charging Cable,1,14.95,05/03/19 08:29,"379 11th St, Boston, MA 02215"
196706,Lightning Charging Cable,1,14.95,05/30/19 15:47,"65 Washington St, Atlanta, GA 30301"
196707,Lightning Charging Cable,1,14.95,05/27/19 11:12,"903 10th St, San Francisco, CA 94016"
196708,Google Phone,1,600,05/19/19 00:30,"144 Cherry St, New York City, NY 10001"
196709,Bose SoundSport Headphones,1,99.99,05/14/19 09:46,"678 Willow St, New York City, NY 10001"
196710,27in 4K Gaming Monitor,1,389.99,05/20/19 15:28,"660 Chestnut St, Seattle, WA 98101"
196711,AA Batteries (4-pack),1,3.84,05/31/19 09:50,"114 12th St, Seattle, WA 98101"
196712,Lightning Charging Cable,1,14.95,05/02/19 17:02,"89 14th St, Boston, MA 02215"
196713,USB-C Charging Cable,1,11.95,05/13/19 18:49,"53 Main St, Dallas, TX 75001"
196714,Macbook Pro Laptop,1,1700,05/24/19 12:56,"957 Park St, New York City, NY 10001"
196715,AA Batteries (4-pack),2,3.84,05/05/19 15:57,"921 11th St, Dallas, TX 75001"
196716,Lightning Charging Cable,2,14.95,05/01/19 08:16,"83 Lakeview St, Atlanta, GA 30301"
196717,Flatscreen TV,1,300,05/21/19 14:24,"992 4th St, Los Angeles, CA 90001"
196718,USB-C Charging Cable,1,11.95,05/04/19 21:48,"47 9th St, Dallas, TX 75001"
196719,iPhone,1,700,05/24/19 13:45,"586 Jackson St, Portland, ME 04101"
196720,Lightning Charging Cable,1,14.95,05/29/19 09:27,"627 Cedar St, New York City, NY 10001"
196721,Google Phone,1,600,05/09/19 20:59,"419 11th St, New York City, NY 10001"
196721,Wired Headphones,1,11.99,05/09/19 20:59,"419 11th St, New York City, NY 10001"
196722,Wired Headphones,2,11.99,05/23/19 19:35,"887 Highland St, Los Angeles, CA 90001"
196723,Lightning Charging Cable,1,14.95,05/05/19 16:22,"922 Maple St, Los Angeles, CA 90001"
196724,27in 4K Gaming Monitor,1,389.99,05/09/19 12:10,"461 Church St, San Francisco, CA 94016"
196725,27in FHD Monitor,1,149.99,05/06/19 18:42,"651 Hickory St, Boston, MA 02215"
196726,20in Monitor,1,109.99,05/25/19 20:28,"566 Sunset St, San Francisco, CA 94016"
196727,Lightning Charging Cable,1,14.95,05/02/19 19:25,"134 4th St, Portland, OR 97035"
196728,Macbook Pro Laptop,1,1700,05/13/19 09:31,"748 Church St, New York City, NY 10001"
196729,AA Batteries (4-pack),1,3.84,05/02/19 12:13,"253 Walnut St, San Francisco, CA 94016"
196730,27in 4K Gaming Monitor,1,389.99,05/09/19 12:22,"671 Washington St, San Francisco, CA 94016"
196731,AA Batteries (4-pack),1,3.84,05/07/19 14:13,"359 Jefferson St, Dallas, TX 75001"
196732,USB-C Charging Cable,2,11.95,05/07/19 21:06,"911 6th St, Portland, OR 97035"
196733,AAA Batteries (4-pack),2,2.99,05/30/19 10:20,"792 River St, New York City, NY 10001"
196734,27in FHD Monitor,1,149.99,05/19/19 16:06,"543 Main St, San Francisco, CA 94016"
196735,AAA Batteries (4-pack),1,2.99,05/21/19 19:18,"594 Hill St, Boston, MA 02215"
196736,Lightning Charging Cable,1,14.95,05/13/19 20:22,"695 Lakeview St, New York City, NY 10001"
196737,iPhone,1,700,05/05/19 21:14,"309 Wilson St, San Francisco, CA 94016"
196737,Lightning Charging Cable,1,14.95,05/05/19 21:14,"309 Wilson St, San Francisco, CA 94016"
196738,Flatscreen TV,1,300,05/30/19 12:47,"988 Forest St, New York City, NY 10001"
196739,Vareebadd Phone,1,400,05/28/19 01:01,"956 Sunset St, San Francisco, CA 94016"
196740,AAA Batteries (4-pack),3,2.99,05/31/19 13:36,"155 Willow St, Atlanta, GA 30301"
196741,AA Batteries (4-pack),1,3.84,05/12/19 23:42,"755 2nd St, Dallas, TX 75001"
196742,USB-C Charging Cable,1,11.95,05/05/19 17:37,"177 Lincoln St, New York City, NY 10001"
196743,Bose SoundSport Headphones,1,99.99,05/19/19 20:03,"722 Elm St, Boston, MA 02215"
196744,Bose SoundSport Headphones,1,99.99,05/13/19 12:23,"758 1st St, Atlanta, GA 30301"
196745,Apple Airpods Headphones,1,150,05/07/19 10:27,"365 Madison St, Austin, TX 73301"
196746,USB-C Charging Cable,1,11.95,05/19/19 02:09,"279 Center St, Austin, TX 73301"
196747,34in Ultrawide Monitor,1,379.99,05/28/19 10:52,"194 1st St, San Francisco, CA 94016"
196748,Apple Airpods Headphones,1,150,05/17/19 09:15,"682 14th St, San Francisco, CA 94016"
196749,Wired Headphones,1,11.99,05/24/19 15:51,"58 Maple St, Boston, MA 02215"
196750,AAA Batteries (4-pack),1,2.99,05/05/19 18:21,"521 Pine St, Atlanta, GA 30301"
196751,AAA Batteries (4-pack),1,2.99,05/15/19 15:49,"820 Park St, New York City, NY 10001"
196752,LG Washing Machine,1,600.0,05/06/19 20:21,"728 10th St, Boston, MA 02215"
196753,27in 4K Gaming Monitor,1,389.99,05/18/19 17:12,"568 Ridge St, New York City, NY 10001"
196754,27in 4K Gaming Monitor,1,389.99,05/13/19 14:08,"874 Wilson St, Atlanta, GA 30301"
196755,27in FHD Monitor,1,149.99,05/28/19 12:29,"514 Cedar St, Boston, MA 02215"
196756,Bose SoundSport Headphones,1,99.99,05/04/19 10:41,"373 Jefferson St, Dallas, TX 75001"
196757,Apple Airpods Headphones,1,150,05/07/19 20:50,"554 Johnson St, San Francisco, CA 94016"
196758,iPhone,1,700,05/21/19 09:27,"815 Hill St, Dallas, TX 75001"
196759,AAA Batteries (4-pack),1,2.99,05/06/19 12:34,"626 Church St, Los Angeles, CA 90001"
196760,Apple Airpods Headphones,1,150,05/16/19 09:39,"346 Cherry St, San Francisco, CA 94016"
196761,Apple Airpods Headphones,1,150,05/04/19 21:52,"826 North St, Portland, OR 97035"
196762,Lightning Charging Cable,1,14.95,05/28/19 20:50,"742 Elm St, Boston, MA 02215"
196763,iPhone,1,700,05/17/19 21:40,"514 1st St, Atlanta, GA 30301"
196764,20in Monitor,1,109.99,05/29/19 22:47,"730 Church St, San Francisco, CA 94016"
196765,27in 4K Gaming Monitor,1,389.99,05/19/19 12:59,"585 Jackson St, San Francisco, CA 94016"
196766,34in Ultrawide Monitor,1,379.99,05/03/19 12:04,"131 12th St, San Francisco, CA 94016"
196767,AA Batteries (4-pack),3,3.84,05/21/19 14:34,"458 13th St, Atlanta, GA 30301"
196768,LG Dryer,1,600.0,05/29/19 17:17,"158 12th St, New York City, NY 10001"
196769,Lightning Charging Cable,1,14.95,05/05/19 23:16,"509 Cedar St, Portland, OR 97035"
196770,27in 4K Gaming Monitor,1,389.99,05/11/19 14:02,"502 Chestnut St, Portland, ME 04101"
196771,Bose SoundSport Headphones,1,99.99,05/10/19 17:13,"863 4th St, Los Angeles, CA 90001"
196772,Apple Airpods Headphones,1,150,05/16/19 18:44,"553 2nd St, Seattle, WA 98101"
196773,Apple Airpods Headphones,1,150,05/25/19 23:27,"668 Washington St, San Francisco, CA 94016"
196774,Lightning Charging Cable,1,14.95,05/28/19 17:53,"761 Madison St, New York City, NY 10001"
196775,Wired Headphones,1,11.99,05/18/19 19:32,"811 Washington St, Austin, TX 73301"
196776,Flatscreen TV,1,300,05/20/19 13:30,"149 Cherry St, Dallas, TX 75001"
196777,20in Monitor,1,109.99,05/09/19 17:59,"665 7th St, Boston, MA 02215"
196777,Bose SoundSport Headphones,1,99.99,05/09/19 17:59,"665 7th St, Boston, MA 02215"
196778,Apple Airpods Headphones,1,150,05/18/19 22:05,"724 11th St, San Francisco, CA 94016"
196778,Flatscreen TV,1,300,05/18/19 22:05,"724 11th St, San Francisco, CA 94016"
196779,Lightning Charging Cable,1,14.95,05/31/19 12:55,"180 Adams St, Portland, OR 97035"
196780,Macbook Pro Laptop,1,1700,05/31/19 10:42,"265 Adams St, Boston, MA 02215"
196781,ThinkPad Laptop,1,999.99,05/10/19 00:24,"658 Ridge St, New York City, NY 10001"
196782,Google Phone,1,600,05/10/19 00:23,"952 4th St, Boston, MA 02215"
196783,iPhone,1,700,05/02/19 08:33,"279 Lakeview St, San Francisco, CA 94016"
196784,AAA Batteries (4-pack),2,2.99,05/31/19 01:03,"213 Maple St, Atlanta, GA 30301"
196785,27in 4K Gaming Monitor,1,389.99,05/22/19 23:36,"710 7th St, Los Angeles, CA 90001"
196786,Lightning Charging Cable,1,14.95,05/02/19 20:55,"531 7th St, San Francisco, CA 94016"
196787,Bose SoundSport Headphones,1,99.99,05/01/19 18:50,"835 Hickory St, San Francisco, CA 94016"
196788,USB-C Charging Cable,1,11.95,05/07/19 09:25,"276 12th St, Boston, MA 02215"
196789,AA Batteries (4-pack),1,3.84,05/11/19 12:33,"168 Madison St, San Francisco, CA 94016"
196790,Lightning Charging Cable,1,14.95,05/08/19 18:08,"901 Main St, San Francisco, CA 94016"
196791,Apple Airpods Headphones,1,150,05/27/19 13:36,"648 Meadow St, Boston, MA 02215"
196792,Google Phone,1,600,05/19/19 21:24,"865 Elm St, New York City, NY 10001"
196792,USB-C Charging Cable,1,11.95,05/19/19 21:24,"865 Elm St, New York City, NY 10001"
196793,Google Phone,1,600,05/04/19 22:19,"48 Walnut St, Los Angeles, CA 90001"
196794,Macbook Pro Laptop,1,1700,05/02/19 22:19,"104 Walnut St, San Francisco, CA 94016"
196795,Apple Airpods Headphones,1,150,05/26/19 13:54,"22 Ridge St, San Francisco, CA 94016"
196796,Wired Headphones,1,11.99,05/21/19 18:49,"475 Jackson St, Atlanta, GA 30301"
196797,USB-C Charging Cable,1,11.95,05/11/19 14:12,"355 Washington St, San Francisco, CA 94016"
196798,AA Batteries (4-pack),1,3.84,05/24/19 14:54,"364 Sunset St, San Francisco, CA 94016"
196799,Bose SoundSport Headphones,1,99.99,05/22/19 14:58,"381 14th St, Boston, MA 02215"
196800,ThinkPad Laptop,1,999.99,05/26/19 15:43,"194 Johnson St, New York City, NY 10001"
196801,34in Ultrawide Monitor,1,379.99,05/16/19 10:48,"204 7th St, San Francisco, CA 94016"
196801,Apple Airpods Headphones,1,150,05/16/19 10:48,"204 7th St, San Francisco, CA 94016"
196802,AA Batteries (4-pack),2,3.84,05/15/19 10:35,"978 Hickory St, Los Angeles, CA 90001"
196803,AAA Batteries (4-pack),1,2.99,05/02/19 11:58,"145 2nd St, Boston, MA 02215"
196804,Flatscreen TV,1,300,05/20/19 09:12,"680 Park St, Boston, MA 02215"
196805,34in Ultrawide Monitor,1,379.99,05/15/19 10:47,"286 Highland St, Austin, TX 73301"
196806,Lightning Charging Cable,1,14.95,05/11/19 20:36,"185 West St, San Francisco, CA 94016"
196807,ThinkPad Laptop,1,999.99,05/28/19 16:27,"293 South St, New York City, NY 10001"
196808,Bose SoundSport Headphones,1,99.99,05/30/19 20:54,"32 6th St, Los Angeles, CA 90001"
196809,27in 4K Gaming Monitor,1,389.99,05/15/19 12:38,"242 Center St, Portland, OR 97035"
196810,27in 4K Gaming Monitor,1,389.99,05/14/19 17:35,"899 4th St, Los Angeles, CA 90001"
196811,Apple Airpods Headphones,1,150,05/04/19 18:40,"241 Willow St, New York City, NY 10001"
196812,Apple Airpods Headphones,1,150,05/02/19 15:07,"357 10th St, Atlanta, GA 30301"
196813,Lightning Charging Cable,1,14.95,05/28/19 13:20,"491 Jefferson St, San Francisco, CA 94016"
196814,34in Ultrawide Monitor,1,379.99,05/03/19 09:51,"745 Sunset St, Dallas, TX 75001"
196815,Google Phone,1,600,05/09/19 19:14,"863 Cherry St, Los Angeles, CA 90001"
196816,USB-C Charging Cable,1,11.95,05/13/19 00:23,"986 Jefferson St, San Francisco, CA 94016"
196817,27in 4K Gaming Monitor,1,389.99,05/10/19 17:22,"64 Church St, Los Angeles, CA 90001"
196818,Wired Headphones,2,11.99,05/03/19 11:52,"441 Center St, Portland, ME 04101"
196819,Wired Headphones,1,11.99,05/12/19 17:33,"801 14th St, San Francisco, CA 94016"
196820,Lightning Charging Cable,1,14.95,05/17/19 13:08,"464 10th St, San Francisco, CA 94016"
196821,Apple Airpods Headphones,1,150,05/05/19 09:46,"983 4th St, Atlanta, GA 30301"
196822,Bose SoundSport Headphones,1,99.99,05/23/19 23:18,"84 Church St, Dallas, TX 75001"
196823,AAA Batteries (4-pack),1,2.99,05/21/19 21:28,"892 Chestnut St, San Francisco, CA 94016"
196824,20in Monitor,1,109.99,05/06/19 20:00,"487 Highland St, Los Angeles, CA 90001"
196825,USB-C Charging Cable,1,11.95,05/14/19 08:33,"250 9th St, Atlanta, GA 30301"
196826,Lightning Charging Cable,1,14.95,05/10/19 19:50,"54 Main St, San Francisco, CA 94016"
196827,Apple Airpods Headphones,1,150,05/01/19 09:03,"68 Jefferson St, Los Angeles, CA 90001"
196828,USB-C Charging Cable,1,11.95,05/05/19 15:24,"100 Willow St, Los Angeles, CA 90001"
196829,AAA Batteries (4-pack),1,2.99,05/05/19 21:12,"813 Wilson St, Austin, TX 73301"
196830,Lightning Charging Cable,1,14.95,05/13/19 13:24,"144 Pine St, Los Angeles, CA 90001"
196831,Wired Headphones,1,11.99,05/24/19 21:39,"835 Washington St, San Francisco, CA 94016"
196832,AAA Batteries (4-pack),1,2.99,05/30/19 09:34,"389 8th St, Los Angeles, CA 90001"
196833,Lightning Charging Cable,1,14.95,05/20/19 00:57,"332 8th St, Seattle, WA 98101"
196834,AAA Batteries (4-pack),1,2.99,05/11/19 20:16,"400 Madison St, New York City, NY 10001"
196835,Wired Headphones,1,11.99,05/23/19 09:23,"518 11th St, Atlanta, GA 30301"
196836,Lightning Charging Cable,1,14.95,05/08/19 19:35,"334 6th St, Dallas, TX 75001"
196837,AA Batteries (4-pack),1,3.84,05/17/19 08:53,"928 Hickory St, Los Angeles, CA 90001"
196838,34in Ultrawide Monitor,1,379.99,05/25/19 00:35,"725 9th St, San Francisco, CA 94016"
196839,27in FHD Monitor,1,149.99,05/19/19 12:01,"626 Ridge St, New York City, NY 10001"
196840,20in Monitor,1,109.99,05/12/19 09:02,"505 6th St, New York City, NY 10001"
196841,Macbook Pro Laptop,1,1700,05/28/19 15:36,"117 7th St, San Francisco, CA 94016"
196842,USB-C Charging Cable,1,11.95,05/05/19 23:18,"283 Lake St, New York City, NY 10001"
196843,34in Ultrawide Monitor,1,379.99,05/05/19 17:36,"37 Forest St, Atlanta, GA 30301"
196844,Wired Headphones,1,11.99,05/30/19 20:22,"959 8th St, Los Angeles, CA 90001"
196845,USB-C Charging Cable,1,11.95,05/09/19 17:07,"752 Lakeview St, Dallas, TX 75001"
196846,34in Ultrawide Monitor,1,379.99,05/02/19 20:18,"52 Dogwood St, Atlanta, GA 30301"
196847,AAA Batteries (4-pack),1,2.99,05/12/19 13:07,"739 Spruce St, San Francisco, CA 94016"
196848,Flatscreen TV,1,300,05/10/19 16:07,"252 Lincoln St, Los Angeles, CA 90001"
196849,Google Phone,1,600,05/13/19 22:31,"617 River St, Seattle, WA 98101"
196850,AAA Batteries (4-pack),1,2.99,05/25/19 14:42,"466 River St, San Francisco, CA 94016"
196851,USB-C Charging Cable,1,11.95,05/18/19 16:42,"175 Wilson St, Los Angeles, CA 90001"
196852,Apple Airpods Headphones,1,150,05/15/19 21:09,"238 Adams St, Seattle, WA 98101"
196853,Wired Headphones,1,11.99,05/13/19 18:08,"40 Washington St, Los Angeles, CA 90001"
196854,iPhone,1,700,05/14/19 11:32,"326 Wilson St, Boston, MA 02215"
196855,27in 4K Gaming Monitor,1,389.99,05/04/19 10:27,"334 Park St, Los Angeles, CA 90001"
196856,AAA Batteries (4-pack),1,2.99,05/13/19 20:06,"398 11th St, San Francisco, CA 94016"
196857,27in FHD Monitor,1,149.99,05/18/19 17:17,"302 Willow St, Atlanta, GA 30301"
196858,AA Batteries (4-pack),1,3.84,05/09/19 10:05,"553 Center St, Atlanta, GA 30301"
196859,Flatscreen TV,1,300,05/15/19 10:44,"936 Sunset St, Dallas, TX 75001"
196860,Wired Headphones,2,11.99,05/29/19 13:26,"132 West St, Atlanta, GA 30301"
196861,Lightning Charging Cable,1,14.95,05/31/19 18:38,"754 Lake St, Dallas, TX 75001"
196862,ThinkPad Laptop,1,999.99,05/09/19 22:25,"324 South St, Atlanta, GA 30301"
196863,27in FHD Monitor,1,149.99,05/23/19 15:51,"833 Cedar St, San Francisco, CA 94016"
196864,Macbook Pro Laptop,1,1700,05/06/19 11:39,"553 South St, San Francisco, CA 94016"
196865,Google Phone,1,600,05/17/19 20:27,"404 Elm St, Austin, TX 73301"
196866,27in FHD Monitor,1,149.99,05/11/19 21:07,"180 Park St, Dallas, TX 75001"
196867,USB-C Charging Cable,1,11.95,05/19/19 13:01,"161 Lincoln St, New York City, NY 10001"
196868,27in 4K Gaming Monitor,1,389.99,05/12/19 10:01,"790 6th St, Seattle, WA 98101"
196868,Macbook Pro Laptop,1,1700,05/12/19 10:01,"790 6th St, Seattle, WA 98101"
196869,Macbook Pro Laptop,1,1700,05/12/19 15:09,"925 Meadow St, Seattle, WA 98101"
196870,Flatscreen TV,1,300,05/22/19 15:23,"901 8th St, Seattle, WA 98101"
196871,Bose SoundSport Headphones,1,99.99,05/15/19 17:22,"287 5th St, Portland, ME 04101"
196872,Apple Airpods Headphones,1,150,05/22/19 17:52,"279 11th St, Los Angeles, CA 90001"
196872,27in FHD Monitor,1,149.99,05/22/19 17:52,"279 11th St, Los Angeles, CA 90001"
196873,27in FHD Monitor,1,149.99,05/03/19 16:16,"931 Park St, New York City, NY 10001"
196874,34in Ultrawide Monitor,1,379.99,05/23/19 19:26,"337 1st St, Portland, OR 97035"
196875,USB-C Charging Cable,1,11.95,05/16/19 15:22,"304 1st St, San Francisco, CA 94016"
196875,Apple Airpods Headphones,1,150,05/16/19 15:22,"304 1st St, San Francisco, CA 94016"
196876,Lightning Charging Cable,1,14.95,05/26/19 00:22,"558 7th St, Los Angeles, CA 90001"
196877,USB-C Charging Cable,1,11.95,05/23/19 09:59,"448 6th St, New York City, NY 10001"
196878,Wired Headphones,1,11.99,05/31/19 18:36,"255 Adams St, Dallas, TX 75001"
196879,Wired Headphones,1,11.99,05/18/19 13:32,"223 Willow St, New York City, NY 10001"
196880,Macbook Pro Laptop,1,1700,05/10/19 10:31,"991 Dogwood St, Portland, OR 97035"
196881,AA Batteries (4-pack),1,3.84,05/20/19 21:16,"358 Willow St, San Francisco, CA 94016"
196882,Bose SoundSport Headphones,1,99.99,05/05/19 21:05,"460 Johnson St, Atlanta, GA 30301"
196883,USB-C Charging Cable,1,11.95,05/16/19 07:42,"560 4th St, Portland, OR 97035"
196884,Lightning Charging Cable,1,14.95,05/15/19 13:02,"133 Park St, Boston, MA 02215"
196885,AA Batteries (4-pack),1,3.84,05/20/19 09:47,"261 5th St, New York City, NY 10001"
196886,Wired Headphones,1,11.99,05/27/19 13:51,"484 Park St, Boston, MA 02215"
Order ID,Product,Quantity Ordered,Price Each,Order Date,Purchase Address
196887,Macbook Pro Laptop,1,1700,05/03/19 17:20,"432 Hickory St, San Francisco, CA 94016"
196888,Macbook Pro Laptop,1,1700,05/04/19 15:23,"973 Johnson St, New York City, NY 10001"
196889,ThinkPad Laptop,1,999.99,05/31/19 00:05,"938 Cherry St, Portland, OR 97035"
196890,Wired Headphones,1,11.99,05/25/19 11:30,"969 12th St, Austin, TX 73301"
196891,Apple Airpods Headphones,1,150,05/31/19 00:19,"995 Willow St, New York City, NY 10001"
196892,27in 4K Gaming Monitor,1,389.99,05/30/19 20:45,"845 Cedar St, Los Angeles, CA 90001"
196893,AAA Batteries (4-pack),2,2.99,05/05/19 10:12,"831 Hickory St, Los Angeles, CA 90001"
196894,Bose SoundSport Headphones,1,99.99,05/22/19 09:47,"528 Hill St, Dallas, TX 75001"
196895,USB-C Charging Cable,2,11.95,05/31/19 17:15,"301 Lakeview St, Boston, MA 02215"
196896,27in FHD Monitor,1,149.99,05/20/19 14:38,"870 Highland St, New York City, NY 10001"
196897,Bose SoundSport Headphones,1,99.99,05/08/19 16:54,"454 North St, San Francisco, CA 94016"
196898,Wired Headphones,1,11.99,05/30/19 18:16,"818 Lakeview St, Austin, TX 73301"
196899,AA Batteries (4-pack),1,3.84,05/26/19 20:20,"431 Center St, Austin, TX 73301"
196900,Bose SoundSport Headphones,1,99.99,05/27/19 11:50,"887 6th St, Atlanta, GA 30301"
196901,Lightning Charging Cable,2,14.95,05/07/19 20:41,"680 Spruce St, Los Angeles, CA 90001"
196902,Lightning Charging Cable,1,14.95,05/19/19 15:01,"436 Willow St, San Francisco, CA 94016"
196903,Google Phone,1,600,05/16/19 08:33,"764 River St, Boston, MA 02215"
196904,Lightning Charging Cable,1,14.95,05/23/19 13:37,"804 South St, Los Angeles, CA 90001"
196905,Wired Headphones,1,11.99,05/15/19 20:15,"294 1st St, San Francisco, CA 94016"
196906,27in 4K Gaming Monitor,1,389.99,05/22/19 17:12,"738 Chestnut St, San Francisco, CA 94016"
196907,ThinkPad Laptop,1,999.99,05/02/19 15:45,"239 Hill St, Dallas, TX 75001"
196908,USB-C Charging Cable,1,11.95,05/08/19 09:54,"19 Lake St, Seattle, WA 98101"
196909,Lightning Charging Cable,1,14.95,05/23/19 08:58,"365 Dogwood St, San Francisco, CA 94016"
196910,USB-C Charging Cable,1,11.95,05/08/19 15:35,"537 Jefferson St, Portland, OR 97035"
196911,AAA Batteries (4-pack),3,2.99,05/31/19 09:51,"879 13th St, Boston, MA 02215"
196912,USB-C Charging Cable,1,11.95,05/02/19 20:03,"998 Church St, Atlanta, GA 30301"
196913,Macbook Pro Laptop,1,1700,05/15/19 21:16,"919 West St, Seattle, WA 98101"
196914,Wired Headphones,1,11.99,05/28/19 16:04,"803 4th St, Boston, MA 02215"
196915,Google Phone,1,600,05/20/19 16:39,"235 Park St, Atlanta, GA 30301"
196916,AAA Batteries (4-pack),1,2.99,05/27/19 22:44,"842 Johnson St, Dallas, TX 75001"
196917,USB-C Charging Cable,1,11.95,05/24/19 23:33,"94 Center St, San Francisco, CA 94016"
196917,AA Batteries (4-pack),1,3.84,05/24/19 23:33,"94 Center St, San Francisco, CA 94016"
196918,AAA Batteries (4-pack),2,2.99,05/08/19 12:59,"76 Park St, Dallas, TX 75001"
196919,Wired Headphones,1,11.99,05/26/19 10:19,"209 12th St, San Francisco, CA 94016"
196920,USB-C Charging Cable,1,11.95,05/10/19 15:15,"110 Center St, Los Angeles, CA 90001"
196920,Lightning Charging Cable,1,14.95,05/10/19 15:15,"110 Center St, Los Angeles, CA 90001"
196921,USB-C Charging Cable,1,11.95,05/20/19 08:54,"248 Jackson St, Austin, TX 73301"
196922,27in 4K Gaming Monitor,1,389.99,05/16/19 19:34,"928 Forest St, Austin, TX 73301"
196923,AA Batteries (4-pack),1,3.84,05/24/19 18:40,"750 West St, Dallas, TX 75001"
196924,AA Batteries (4-pack),1,3.84,05/08/19 17:20,"335 6th St, Seattle, WA 98101"
196925,AAA Batteries (4-pack),2,2.99,05/23/19 17:06,"154 Johnson St, San Francisco, CA 94016"
196926,USB-C Charging Cable,1,11.95,05/03/19 17:37,"334 Maple St, San Francisco, CA 94016"
196927,Lightning Charging Cable,1,14.95,05/05/19 20:47,"878 South St, Portland, OR 97035"
196928,Apple Airpods Headphones,1,150,05/28/19 16:22,"404 Dogwood St, Dallas, TX 75001"
196929,USB-C Charging Cable,1,11.95,05/23/19 21:27,"622 Jackson St, Atlanta, GA 30301"
196930,Bose SoundSport Headphones,1,99.99,05/20/19 20:50,"542 Lake St, Atlanta, GA 30301"
196931,Lightning Charging Cable,1,14.95,05/16/19 01:09,"367 2nd St, Los Angeles, CA 90001"
196932,Wired Headphones,1,11.99,05/10/19 18:31,"367 Ridge St, New York City, NY 10001"
196933,Lightning Charging Cable,1,14.95,05/04/19 16:52,"231 Lincoln St, Austin, TX 73301"
196934,34in Ultrawide Monitor,1,379.99,05/17/19 22:50,"477 River St, Portland, ME 04101"
196935,USB-C Charging Cable,1,11.95,05/18/19 11:34,"197 Highland St, Los Angeles, CA 90001"
196936,ThinkPad Laptop,1,999.99,05/16/19 12:56,"148 Center St, San Francisco, CA 94016"
196937,34in Ultrawide Monitor,1,379.99,05/02/19 12:00,"344 Meadow St, Los Angeles, CA 90001"
196938,Lightning Charging Cable,1,14.95,05/18/19 22:22,"663 Lake St, Boston, MA 02215"
196939,Lightning Charging Cable,1,14.95,05/21/19 15:19,"570 Lake St, San Francisco, CA 94016"
196940,27in FHD Monitor,1,149.99,05/11/19 07:52,"326 Jefferson St, New York City, NY 10001"
196941,AA Batteries (4-pack),2,3.84,05/02/19 22:46,"23 Church St, Boston, MA 02215"
196942,Wired Headphones,1,11.99,05/31/19 20:31,"724 Spruce St, Los Angeles, CA 90001"
196943,Wired Headphones,1,11.99,05/09/19 14:50,"961 Meadow St, Dallas, TX 75001"
196944,27in FHD Monitor,1,149.99,05/26/19 11:09,"784 Madison St, Los Angeles, CA 90001"
196945,Google Phone,1,600,05/30/19 15:55,"133 Ridge St, Austin, TX 73301"
196946,USB-C Charging Cable,1,11.95,05/23/19 16:03,"957 Meadow St, Dallas, TX 75001"
196947,USB-C Charging Cable,1,11.95,05/28/19 20:31,"510 Lincoln St, New York City, NY 10001"
196948,27in 4K Gaming Monitor,1,389.99,05/08/19 22:41,"252 6th St, Boston, MA 02215"
196949,AAA Batteries (4-pack),2,2.99,05/26/19 15:11,"730 13th St, San Francisco, CA 94016"
196950,Wired Headphones,1,11.99,05/07/19 14:47,"402 Main St, New York City, NY 10001"
196951,Apple Airpods Headphones,1,150,05/28/19 10:27,"214 Meadow St, San Francisco, CA 94016"
196952,USB-C Charging Cable,1,11.95,05/03/19 10:53,"244 Main St, Los Angeles, CA 90001"
196953,iPhone,1,700,05/03/19 01:30,"264 13th St, New York City, NY 10001"
196954,Bose SoundSport Headphones,1,99.99,05/16/19 12:45,"595 Elm St, San Francisco, CA 94016"
196955,34in Ultrawide Monitor,1,379.99,05/14/19 11:26,"842 Walnut St, Dallas, TX 75001"
196956,AAA Batteries (4-pack),2,2.99,05/14/19 21:28,"949 West St, Atlanta, GA 30301"
196957,AAA Batteries (4-pack),2,2.99,05/27/19 12:00,"299 Cherry St, Los Angeles, CA 90001"
196958,Apple Airpods Headphones,1,150,05/01/19 23:29,"620 Madison St, Dallas, TX 75001"
196959,Lightning Charging Cable,1,14.95,05/04/19 17:18,"360 South St, Portland, OR 97035"
196960,Wired Headphones,1,11.99,05/02/19 22:56,"635 Hickory St, Los Angeles, CA 90001"
196961,Apple Airpods Headphones,1,150,05/18/19 06:58,"637 Adams St, Los Angeles, CA 90001"
196962,Lightning Charging Cable,1,14.95,05/31/19 10:12,"659 6th St, Austin, TX 73301"
196963,Macbook Pro Laptop,1,1700,05/20/19 07:34,"987 10th St, New York City, NY 10001"
196964,27in FHD Monitor,1,149.99,05/09/19 18:39,"692 7th St, San Francisco, CA 94016"
196965,Macbook Pro Laptop,1,1700,05/19/19 20:03,"937 Johnson St, San Francisco, CA 94016"
196966,AA Batteries (4-pack),2,3.84,05/09/19 14:06,"333 Forest St, Boston, MA 02215"
196967,Bose SoundSport Headphones,1,99.99,05/16/19 21:29,"365 11th St, Boston, MA 02215"
196968,AA Batteries (4-pack),1,3.84,05/06/19 12:11,"47 Main St, Seattle, WA 98101"
196969,Wired Headphones,1,11.99,05/21/19 15:18,"234 Johnson St, San Francisco, CA 94016"
196970,AAA Batteries (4-pack),1,2.99,05/28/19 22:24,"137 Elm St, Los Angeles, CA 90001"
196971,Macbook Pro Laptop,1,1700,05/23/19 22:47,"561 North St, Los Angeles, CA 90001"
196972,Apple Airpods Headphones,1,150,05/22/19 16:56,"682 Pine St, Boston, MA 02215"
196973,Wired Headphones,1,11.99,05/25/19 10:29,"794 Chestnut St, Boston, MA 02215"
196974,AA Batteries (4-pack),1,3.84,05/09/19 13:51,"319 Adams St, Atlanta, GA 30301"
196975,Apple Airpods Headphones,1,150,05/27/19 11:48,"781 Hickory St, Portland, ME 04101"
196976,AAA Batteries (4-pack),2,2.99,05/17/19 21:18,"742 8th St, San Francisco, CA 94016"
196977,USB-C Charging Cable,1,11.95,05/04/19 22:40,"190 Cherry St, New York City, NY 10001"
196978,Google Phone,1,600,05/14/19 09:51,"76 9th St, Atlanta, GA 30301"
196979,Bose SoundSport Headphones,1,99.99,05/12/19 19:34,"273 Adams St, New York City, NY 10001"
196980,USB-C Charging Cable,1,11.95,05/04/19 12:15,"543 Wilson St, Los Angeles, CA 90001"
196981,iPhone,1,700,05/01/19 10:15,"703 Sunset St, San Francisco, CA 94016"
Order ID,Product,Quantity Ordered,Price Each,Order Date,Purchase Address
196982,Wired Headphones,1,11.99,05/03/19 18:48,"533 Spruce St, San Francisco, CA 94016"
196983,Wired Headphones,2,11.99,05/02/19 13:34,"370 Washington St, Dallas, TX 75001"
196984,AA Batteries (4-pack),1,3.84,05/12/19 16:13,"602 Walnut St, San Francisco, CA 94016"
196985,Google Phone,1,600,05/03/19 18:56,"99 Center St, New York City, NY 10001"
196985,Wired Headphones,1,11.99,05/03/19 18:56,"99 Center St, New York City, NY 10001"
196986,Apple Airpods Headphones,1,150,05/05/19 22:05,"43 Pine St, Seattle, WA 98101"
196987,Macbook Pro Laptop,1,1700,05/06/19 11:23,"157 10th St, San Francisco, CA 94016"
196988,AA Batteries (4-pack),4,3.84,05/05/19 18:06,"376 Highland St, Seattle, WA 98101"
196989,AA Batteries (4-pack),1,3.84,05/15/19 19:46,"568 Johnson St, New York City, NY 10001"
196990,AA Batteries (4-pack),1,3.84,05/29/19 08:32,"126 Ridge St, Atlanta, GA 30301"
196990,iPhone,1,700,05/29/19 08:32,"126 Ridge St, Atlanta, GA 30301"
196991,AAA Batteries (4-pack),1,2.99,05/23/19 21:21,"62 Jackson St, San Francisco, CA 94016"
196992,Macbook Pro Laptop,1,1700,05/21/19 03:09,"722 Lakeview St, Boston, MA 02215"
196993,Apple Airpods Headphones,1,150,05/07/19 12:26,"360 Cherry St, Austin, TX 73301"
196994,AA Batteries (4-pack),1,3.84,05/11/19 11:54,"598 Spruce St, San Francisco, CA 94016"
196995,iPhone,1,700,05/17/19 10:30,"487 Jefferson St, Los Angeles, CA 90001"
196996,AA Batteries (4-pack),1,3.84,05/31/19 21:10,"994 Sunset St, Dallas, TX 75001"
196997,Apple Airpods Headphones,1,150,05/03/19 20:49,"246 Wilson St, San Francisco, CA 94016"
196998,Bose SoundSport Headphones,1,99.99,05/02/19 12:42,"957 Main St, San Francisco, CA 94016"
196999,USB-C Charging Cable,1,11.95,05/12/19 15:24,"850 6th St, New York City, NY 10001"
197000,AAA Batteries (4-pack),1,2.99,05/02/19 12:00,"549 Sunset St, San Francisco, CA 94016"
197001,AAA Batteries (4-pack),1,2.99,05/22/19 12:13,"163 12th St, San Francisco, CA 94016"
197002,Wired Headphones,2,11.99,05/10/19 11:56,"749 Highland St, New York City, NY 10001"
197003,27in FHD Monitor,1,149.99,05/11/19 14:00,"509 Pine St, Los Angeles, CA 90001"
197004,AA Batteries (4-pack),1,3.84,05/31/19 02:06,"544 Main St, New York City, NY 10001"
197004,20in Monitor,1,109.99,05/31/19 02:06,"544 Main St, New York City, NY 10001"
197005,20in Monitor,1,109.99,05/02/19 11:56,"682 Sunset St, Portland, OR 97035"
197006,Apple Airpods Headphones,1,150,05/04/19 15:27,"240 8th St, Austin, TX 73301"
197007,USB-C Charging Cable,1,11.95,05/24/19 23:01,"333 North St, Portland, OR 97035"
197008,Lightning Charging Cable,2,14.95,05/09/19 19:41,"375 13th St, New York City, NY 10001"
197009,LG Washing Machine,1,600.0,05/04/19 19:08,"152 River St, Austin, TX 73301"
197010,27in 4K Gaming Monitor,1,389.99,05/30/19 20:41,"610 Walnut St, New York City, NY 10001"
197011,Lightning Charging Cable,1,14.95,05/26/19 09:32,"886 Main St, Seattle, WA 98101"
197012,AA Batteries (4-pack),2,3.84,05/18/19 11:27,"371 Chestnut St, Boston, MA 02215"
197013,Google Phone,1,600,05/30/19 09:05,"470 South St, New York City, NY 10001"
197014,AAA Batteries (4-pack),1,2.99,05/15/19 12:27,"517 Cedar St, Dallas, TX 75001"
197015,27in FHD Monitor,1,149.99,05/15/19 08:14,"396 Jefferson St, Austin, TX 73301"
197016,Lightning Charging Cable,1,14.95,05/24/19 19:08,"348 Johnson St, Seattle, WA 98101"
197017,Google Phone,1,600,05/04/19 21:12,"439 Forest St, San Francisco, CA 94016"
197018,AA Batteries (4-pack),1,3.84,05/30/19 15:00,"48 Chestnut St, San Francisco, CA 94016"
197019,Wired Headphones,1,11.99,05/31/19 13:13,"14 8th St, San Francisco, CA 94016"
197020,27in FHD Monitor,1,149.99,05/04/19 14:57,"428 1st St, New York City, NY 10001"
197021,AAA Batteries (4-pack),1,2.99,05/30/19 18:45,"553 11th St, Dallas, TX 75001"
197022,Wired Headphones,1,11.99,05/12/19 20:17,"3 Chestnut St, Austin, TX 73301"
197023,LG Washing Machine,1,600.0,05/05/19 12:38,"783 2nd St, Los Angeles, CA 90001"
197024,Flatscreen TV,1,300,05/23/19 12:36,"217 Chestnut St, San Francisco, CA 94016"
197025,AA Batteries (4-pack),1,3.84,05/01/19 12:51,"370 River St, Los Angeles, CA 90001"
197026,Flatscreen TV,1,300,05/04/19 12:59,"577 8th St, Dallas, TX 75001"
197027,iPhone,1,700,05/31/19 10:24,"906 Lake St, Los Angeles, CA 90001"
197028,AA Batteries (4-pack),1,3.84,05/25/19 11:34,"551 8th St, New York City, NY 10001"
197029,Lightning Charging Cable,1,14.95,05/09/19 23:52,"345 Lincoln St, Atlanta, GA 30301"
197030,27in FHD Monitor,1,149.99,05/07/19 17:27,"654 13th St, Portland, OR 97035"
197031,AA Batteries (4-pack),1,3.84,05/21/19 14:46,"908 North St, Portland, OR 97035"
197032,27in 4K Gaming Monitor,1,389.99,05/29/19 15:54,"557 North St, Austin, TX 73301"
197033,AAA Batteries (4-pack),1,2.99,05/04/19 15:45,"209 Meadow St, New York City, NY 10001"
197034,Apple Airpods Headphones,1,150,05/10/19 18:37,"626 Jackson St, Portland, ME 04101"
197035,Apple Airpods Headphones,1,150,05/10/19 18:35,"473 Jefferson St, San Francisco, CA 94016"
197036,Bose SoundSport Headphones,1,99.99,05/31/19 00:35,"849 Sunset St, Portland, OR 97035"
197037,Bose SoundSport Headphones,1,99.99,05/03/19 10:24,"613 South St, Los Angeles, CA 90001"
197038,AAA Batteries (4-pack),1,2.99,05/26/19 08:54,"331 Maple St, Dallas, TX 75001"
197039,AA Batteries (4-pack),2,3.84,05/18/19 19:32,"865 Elm St, San Francisco, CA 94016"
197040,34in Ultrawide Monitor,1,379.99,05/22/19 19:02,"986 Jefferson St, New York City, NY 10001"
197041,Google Phone,1,600,05/09/19 16:34,"824 9th St, Dallas, TX 75001"
197041,USB-C Charging Cable,1,11.95,05/09/19 16:34,"824 9th St, Dallas, TX 75001"
197042,USB-C Charging Cable,1,11.95,05/14/19 08:21,"531 Church St, Portland, ME 04101"
197043,Bose SoundSport Headphones,1,99.99,05/12/19 19:20,"549 1st St, Los Angeles, CA 90001"
197044,AA Batteries (4-pack),1,3.84,05/31/19 19:18,"301 South St, Seattle, WA 98101"
197045,Bose SoundSport Headphones,1,99.99,05/25/19 09:02,"537 Spruce St, Dallas, TX 75001"
197046,AAA Batteries (4-pack),1,2.99,05/29/19 11:22,"734 Park St, Boston, MA 02215"
197047,AAA Batteries (4-pack),3,2.99,05/20/19 01:52,"934 Elm St, New York City, NY 10001"
197048,Lightning Charging Cable,1,14.95,05/18/19 01:22,"267 2nd St, Dallas, TX 75001"
197049,Flatscreen TV,1,300,05/27/19 15:08,"77 South St, New York City, NY 10001"
197050,Lightning Charging Cable,1,14.95,05/21/19 09:12,"423 Lincoln St, San Francisco, CA 94016"
197051,ThinkPad Laptop,1,999.99,05/04/19 15:35,"231 Willow St, Dallas, TX 75001"
197052,iPhone,1,700,05/11/19 18:52,"380 13th St, Los Angeles, CA 90001"
197053,AA Batteries (4-pack),1,3.84,05/21/19 13:09,"443 Madison St, Los Angeles, CA 90001"
197054,ThinkPad Laptop,1,999.99,05/13/19 19:28,"750 Sunset St, Los Angeles, CA 90001"
197055,Lightning Charging Cable,1,14.95,05/22/19 23:57,"118 5th St, Los Angeles, CA 90001"
197056,27in 4K Gaming Monitor,1,389.99,05/12/19 21:30,"904 Spruce St, Los Angeles, CA 90001"
197057,AAA Batteries (4-pack),2,2.99,05/19/19 13:06,"302 2nd St, New York City, NY 10001"
197058,Bose SoundSport Headphones,1,99.99,05/05/19 18:21,"463 Hickory St, San Francisco, CA 94016"
197059,Bose SoundSport Headphones,1,99.99,05/16/19 14:33,"775 Wilson St, Atlanta, GA 30301"
197060,Apple Airpods Headphones,1,150,05/21/19 16:24,"509 2nd St, Boston, MA 02215"
197061,USB-C Charging Cable,1,11.95,05/31/19 18:51,"726 Lincoln St, Los Angeles, CA 90001"
197062,Wired Headphones,1,11.99,05/31/19 13:39,"801 Maple St, Dallas, TX 75001"
197063,Apple Airpods Headphones,1,150,05/31/19 20:52,"164 Church St, Boston, MA 02215"
197064,USB-C Charging Cable,1,11.95,05/27/19 11:07,"965 Willow St, New York City, NY 10001"
197065,USB-C Charging Cable,1,11.95,05/04/19 20:55,"737 4th St, Seattle, WA 98101"
197066,27in FHD Monitor,1,149.99,05/31/19 17:13,"293 Cherry St, Portland, ME 04101"
197067,AAA Batteries (4-pack),1,2.99,05/02/19 19:11,"258 Park St, New York City, NY 10001"
197068,AA Batteries (4-pack),2,3.84,05/03/19 17:44,"582 Pine St, New York City, NY 10001"
197069,Vareebadd Phone,1,400,05/18/19 13:14,"71 Center St, San Francisco, CA 94016"
197070,USB-C Charging Cable,1,11.95,05/22/19 12:42,"480 Meadow St, Los Angeles, CA 90001"
197071,AA Batteries (4-pack),4,3.84,05/15/19 23:34,"594 Walnut St, San Francisco, CA 94016"
197072,Lightning Charging Cable,1,14.95,05/20/19 17:12,"737 Dogwood St, San Francisco, CA 94016"
197073,Google Phone,1,600,05/24/19 19:25,"853 Johnson St, New York City, NY 10001"
197074,Lightning Charging Cable,1,14.95,05/31/19 09:04,"165 South St, New York City, NY 10001"
197075,Bose SoundSport Headphones,1,99.99,05/01/19 14:04,"375 Chestnut St, San Francisco, CA 94016"
197076,AAA Batteries (4-pack),2,2.99,05/09/19 12:07,"760 River St, Portland, OR 97035"
197076,AAA Batteries (4-pack),1,2.99,05/09/19 12:07,"760 River St, Portland, OR 97035"
197077,Apple Airpods Headphones,1,150,05/10/19 08:51,"749 Hickory St, Boston, MA 02215"
197078,Bose SoundSport Headphones,1,99.99,05/19/19 17:49,"758 West St, New York City, NY 10001"
197079,Lightning Charging Cable,1,14.95,05/02/19 13:51,"79 Meadow St, Seattle, WA 98101"
197080,AA Batteries (4-pack),1,3.84,05/06/19 12:20,"625 6th St, Seattle, WA 98101"
197081,Lightning Charging Cable,1,14.95,05/15/19 15:05,"228 11th St, New York City, NY 10001"
197082,Google Phone,1,600,05/14/19 21:24,"226 Wilson St, Los Angeles, CA 90001"
197082,Bose SoundSport Headphones,1,99.99,05/14/19 21:24,"226 Wilson St, Los Angeles, CA 90001"
197082,Wired Headphones,1,11.99,05/14/19 21:24,"226 Wilson St, Los Angeles, CA 90001"
197083,AA Batteries (4-pack),1,3.84,05/22/19 03:50,"792 Chestnut St, Dallas, TX 75001"
197084,27in FHD Monitor,1,149.99,05/06/19 22:46,"581 Elm St, Dallas, TX 75001"
197085,Wired Headphones,1,11.99,05/02/19 11:09,"109 Walnut St, San Francisco, CA 94016"
197086,Apple Airpods Headphones,1,150,05/16/19 14:32,"808 Johnson St, Los Angeles, CA 90001"
197087,Apple Airpods Headphones,1,150,05/07/19 09:05,"443 12th St, Dallas, TX 75001"
197088,USB-C Charging Cable,1,11.95,05/31/19 22:01,"240 10th St, Dallas, TX 75001"
197089,Macbook Pro Laptop,1,1700,05/09/19 12:54,"179 Willow St, San Francisco, CA 94016"
197090,Flatscreen TV,1,300,05/07/19 10:19,"415 River St, Seattle, WA 98101"
197091,AAA Batteries (4-pack),1,2.99,05/29/19 10:47,"207 Dogwood St, New York City, NY 10001"
197092,Wired Headphones,1,11.99,05/16/19 15:04,"559 Chestnut St, Dallas, TX 75001"
197093,AA Batteries (4-pack),1,3.84,05/10/19 22:09,"764 Sunset St, Portland, OR 97035"
197094,Bose SoundSport Headphones,1,99.99,05/27/19 18:19,"924 Lincoln St, Dallas, TX 75001"
197095,Wired Headphones,1,11.99,05/09/19 22:24,"640 River St, San Francisco, CA 94016"
197096,Macbook Pro Laptop,1,1700,05/06/19 13:32,"908 Lake St, Dallas, TX 75001"
197097,Flatscreen TV,1,300,05/06/19 14:38,"587 Forest St, San Francisco, CA 94016"
197098,Apple Airpods Headphones,1,150,05/15/19 19:22,"966 11th St, Atlanta, GA 30301"
197099,Google Phone,1,600,05/29/19 07:15,"437 2nd St, Atlanta, GA 30301"
197099,USB-C Charging Cable,1,11.95,05/29/19 07:15,"437 2nd St, Atlanta, GA 30301"
197100,34in Ultrawide Monitor,1,379.99,05/20/19 21:14,"352 8th St, Portland, OR 97035"
197101,Lightning Charging Cable,1,14.95,05/08/19 12:45,"7 Maple St, San Francisco, CA 94016"
197102,Wired Headphones,1,11.99,05/26/19 22:21,"964 Elm St, New York City, NY 10001"
197103,iPhone,1,700,05/09/19 15:48,"50 13th St, Dallas, TX 75001"
197104,Wired Headphones,1,11.99,05/23/19 07:37,"927 Pine St, Seattle, WA 98101"
197105,USB-C Charging Cable,1,11.95,05/30/19 15:39,"976 13th St, San Francisco, CA 94016"
197106,AA Batteries (4-pack),1,3.84,05/11/19 21:19,"582 Johnson St, Dallas, TX 75001"
197107,Wired Headphones,1,11.99,05/24/19 15:30,"386 Lincoln St, Seattle, WA 98101"
197108,Bose SoundSport Headphones,1,99.99,05/20/19 12:45,"300 10th St, Dallas, TX 75001"
197109,Macbook Pro Laptop,1,1700,05/15/19 19:33,"803 11th St, Atlanta, GA 30301"
197110,Lightning Charging Cable,1,14.95,05/16/19 07:43,"427 Cedar St, Portland, OR 97035"
197111,Wired Headphones,1,11.99,05/07/19 18:10,"275 Lake St, Seattle, WA 98101"
197112,Lightning Charging Cable,2,14.95,05/01/19 16:12,"95 10th St, San Francisco, CA 94016"
197113,Lightning Charging Cable,1,14.95,05/02/19 18:05,"317 Center St, Boston, MA 02215"
197114,Lightning Charging Cable,1,14.95,05/10/19 21:08,"734 14th St, Portland, ME 04101"
197115,AAA Batteries (4-pack),4,2.99,05/21/19 17:14,"524 1st St, Los Angeles, CA 90001"
197116,Vareebadd Phone,1,400,05/28/19 16:21,"132 10th St, San Francisco, CA 94016"
197117,AAA Batteries (4-pack),1,2.99,05/09/19 19:36,"335 Lakeview St, Dallas, TX 75001"
197118,Google Phone,1,600,05/16/19 15:08,"47 2nd St, Austin, TX 73301"
197118,Bose SoundSport Headphones,1,99.99,05/16/19 15:08,"47 2nd St, Austin, TX 73301"
197119,AA Batteries (4-pack),1,3.84,05/06/19 13:47,"15 9th St, New York City, NY 10001"
197120,AA Batteries (4-pack),1,3.84,05/04/19 08:39,"409 Hill St, New York City, NY 10001"
197121,Bose SoundSport Headphones,1,99.99,05/29/19 06:39,"359 Cedar St, Dallas, TX 75001"
197122,AA Batteries (4-pack),1,3.84,05/08/19 16:52,"489 Johnson St, New York City, NY 10001"
197123,ThinkPad Laptop,1,999.99,05/26/19 16:43,"758 Jefferson St, New York City, NY 10001"
197124,Vareebadd Phone,1,400,05/23/19 12:13,"124 Sunset St, Seattle, WA 98101"
197124,Wired Headphones,1,11.99,05/23/19 12:13,"124 Sunset St, Seattle, WA 98101"
197125,Wired Headphones,1,11.99,05/11/19 16:39,"377 2nd St, Boston, MA 02215"
197126,27in 4K Gaming Monitor,1,389.99,05/19/19 09:53,"313 Church St, San Francisco, CA 94016"
197127,ThinkPad Laptop,1,999.99,05/14/19 23:15,"638 Jackson St, Los Angeles, CA 90001"
197128,AAA Batteries (4-pack),1,2.99,05/18/19 19:55,"433 Dogwood St, San Francisco, CA 94016"
197129,Bose SoundSport Headphones,1,99.99,05/12/19 19:20,"670 10th St, Los Angeles, CA 90001"
197130,Wired Headphones,1,11.99,05/17/19 10:11,"342 5th St, San Francisco, CA 94016"
197131,AAA Batteries (4-pack),2,2.99,05/13/19 13:25,"862 Lake St, Dallas, TX 75001"
197132,AAA Batteries (4-pack),2,2.99,05/27/19 14:13,"479 10th St, San Francisco, CA 94016"
197133,AA Batteries (4-pack),1,3.84,05/12/19 14:24,"718 South St, Los Angeles, CA 90001"
197134,Lightning Charging Cable,1,14.95,05/20/19 13:54,"399 Willow St, New York City, NY 10001"
197135,34in Ultrawide Monitor,1,379.99,05/27/19 16:00,"976 2nd St, New York City, NY 10001"
197136,USB-C Charging Cable,1,11.95,05/12/19 09:26,"627 Main St, Seattle, WA 98101"
197137,iPhone,1,700,05/11/19 09:09,"135 Cherry St, Los Angeles, CA 90001"
197138,Apple Airpods Headphones,1,150,05/09/19 13:31,"169 Main St, San Francisco, CA 94016"
197139,ThinkPad Laptop,1,999.99,05/05/19 12:27,"674 Hill St, Dallas, TX 75001"
197140,Apple Airpods Headphones,1,150,05/31/19 18:16,"342 West St, San Francisco, CA 94016"
197141,Macbook Pro Laptop,1,1700,05/01/19 10:40,"227 6th St, Dallas, TX 75001"
197142,ThinkPad Laptop,1,999.99,05/02/19 19:58,"381 Main St, New York City, NY 10001"
197143,Wired Headphones,1,11.99,05/29/19 19:20,"591 2nd St, New York City, NY 10001"
197144,Bose SoundSport Headphones,1,99.99,05/05/19 13:23,"638 1st St, Boston, MA 02215"
197145,Lightning Charging Cable,1,14.95,05/19/19 20:26,"421 Madison St, Los Angeles, CA 90001"
197146,Lightning Charging Cable,1,14.95,05/20/19 22:05,"761 Spruce St, Boston, MA 02215"
197147,AAA Batteries (4-pack),1,2.99,05/28/19 11:38,"81 9th St, San Francisco, CA 94016"
197148,Lightning Charging Cable,1,14.95,05/11/19 10:39,"285 Cedar St, Portland, OR 97035"
197149,AAA Batteries (4-pack),1,2.99,05/13/19 16:36,"873 Hill St, San Francisco, CA 94016"
197150,Google Phone,1,600,05/21/19 21:04,"956 13th St, Los Angeles, CA 90001"
197151,USB-C Charging Cable,1,11.95,05/15/19 11:11,"131 Ridge St, Atlanta, GA 30301"
197152,27in 4K Gaming Monitor,1,389.99,05/02/19 18:18,"812 4th St, San Francisco, CA 94016"
197153,Lightning Charging Cable,1,14.95,05/12/19 22:03,"454 Park St, Dallas, TX 75001"
197154,Lightning Charging Cable,1,14.95,05/10/19 18:11,"134 Meadow St, New York City, NY 10001"
197155,Wired Headphones,1,11.99,05/24/19 08:07,"459 Center St, Atlanta, GA 30301"
197156,ThinkPad Laptop,1,999.99,05/01/19 10:07,"430 Cedar St, Dallas, TX 75001"
197157,27in FHD Monitor,1,149.99,05/15/19 21:54,"461 Madison St, San Francisco, CA 94016"
197158,Wired Headphones,1,11.99,05/03/19 06:58,"691 Jackson St, New York City, NY 10001"
197159,34in Ultrawide Monitor,1,379.99,05/16/19 09:38,"330 6th St, Los Angeles, CA 90001"
197160,Bose SoundSport Headphones,1,99.99,05/08/19 20:52,"509 Johnson St, San Francisco, CA 94016"
197161,Wired Headphones,1,11.99,05/13/19 10:09,"162 Willow St, Seattle, WA 98101"
197162,Lightning Charging Cable,1,14.95,05/21/19 08:38,"41 Park St, Portland, OR 97035"
197163,USB-C Charging Cable,1,11.95,05/28/19 10:09,"842 Maple St, New York City, NY 10001"
197164,AA Batteries (4-pack),1,3.84,05/15/19 20:33,"331 9th St, Dallas, TX 75001"
197165,Apple Airpods Headphones,1,150,05/30/19 23:01,"515 5th St, Atlanta, GA 30301"
197166,AA Batteries (4-pack),1,3.84,05/29/19 18:04,"989 4th St, San Francisco, CA 94016"
197167,iPhone,1,700,05/07/19 12:06,"758 Adams St, San Francisco, CA 94016"
197168,27in 4K Gaming Monitor,1,389.99,05/30/19 16:48,"928 Wilson St, New York City, NY 10001"
197169,Macbook Pro Laptop,1,1700,05/13/19 17:49,"468 6th St, Boston, MA 02215"
197170,AAA Batteries (4-pack),1,2.99,05/16/19 21:07,"79 7th St, New York City, NY 10001"
197171,Wired Headphones,1,11.99,05/11/19 20:56,"370 Elm St, Dallas, TX 75001"
197172,Apple Airpods Headphones,1,150,05/27/19 08:52,"475 Lincoln St, Portland, OR 97035"
197173,Macbook Pro Laptop,1,1700,05/18/19 18:19,"593 River St, San Francisco, CA 94016"
197174,LG Dryer,1,600.0,05/08/19 01:04,"912 11th St, Los Angeles, CA 90001"
197175,USB-C Charging Cable,1,11.95,05/31/19 17:20,"578 10th St, San Francisco, CA 94016"
197176,Lightning Charging Cable,1,14.95,05/26/19 22:08,"746 Highland St, New York City, NY 10001"
197177,Wired Headphones,1,11.99,05/16/19 22:53,"512 Jackson St, Dallas, TX 75001"
197178,Lightning Charging Cable,1,14.95,05/26/19 11:52,"401 River St, New York City, NY 10001"
197179,ThinkPad Laptop,1,999.99,05/30/19 00:20,"228 Highland St, Los Angeles, CA 90001"
197180,Wired Headphones,1,11.99,05/15/19 13:41,"820 South St, Seattle, WA 98101"
197181,Bose SoundSport Headphones,1,99.99,05/23/19 23:03,"210 Ridge St, San Francisco, CA 94016"
197181,iPhone,1,700,05/23/19 23:03,"210 Ridge St, San Francisco, CA 94016"
,,,,,
197182,AA Batteries (4-pack),1,3.84,05/08/19 13:12,"603 Lake St, San Francisco, CA 94016"
197183,Wired Headphones,1,11.99,05/13/19 11:52,"442 North St, San Francisco, CA 94016"
197184,AA Batteries (4-pack),1,3.84,05/10/19 07:59,"619 11th St, Dallas, TX 75001"
197185,AA Batteries (4-pack),2,3.84,05/07/19 09:53,"219 Main St, Atlanta, GA 30301"
197186,Lightning Charging Cable,1,14.95,05/30/19 12:16,"913 7th St, Portland, OR 97035"
197187,Lightning Charging Cable,1,14.95,05/21/19 14:30,"791 Hickory St, New York City, NY 10001"
197188,Lightning Charging Cable,1,14.95,05/27/19 19:33,"119 Hickory St, San Francisco, CA 94016"
197189,AA Batteries (4-pack),1,3.84,05/16/19 07:20,"368 Jackson St, San Francisco, CA 94016"
197190,AA Batteries (4-pack),1,3.84,05/11/19 09:54,"979 Washington St, Seattle, WA 98101"
197191,Wired Headphones,1,11.99,05/31/19 10:02,"721 1st St, San Francisco, CA 94016"
197192,AA Batteries (4-pack),2,3.84,05/21/19 15:28,"323 9th St, Boston, MA 02215"
197193,AAA Batteries (4-pack),4,2.99,05/05/19 12:03,"441 8th St, Atlanta, GA 30301"
197194,AAA Batteries (4-pack),2,2.99,05/26/19 15:22,"553 2nd St, Los Angeles, CA 90001"
197195,Wired Headphones,1,11.99,05/04/19 16:20,"462 River St, Los Angeles, CA 90001"
197196,Lightning Charging Cable,1,14.95,05/24/19 15:40,"370 7th St, San Francisco, CA 94016"
197197,AAA Batteries (4-pack),1,2.99,05/25/19 11:44,"455 Ridge St, Portland, OR 97035"
197198,34in Ultrawide Monitor,1,379.99,05/14/19 14:28,"959 North St, San Francisco, CA 94016"
197199,AAA Batteries (4-pack),1,2.99,05/31/19 13:51,"831 Washington St, Austin, TX 73301"
197200,AAA Batteries (4-pack),2,2.99,05/03/19 09:31,"732 River St, San Francisco, CA 94016"
197201,ThinkPad Laptop,1,999.99,05/26/19 17:43,"631 Willow St, New York City, NY 10001"
197202,Lightning Charging Cable,1,14.95,05/27/19 10:00,"717 4th St, New York City, NY 10001"
197203,AA Batteries (4-pack),1,3.84,05/17/19 22:43,"876 12th St, Atlanta, GA 30301"
197204,34in Ultrawide Monitor,1,379.99,05/12/19 09:58,"703 9th St, Seattle, WA 98101"
197205,Bose SoundSport Headphones,1,99.99,05/22/19 16:16,"582 13th St, New York City, NY 10001"
197206,Bose SoundSport Headphones,1,99.99,05/07/19 21:45,"83 Walnut St, Austin, TX 73301"
197207,Lightning Charging Cable,1,14.95,05/30/19 16:51,"655 Elm St, Los Angeles, CA 90001"
197208,Wired Headphones,1,11.99,05/18/19 12:41,"416 11th St, Portland, OR 97035"
197209,iPhone,1,700,05/24/19 07:49,"314 Hickory St, San Francisco, CA 94016"
197209,Lightning Charging Cable,1,14.95,05/24/19 07:49,"314 Hickory St, San Francisco, CA 94016"
197210,AA Batteries (4-pack),1,3.84,05/21/19 12:41,"650 11th St, Los Angeles, CA 90001"
197211,27in 4K Gaming Monitor,1,389.99,05/25/19 15:43,"975 13th St, San Francisco, CA 94016"
197212,Wired Headphones,2,11.99,05/29/19 15:19,"760 Lake St, San Francisco, CA 94016"
197213,AA Batteries (4-pack),1,3.84,05/09/19 17:24,"328 Meadow St, Dallas, TX 75001"
197214,Apple Airpods Headphones,1,150,05/22/19 21:02,"288 Johnson St, Portland, ME 04101"
197215,AAA Batteries (4-pack),1,2.99,05/20/19 12:18,"901 Center St, Seattle, WA 98101"
197216,iPhone,1,700,05/09/19 16:50,"34 1st St, Portland, ME 04101"
197217,AAA Batteries (4-pack),1,2.99,05/17/19 18:10,"391 Meadow St, San Francisco, CA 94016"
197218,Wired Headphones,1,11.99,05/28/19 10:25,"288 Hill St, San Francisco, CA 94016"
197219,Flatscreen TV,1,300,05/17/19 14:07,"957 9th St, New York City, NY 10001"
197220,AA Batteries (4-pack),1,3.84,05/08/19 21:24,"54 6th St, Dallas, TX 75001"
197221,AAA Batteries (4-pack),1,2.99,05/15/19 12:02,"515 Meadow St, Dallas, TX 75001"
197222,iPhone,1,700,05/10/19 07:55,"401 12th St, Atlanta, GA 30301"
197223,AAA Batteries (4-pack),2,2.99,05/28/19 07:42,"200 North St, Dallas, TX 75001"
197224,USB-C Charging Cable,1,11.95,05/12/19 20:48,"587 1st St, Austin, TX 73301"
197225,Macbook Pro Laptop,1,1700,05/22/19 14:13,"467 Park St, Atlanta, GA 30301"
197226,Apple Airpods Headphones,1,150,05/05/19 17:54,"797 Ridge St, San Francisco, CA 94016"
197227,34in Ultrawide Monitor,1,379.99,05/14/19 20:24,"110 Walnut St, New York City, NY 10001"
197228,Apple Airpods Headphones,1,150,05/19/19 21:53,"67 Dogwood St, Seattle, WA 98101"
197229,Bose SoundSport Headphones,1,99.99,05/12/19 11:28,"259 Washington St, New York City, NY 10001"
197230,AAA Batteries (4-pack),1,2.99,05/25/19 20:11,"591 Spruce St, Boston, MA 02215"
197231,Flatscreen TV,1,300,05/26/19 22:58,"648 Jackson St, San Francisco, CA 94016"
197232,Lightning Charging Cable,1,14.95,05/29/19 08:45,"295 9th St, Los Angeles, CA 90001"
197233,USB-C Charging Cable,1,11.95,05/29/19 15:52,"616 Park St, San Francisco, CA 94016"
197234,34in Ultrawide Monitor,1,379.99,05/26/19 13:26,"837 5th St, Atlanta, GA 30301"
197235,Apple Airpods Headphones,1,150,05/02/19 18:45,"230 14th St, Boston, MA 02215"
197236,34in Ultrawide Monitor,1,379.99,05/30/19 07:18,"660 Dogwood St, Dallas, TX 75001"
197237,Macbook Pro Laptop,1,1700,05/29/19 16:21,"900 4th St, San Francisco, CA 94016"
197238,Apple Airpods Headphones,1,150,05/28/19 14:11,"543 Chestnut St, Seattle, WA 98101"
197239,AA Batteries (4-pack),2,3.84,05/13/19 12:38,"10 Hill St, Boston, MA 02215"
197240,27in FHD Monitor,1,149.99,05/12/19 11:28,"672 Cherry St, Seattle, WA 98101"
197241,Google Phone,1,600,05/28/19 19:05,"553 Jackson St, Portland, OR 97035"
197242,AA Batteries (4-pack),2,3.84,05/12/19 18:38,"132 11th St, Portland, OR 97035"
197243,iPhone,1,700,05/27/19 13:46,"803 6th St, Atlanta, GA 30301"
197244,Bose SoundSport Headphones,1,99.99,05/27/19 00:17,"170 Spruce St, Atlanta, GA 30301"
197245,AA Batteries (4-pack),1,3.84,05/01/19 15:49,"983 8th St, Portland, OR 97035"
197246,USB-C Charging Cable,1,11.95,05/04/19 15:56,"195 6th St, Boston, MA 02215"
197247,Lightning Charging Cable,1,14.95,05/10/19 05:11,"880 South St, San Francisco, CA 94016"
197248,USB-C Charging Cable,1,11.95,05/23/19 09:19,"261 2nd St, San Francisco, CA 94016"
197249,Bose SoundSport Headphones,1,99.99,05/04/19 19:21,"420 2nd St, Boston, MA 02215"
197250,Macbook Pro Laptop,1,1700,05/02/19 20:24,"931 13th St, San Francisco, CA 94016"
197251,Bose SoundSport Headphones,1,99.99,05/06/19 00:23,"566 Dogwood St, Los Angeles, CA 90001"
197252,Macbook Pro Laptop,1,1700,05/28/19 15:49,"725 Forest St, San Francisco, CA 94016"
197253,AAA Batteries (4-pack),1,2.99,05/20/19 21:57,"257 Dogwood St, Los Angeles, CA 90001"
197254,27in 4K Gaming Monitor,1,389.99,05/12/19 09:57,"819 Lake St, New York City, NY 10001"
197255,AAA Batteries (4-pack),2,2.99,05/13/19 18:09,"226 8th St, Los Angeles, CA 90001"
197256,USB-C Charging Cable,1,11.95,05/30/19 23:46,"103 1st St, Seattle, WA 98101"
197257,Apple Airpods Headphones,1,150,05/19/19 20:37,"820 West St, Seattle, WA 98101"
197258,Wired Headphones,1,11.99,05/10/19 00:21,"270 Adams St, Boston, MA 02215"
197259,Wired Headphones,1,11.99,05/09/19 17:08,"949 Highland St, Dallas, TX 75001"
197260,Google Phone,1,600,05/24/19 10:47,"870 Lake St, Seattle, WA 98101"
197261,USB-C Charging Cable,1,11.95,05/31/19 16:27,"715 Elm St, San Francisco, CA 94016"
197262,Bose SoundSport Headphones,1,99.99,05/26/19 09:14,"713 11th St, New York City, NY 10001"
197263,USB-C Charging Cable,1,11.95,05/14/19 13:41,"446 Elm St, New York City, NY 10001"
197264,20in Monitor,1,109.99,05/30/19 21:59,"84 Main St, New York City, NY 10001"
197265,Apple Airpods Headphones,1,150,05/13/19 23:10,"82 Johnson St, Boston, MA 02215"
197266,USB-C Charging Cable,1,11.95,05/16/19 09:16,"200 Cedar St, Atlanta, GA 30301"
197267,Google Phone,1,600,05/19/19 12:24,"10 Lincoln St, San Francisco, CA 94016"
197268,AAA Batteries (4-pack),1,2.99,05/22/19 17:42,"330 Johnson St, Los Angeles, CA 90001"
197269,LG Washing Machine,1,600.0,05/08/19 20:55,"89 12th St, Los Angeles, CA 90001"
197270,Wired Headphones,1,11.99,05/03/19 08:17,"375 Cedar St, Dallas, TX 75001"
197271,Macbook Pro Laptop,1,1700,05/07/19 15:44,"574 Forest St, Atlanta, GA 30301"
197272,ThinkPad Laptop,1,999.99,05/15/19 10:39,"910 Main St, Portland, OR 97035"
197273,iPhone,1,700,05/25/19 19:42,"407 Chestnut St, Seattle, WA 98101"
197273,Lightning Charging Cable,1,14.95,05/25/19 19:42,"407 Chestnut St, Seattle, WA 98101"
197274,27in 4K Gaming Monitor,1,389.99,05/23/19 14:53,"795 12th St, San Francisco, CA 94016"
197275,AA Batteries (4-pack),1,3.84,05/28/19 22:59,"697 Spruce St, Dallas, TX 75001"
197276,AAA Batteries (4-pack),2,2.99,05/27/19 14:08,"313 5th St, Atlanta, GA 30301"
197277,34in Ultrawide Monitor,1,379.99,05/17/19 02:16,"688 Willow St, Dallas, TX 75001"
197278,AA Batteries (4-pack),2,3.84,05/12/19 15:36,"679 Johnson St, Dallas, TX 75001"
197279,34in Ultrawide Monitor,1,379.99,05/02/19 18:24,"135 Chestnut St, Seattle, WA 98101"
197280,iPhone,1,700,05/09/19 15:59,"395 7th St, Atlanta, GA 30301"
197280,Apple Airpods Headphones,1,150,05/09/19 15:59,"395 7th St, Atlanta, GA 30301"
197281,AAA Batteries (4-pack),2,2.99,05/29/19 09:33,"100 13th St, San Francisco, CA 94016"
197282,LG Washing Machine,1,600.0,05/23/19 20:42,"775 North St, Los Angeles, CA 90001"
197283,Apple Airpods Headphones,1,150,05/10/19 17:28,"277 Wilson St, Atlanta, GA 30301"
197284,Lightning Charging Cable,1,14.95,05/14/19 21:53,"286 Elm St, New York City, NY 10001"
197285,Lightning Charging Cable,1,14.95,05/02/19 22:27,"204 Walnut St, San Francisco, CA 94016"
197286,Google Phone,1,600,05/19/19 21:38,"275 Meadow St, San Francisco, CA 94016"
197287,Wired Headphones,1,11.99,05/17/19 23:06,"522 14th St, San Francisco, CA 94016"
197288,iPhone,1,700,05/03/19 08:52,"182 Forest St, Seattle, WA 98101"
197288,Apple Airpods Headphones,1,150,05/03/19 08:52,"182 Forest St, Seattle, WA 98101"
197289,ThinkPad Laptop,1,999.99,05/22/19 11:53,"85 West St, Atlanta, GA 30301"
197290,Lightning Charging Cable,1,14.95,05/08/19 15:37,"69 Jackson St, Dallas, TX 75001"
197291,27in FHD Monitor,1,149.99,05/05/19 15:02,"109 West St, San Francisco, CA 94016"
197292,Wired Headphones,1,11.99,05/08/19 17:36,"918 Madison St, Los Angeles, CA 90001"
197293,AAA Batteries (4-pack),3,2.99,05/15/19 22:32,"291 Meadow St, Portland, OR 97035"
197294,AA Batteries (4-pack),1,3.84,05/12/19 17:36,"986 2nd St, San Francisco, CA 94016"
197295,ThinkPad Laptop,1,999.99,05/26/19 10:32,"916 Walnut St, San Francisco, CA 94016"
197296,Lightning Charging Cable,1,14.95,05/21/19 02:02,"977 Park St, San Francisco, CA 94016"
197297,Lightning Charging Cable,1,14.95,05/20/19 15:03,"97 Forest St, San Francisco, CA 94016"
197298,Wired Headphones,1,11.99,05/30/19 15:47,"486 7th St, Boston, MA 02215"
197299,Apple Airpods Headphones,1,150,05/01/19 20:10,"434 River St, Dallas, TX 75001"
197300,Lightning Charging Cable,1,14.95,05/31/19 11:12,"854 Madison St, Dallas, TX 75001"
197301,Apple Airpods Headphones,1,150,05/04/19 19:14,"565 1st St, Portland, ME 04101"
197302,27in FHD Monitor,1,149.99,05/10/19 17:52,"261 South St, Boston, MA 02215"
197303,Lightning Charging Cable,1,14.95,05/24/19 10:24,"695 Lake St, Dallas, TX 75001"
197304,AA Batteries (4-pack),1,3.84,05/12/19 21:47,"47 Johnson St, Seattle, WA 98101"
197305,Vareebadd Phone,1,400,05/03/19 12:31,"761 North St, Portland, OR 97035"
197306,Apple Airpods Headphones,1,150,05/21/19 16:34,"750 Hickory St, Atlanta, GA 30301"
197307,Wired Headphones,1,11.99,05/12/19 19:11,"459 9th St, Austin, TX 73301"
197308,Wired Headphones,1,11.99,05/08/19 21:49,"328 Highland St, San Francisco, CA 94016"
197309,USB-C Charging Cable,1,11.95,05/25/19 16:43,"913 Lakeview St, San Francisco, CA 94016"
197310,Wired Headphones,1,11.99,05/20/19 19:41,"938 9th St, Boston, MA 02215"
197311,USB-C Charging Cable,1,11.95,05/30/19 19:09,"697 Lake St, Los Angeles, CA 90001"
197312,27in FHD Monitor,1,149.99,05/06/19 09:18,"373 Maple St, Boston, MA 02215"
197313,AA Batteries (4-pack),1,3.84,05/09/19 13:35,"620 Jackson St, San Francisco, CA 94016"
197314,USB-C Charging Cable,1,11.95,05/16/19 22:00,"944 Johnson St, Los Angeles, CA 90001"
197315,27in FHD Monitor,1,149.99,05/16/19 17:13,"103 6th St, Los Angeles, CA 90001"
197316,Lightning Charging Cable,1,14.95,05/15/19 13:57,"996 12th St, San Francisco, CA 94016"
197317,AAA Batteries (4-pack),1,2.99,05/08/19 19:09,"345 Hickory St, San Francisco, CA 94016"
197318,AA Batteries (4-pack),1,3.84,05/19/19 09:51,"896 1st St, Portland, OR 97035"
197318,Wired Headphones,1,11.99,05/19/19 09:51,"896 1st St, Portland, OR 97035"
197319,Apple Airpods Headphones,1,150,05/06/19 21:09,"796 6th St, Austin, TX 73301"
197320,27in FHD Monitor,1,149.99,05/02/19 15:22,"93 West St, Portland, OR 97035"
197321,Apple Airpods Headphones,1,150,05/22/19 19:11,"154 Dogwood St, San Francisco, CA 94016"
197322,Lightning Charging Cable,1,14.95,05/31/19 11:45,"958 Chestnut St, San Francisco, CA 94016"
197323,Wired Headphones,1,11.99,05/24/19 16:02,"280 Cedar St, San Francisco, CA 94016"
197324,ThinkPad Laptop,1,999.99,05/11/19 23:49,"773 1st St, Boston, MA 02215"
197325,Lightning Charging Cable,1,14.95,05/14/19 08:01,"614 13th St, Boston, MA 02215"
197326,AA Batteries (4-pack),1,3.84,05/12/19 13:26,"663 Walnut St, Atlanta, GA 30301"
197327,Apple Airpods Headphones,1,150,05/10/19 19:03,"849 Lincoln St, San Francisco, CA 94016"
197328,Google Phone,1,600,05/16/19 09:59,"181 Wilson St, New York City, NY 10001"
197329,Lightning Charging Cable,1,14.95,05/07/19 12:31,"726 Highland St, Atlanta, GA 30301"
197330,AAA Batteries (4-pack),1,2.99,05/15/19 11:20,"423 Main St, Austin, TX 73301"
197331,Wired Headphones,1,11.99,05/17/19 07:21,"962 13th St, New York City, NY 10001"
197332,AAA Batteries (4-pack),2,2.99,05/24/19 20:37,"798 14th St, San Francisco, CA 94016"
197333,Flatscreen TV,1,300,05/18/19 12:27,"592 14th St, Los Angeles, CA 90001"
197334,34in Ultrawide Monitor,1,379.99,05/25/19 06:05,"840 Hill St, San Francisco, CA 94016"
197335,Lightning Charging Cable,1,14.95,05/12/19 13:31,"462 Elm St, Los Angeles, CA 90001"
197336,Flatscreen TV,1,300,05/16/19 08:52,"923 Forest St, New York City, NY 10001"
197337,AA Batteries (4-pack),1,3.84,05/24/19 12:09,"878 Adams St, San Francisco, CA 94016"
197338,Wired Headphones,1,11.99,05/09/19 06:01,"456 6th St, New York City, NY 10001"
197339,Bose SoundSport Headphones,1,99.99,05/03/19 19:51,"280 Walnut St, Dallas, TX 75001"
197340,AA Batteries (4-pack),1,3.84,05/23/19 15:26,"844 Adams St, Boston, MA 02215"
197341,Flatscreen TV,1,300,05/04/19 12:56,"483 Lakeview St, Atlanta, GA 30301"
197342,AA Batteries (4-pack),1,3.84,05/25/19 10:40,"3 1st St, Dallas, TX 75001"
197343,USB-C Charging Cable,1,11.95,05/28/19 22:12,"774 North St, Austin, TX 73301"
197344,Apple Airpods Headphones,1,150,05/04/19 12:09,"748 Washington St, Los Angeles, CA 90001"
197345,27in FHD Monitor,1,149.99,05/06/19 23:20,"951 4th St, San Francisco, CA 94016"
197346,Macbook Pro Laptop,1,1700,05/12/19 22:32,"955 Wilson St, Los Angeles, CA 90001"
197347,AA Batteries (4-pack),1,3.84,05/31/19 12:11,"610 Maple St, San Francisco, CA 94016"
197348,Lightning Charging Cable,1,14.95,05/08/19 20:59,"711 14th St, San Francisco, CA 94016"
197349,AAA Batteries (4-pack),1,2.99,05/17/19 07:11,"982 Willow St, Boston, MA 02215"
197350,USB-C Charging Cable,1,11.95,05/01/19 14:49,"126 12th St, Los Angeles, CA 90001"
197351,USB-C Charging Cable,1,11.95,05/24/19 10:38,"660 Hill St, Dallas, TX 75001"
197352,27in FHD Monitor,1,149.99,05/20/19 09:51,"858 Cherry St, San Francisco, CA 94016"
197353,Google Phone,1,600,05/25/19 13:53,"237 Ridge St, Los Angeles, CA 90001"
197354,Bose SoundSport Headphones,1,99.99,05/27/19 11:49,"340 Dogwood St, San Francisco, CA 94016"
197355,USB-C Charging Cable,1,11.95,05/05/19 22:58,"521 Lake St, Los Angeles, CA 90001"
197356,Google Phone,1,600,05/04/19 09:22,"178 Main St, Atlanta, GA 30301"
197356,USB-C Charging Cable,1,11.95,05/04/19 09:22,"178 Main St, Atlanta, GA 30301"
197357,Google Phone,1,600,05/16/19 22:28,"487 Washington St, Boston, MA 02215"
197358,Wired Headphones,2,11.99,05/01/19 19:50,"452 Lincoln St, Los Angeles, CA 90001"
197359,Bose SoundSport Headphones,1,99.99,05/01/19 19:39,"342 9th St, Los Angeles, CA 90001"
197360,Lightning Charging Cable,1,14.95,05/03/19 10:24,"780 7th St, Seattle, WA 98101"
197361,Google Phone,1,600,05/12/19 12:05,"611 Willow St, San Francisco, CA 94016"
197362,Wired Headphones,1,11.99,05/12/19 10:44,"209 Maple St, Atlanta, GA 30301"
197363,USB-C Charging Cable,1,11.95,05/28/19 15:27,"208 Park St, San Francisco, CA 94016"
197364,USB-C Charging Cable,1,11.95,05/24/19 13:57,"859 Hickory St, Dallas, TX 75001"
197365,Bose SoundSport Headphones,1,99.99,05/13/19 21:48,"92 Madison St, New York City, NY 10001"
197366,Lightning Charging Cable,1,14.95,05/24/19 10:21,"108 North St, Los Angeles, CA 90001"
197367,Vareebadd Phone,1,400,05/01/19 14:22,"60 10th St, New York City, NY 10001"
197367,USB-C Charging Cable,1,11.95,05/01/19 14:22,"60 10th St, New York City, NY 10001"
197368,iPhone,1,700,05/15/19 10:30,"827 Sunset St, Los Angeles, CA 90001"
197369,Wired Headphones,1,11.99,05/17/19 10:49,"700 11th St, Los Angeles, CA 90001"
197370,AAA Batteries (4-pack),1,2.99,05/28/19 12:49,"319 Highland St, Atlanta, GA 30301"
197371,iPhone,1,700,05/08/19 18:35,"493 4th St, Dallas, TX 75001"
197372,Lightning Charging Cable,1,14.95,05/10/19 23:11,"731 11th St, New York City, NY 10001"
197372,Bose SoundSport Headphones,1,99.99,05/10/19 23:11,"731 11th St, New York City, NY 10001"
197373,Apple Airpods Headphones,1,150,05/24/19 21:05,"473 Sunset St, San Francisco, CA 94016"
197374,Wired Headphones,1,11.99,05/02/19 20:46,"743 Ridge St, San Francisco, CA 94016"
197375,Apple Airpods Headphones,1,150,05/21/19 10:01,"73 Madison St, Dallas, TX 75001"
197376,USB-C Charging Cable,1,11.95,05/24/19 07:45,"382 8th St, Los Angeles, CA 90001"
197377,iPhone,1,700,05/19/19 09:59,"795 8th St, Boston, MA 02215"
197378,Lightning Charging Cable,1,14.95,05/24/19 10:45,"102 Cedar St, New York City, NY 10001"
197379,Apple Airpods Headphones,1,150,05/02/19 18:20,"204 Lake St, San Francisco, CA 94016"
197380,AAA Batteries (4-pack),1,2.99,05/29/19 14:50,"534 Willow St, Seattle, WA 98101"
197381,Apple Airpods Headphones,2,150,05/20/19 16:31,"208 8th St, Atlanta, GA 30301"
197382,Lightning Charging Cable,1,14.95,05/30/19 12:46,"391 13th St, Dallas, TX 75001"
197383,Wired Headphones,1,11.99,05/15/19 22:58,"189 Washington St, New York City, NY 10001"
197384,AAA Batteries (4-pack),2,2.99,05/30/19 06:49,"418 Highland St, Los Angeles, CA 90001"
197385,Bose SoundSport Headphones,1,99.99,05/07/19 23:43,"16 1st St, New York City, NY 10001"
197386,34in Ultrawide Monitor,1,379.99,05/19/19 13:36,"995 Lake St, Dallas, TX 75001"
197387,Flatscreen TV,1,300,05/19/19 21:02,"764 11th St, San Francisco, CA 94016"
197388,Bose SoundSport Headphones,1,99.99,05/14/19 11:37,"439 2nd St, San Francisco, CA 94016"
197389,AAA Batteries (4-pack),1,2.99,05/12/19 13:18,"948 Cherry St, Dallas, TX 75001"
197390,AAA Batteries (4-pack),1,2.99,05/02/19 01:42,"251 Cedar St, New York City, NY 10001"
197391,AAA Batteries (4-pack),1,2.99,05/31/19 10:00,"102 Meadow St, Seattle, WA 98101"
197392,Vareebadd Phone,1,400,05/02/19 19:33,"478 4th St, Atlanta, GA 30301"
197393,AAA Batteries (4-pack),1,2.99,05/07/19 21:04,"234 Meadow St, Los Angeles, CA 90001"
197394,Macbook Pro Laptop,1,1700,05/05/19 21:24,"993 Highland St, Boston, MA 02215"
197395,AA Batteries (4-pack),1,3.84,05/19/19 07:04,"208 12th St, Los Angeles, CA 90001"
197396,27in FHD Monitor,1,149.99,05/29/19 14:25,"913 Cedar St, San Francisco, CA 94016"
197397,Lightning Charging Cable,1,14.95,05/29/19 13:50,"907 Maple St, Los Angeles, CA 90001"
197398,iPhone,1,700,05/22/19 18:16,"170 Pine St, Dallas, TX 75001"
197399,27in 4K Gaming Monitor,1,389.99,05/01/19 22:12,"65 Maple St, Dallas, TX 75001"
197400,27in 4K Gaming Monitor,1,389.99,05/17/19 20:43,"65 4th St, Boston, MA 02215"
197401,27in FHD Monitor,1,149.99,05/19/19 13:31,"615 Adams St, Los Angeles, CA 90001"
197402,34in Ultrawide Monitor,1,379.99,05/01/19 19:30,"306 Lakeview St, San Francisco, CA 94016"
197403,AAA Batteries (4-pack),2,2.99,05/08/19 11:13,"609 1st St, San Francisco, CA 94016"
197404,Apple Airpods Headphones,1,150,05/12/19 20:32,"560 13th St, San Francisco, CA 94016"
197405,AAA Batteries (4-pack),3,2.99,05/12/19 22:38,"130 West St, Dallas, TX 75001"
197406,20in Monitor,1,109.99,05/27/19 21:20,"294 Ridge St, San Francisco, CA 94016"
197407,Google Phone,1,600,05/04/19 11:53,"169 Main St, Boston, MA 02215"
197408,AA Batteries (4-pack),1,3.84,05/11/19 13:14,"501 2nd St, Atlanta, GA 30301"
197409,AA Batteries (4-pack),3,3.84,05/31/19 18:38,"203 Main St, San Francisco, CA 94016"
197410,USB-C Charging Cable,1,11.95,05/13/19 22:28,"518 6th St, Dallas, TX 75001"
197411,AA Batteries (4-pack),1,3.84,05/31/19 14:51,"4 Johnson St, Austin, TX 73301"
197412,AA Batteries (4-pack),1,3.84,05/14/19 17:52,"476 Park St, Seattle, WA 98101"
197413,34in Ultrawide Monitor,1,379.99,05/30/19 10:51,"229 Park St, Boston, MA 02215"
197414,Wired Headphones,1,11.99,05/10/19 12:43,"665 Jefferson St, Los Angeles, CA 90001"
197415,Apple Airpods Headphones,1,150,05/30/19 09:22,"53 South St, Seattle, WA 98101"
197416,AA Batteries (4-pack),1,3.84,05/14/19 13:37,"426 Jackson St, Los Angeles, CA 90001"
197417,USB-C Charging Cable,1,11.95,05/12/19 11:07,"636 4th St, Seattle, WA 98101"
197418,AAA Batteries (4-pack),1,2.99,05/23/19 07:08,"554 4th St, Atlanta, GA 30301"
197419,Lightning Charging Cable,1,14.95,05/28/19 22:11,"669 Church St, Los Angeles, CA 90001"
197420,AA Batteries (4-pack),1,3.84,05/11/19 20:52,"154 10th St, Boston, MA 02215"
197421,AAA Batteries (4-pack),1,2.99,05/01/19 17:32,"500 Washington St, New York City, NY 10001"
197422,USB-C Charging Cable,2,11.95,05/13/19 09:18,"985 Jackson St, Los Angeles, CA 90001"
197423,Lightning Charging Cable,1,14.95,05/15/19 22:01,"667 Hickory St, Seattle, WA 98101"
197424,Wired Headphones,1,11.99,05/07/19 19:27,"177 Cedar St, Los Angeles, CA 90001"
197425,34in Ultrawide Monitor,1,379.99,05/28/19 20:00,"466 14th St, Austin, TX 73301"
197426,Google Phone,1,600,05/17/19 12:07,"499 Elm St, San Francisco, CA 94016"
197427,Macbook Pro Laptop,1,1700,05/18/19 17:18,"703 Pine St, San Francisco, CA 94016"
197428,Wired Headphones,1,11.99,05/31/19 11:56,"197 Highland St, Atlanta, GA 30301"
197429,Apple Airpods Headphones,1,150,05/18/19 18:41,"165 Sunset St, San Francisco, CA 94016"
197430,AAA Batteries (4-pack),1,2.99,05/03/19 11:40,"952 Cedar St, Seattle, WA 98101"
197431,Bose SoundSport Headphones,1,99.99,05/16/19 20:45,"848 Center St, Seattle, WA 98101"
197432,Apple Airpods Headphones,1,150,05/03/19 18:59,"387 10th St, Boston, MA 02215"
197433,AA Batteries (4-pack),2,3.84,05/14/19 20:49,"576 Washington St, Boston, MA 02215"
197434,AA Batteries (4-pack),2,3.84,05/30/19 13:39,"59 Hill St, Boston, MA 02215"
197435,34in Ultrawide Monitor,1,379.99,05/05/19 19:22,"882 Highland St, Atlanta, GA 30301"
197436,Bose SoundSport Headphones,1,99.99,05/14/19 17:37,"638 Pine St, Los Angeles, CA 90001"
197437,AAA Batteries (4-pack),4,2.99,05/20/19 11:21,"606 Johnson St, San Francisco, CA 94016"
197438,Google Phone,1,600,05/22/19 12:14,"964 Walnut St, San Francisco, CA 94016"
197439,Wired Headphones,1,11.99,05/20/19 14:35,"386 Forest St, San Francisco, CA 94016"
197440,Apple Airpods Headphones,1,150,05/07/19 12:25,"16 West St, Los Angeles, CA 90001"
197441,USB-C Charging Cable,1,11.95,05/01/19 14:52,"601 South St, New York City, NY 10001"
197442,Google Phone,1,600,05/16/19 21:49,"352 4th St, Boston, MA 02215"
197443,AAA Batteries (4-pack),2,2.99,05/22/19 19:15,"740 Hill St, Dallas, TX 75001"
197444,AAA Batteries (4-pack),2,2.99,05/19/19 11:46,"480 14th St, Los Angeles, CA 90001"
197445,USB-C Charging Cable,1,11.95,05/02/19 17:51,"682 Jackson St, Los Angeles, CA 90001"
197446,AAA Batteries (4-pack),1,2.99,05/01/19 19:59,"894 12th St, Atlanta, GA 30301"
197447,USB-C Charging Cable,2,11.95,05/05/19 17:59,"966 Madison St, Austin, TX 73301"
197448,Apple Airpods Headphones,1,150,05/11/19 20:14,"665 Cherry St, Seattle, WA 98101"
197449,Macbook Pro Laptop,1,1700,05/12/19 09:39,"957 Wilson St, Los Angeles, CA 90001"
197450,iPhone,1,700,05/23/19 13:46,"116 8th St, Seattle, WA 98101"
197451,Wired Headphones,1,11.99,05/02/19 12:13,"678 Hickory St, San Francisco, CA 94016"
197452,27in 4K Gaming Monitor,1,389.99,05/09/19 20:30,"969 Lake St, Seattle, WA 98101"
197453,Apple Airpods Headphones,1,150,05/14/19 01:36,"540 1st St, Austin, TX 73301"
197453,Vareebadd Phone,1,400,05/14/19 01:36,"540 1st St, Austin, TX 73301"
197454,Lightning Charging Cable,1,14.95,05/11/19 09:01,"674 Lincoln St, Seattle, WA 98101"
197455,Bose SoundSport Headphones,1,99.99,05/09/19 21:48,"440 Lake St, San Francisco, CA 94016"
197456,34in Ultrawide Monitor,1,379.99,05/03/19 19:49,"865 Lakeview St, Boston, MA 02215"
197457,AAA Batteries (4-pack),2,2.99,05/11/19 13:00,"636 12th St, Austin, TX 73301"
197458,AA Batteries (4-pack),3,3.84,05/12/19 22:28,"406 South St, New York City, NY 10001"
197459,Lightning Charging Cable,1,14.95,05/10/19 12:52,"526 4th St, San Francisco, CA 94016"
197460,Lightning Charging Cable,1,14.95,05/22/19 14:50,"258 13th St, San Francisco, CA 94016"
197461,AA Batteries (4-pack),2,3.84,05/01/19 12:24,"696 Highland St, Los Angeles, CA 90001"
197462,Bose SoundSport Headphones,1,99.99,05/29/19 18:51,"435 8th St, Atlanta, GA 30301"
197463,ThinkPad Laptop,1,999.99,05/03/19 14:37,"311 Park St, New York City, NY 10001"
197464,27in 4K Gaming Monitor,1,389.99,05/24/19 18:45,"41 North St, New York City, NY 10001"
197465,Lightning Charging Cable,1,14.95,05/15/19 19:52,"493 5th St, Atlanta, GA 30301"
197466,27in 4K Gaming Monitor,1,389.99,05/08/19 09:56,"699 Lake St, Boston, MA 02215"
197466,AAA Batteries (4-pack),4,2.99,05/08/19 09:56,"699 Lake St, Boston, MA 02215"
197467,USB-C Charging Cable,1,11.95,05/13/19 14:51,"300 2nd St, Boston, MA 02215"
197468,Wired Headphones,1,11.99,05/31/19 19:21,"665 Adams St, San Francisco, CA 94016"
197469,Flatscreen TV,1,300,05/05/19 01:18,"524 North St, Atlanta, GA 30301"
197470,AA Batteries (4-pack),1,3.84,05/04/19 12:38,"735 West St, Austin, TX 73301"
197471,27in FHD Monitor,1,149.99,05/05/19 11:06,"975 Ridge St, Dallas, TX 75001"
197472,Apple Airpods Headphones,1,150,05/06/19 20:34,"626 West St, Los Angeles, CA 90001"
197473,Vareebadd Phone,1,400,05/30/19 20:21,"617 Dogwood St, Boston, MA 02215"
197473,USB-C Charging Cable,1,11.95,05/30/19 20:21,"617 Dogwood St, Boston, MA 02215"
197474,27in 4K Gaming Monitor,1,389.99,05/02/19 11:52,"683 5th St, Atlanta, GA 30301"
197475,Apple Airpods Headphones,1,150,05/28/19 13:09,"182 Wilson St, Los Angeles, CA 90001"
197476,27in 4K Gaming Monitor,1,389.99,05/09/19 10:41,"318 Lincoln St, San Francisco, CA 94016"
197477,Wired Headphones,1,11.99,05/30/19 16:41,"359 Spruce St, Boston, MA 02215"
197478,Macbook Pro Laptop,1,1700,05/21/19 19:03,"90 Chestnut St, San Francisco, CA 94016"
197479,ThinkPad Laptop,1,999.99,05/03/19 11:37,"862 Wilson St, Portland, OR 97035"
197480,AA Batteries (4-pack),1,3.84,05/09/19 14:52,"868 Willow St, Seattle, WA 98101"
197481,Wired Headphones,1,11.99,05/17/19 12:32,"35 Highland St, Boston, MA 02215"
197482,27in FHD Monitor,1,149.99,05/16/19 20:01,"72 Hickory St, San Francisco, CA 94016"
197483,ThinkPad Laptop,1,999.99,05/23/19 11:01,"874 Walnut St, Atlanta, GA 30301"
197484,USB-C Charging Cable,1,11.95,05/24/19 15:01,"808 Sunset St, New York City, NY 10001"
197485,LG Washing Machine,1,600.0,05/11/19 19:34,"199 Cedar St, Portland, ME 04101"
197486,AA Batteries (4-pack),1,3.84,05/23/19 14:45,"805 11th St, Boston, MA 02215"
197487,AAA Batteries (4-pack),1,2.99,05/10/19 17:49,"701 Lakeview St, Atlanta, GA 30301"
197488,AAA Batteries (4-pack),2,2.99,05/27/19 20:18,"862 Willow St, Los Angeles, CA 90001"
197489,USB-C Charging Cable,1,11.95,05/17/19 12:52,"850 11th St, San Francisco, CA 94016"
197490,Wired Headphones,1,11.99,05/06/19 18:43,"903 Elm St, San Francisco, CA 94016"
197491,AAA Batteries (4-pack),2,2.99,05/17/19 14:31,"239 Ridge St, San Francisco, CA 94016"
197492,34in Ultrawide Monitor,1,379.99,05/02/19 16:00,"143 Willow St, San Francisco, CA 94016"
197493,iPhone,1,700,05/06/19 10:13,"239 South St, San Francisco, CA 94016"
197493,Lightning Charging Cable,1,14.95,05/06/19 10:13,"239 South St, San Francisco, CA 94016"
197494,AAA Batteries (4-pack),1,2.99,05/09/19 13:21,"411 Spruce St, Boston, MA 02215"
197495,Lightning Charging Cable,1,14.95,05/06/19 14:59,"72 Church St, Los Angeles, CA 90001"
197496,27in FHD Monitor,1,149.99,05/15/19 20:46,"305 Washington St, Los Angeles, CA 90001"
197497,Lightning Charging Cable,1,14.95,05/17/19 07:38,"242 Jackson St, Dallas, TX 75001"
197498,Lightning Charging Cable,1,14.95,05/24/19 20:13,"511 5th St, San Francisco, CA 94016"
197499,Wired Headphones,1,11.99,05/16/19 19:32,"24 7th St, Seattle, WA 98101"
197500,Wired Headphones,1,11.99,05/14/19 15:10,"337 10th St, Seattle, WA 98101"
197501,Lightning Charging Cable,1,14.95,05/22/19 16:12,"878 North St, Boston, MA 02215"
197502,AAA Batteries (4-pack),1,2.99,05/28/19 15:40,"131 Lakeview St, San Francisco, CA 94016"
197503,20in Monitor,1,109.99,05/08/19 20:16,"423 Spruce St, Portland, OR 97035"
197504,AA Batteries (4-pack),1,3.84,05/12/19 19:46,"835 West St, Los Angeles, CA 90001"
,,,,,
197505,AAA Batteries (4-pack),1,2.99,05/07/19 00:16,"327 8th St, Los Angeles, CA 90001"
197506,AAA Batteries (4-pack),1,2.99,05/02/19 12:31,"895 Lincoln St, Portland, OR 97035"
197507,Google Phone,1,600,05/05/19 13:55,"249 2nd St, New York City, NY 10001"
197507,USB-C Charging Cable,1,11.95,05/05/19 13:55,"249 2nd St, New York City, NY 10001"
197508,27in FHD Monitor,1,149.99,05/01/19 20:32,"691 Hickory St, San Francisco, CA 94016"
197509,LG Washing Machine,1,600.0,05/26/19 14:36,"185 Main St, San Francisco, CA 94016"
197510,AAA Batteries (4-pack),1,2.99,05/03/19 11:50,"706 Forest St, San Francisco, CA 94016"
197511,USB-C Charging Cable,2,11.95,05/12/19 10:59,"695 Lake St, Dallas, TX 75001"
197512,Lightning Charging Cable,1,14.95,05/07/19 06:58,"999 12th St, Portland, OR 97035"
197513,Vareebadd Phone,1,400,05/21/19 14:50,"483 Dogwood St, Los Angeles, CA 90001"
197514,AA Batteries (4-pack),1,3.84,05/01/19 15:25,"587 River St, San Francisco, CA 94016"
197515,AA Batteries (4-pack),2,3.84,05/06/19 12:32,"467 Willow St, Los Angeles, CA 90001"
197516,27in FHD Monitor,1,149.99,05/09/19 10:09,"20 Lake St, Atlanta, GA 30301"
197517,Lightning Charging Cable,2,14.95,05/19/19 17:58,"211 Adams St, Atlanta, GA 30301"
197518,AAA Batteries (4-pack),1,2.99,05/06/19 14:19,"678 2nd St, Los Angeles, CA 90001"
197519,USB-C Charging Cable,1,11.95,05/14/19 08:02,"30 Highland St, Seattle, WA 98101"
197520,27in 4K Gaming Monitor,1,389.99,05/23/19 14:33,"582 Washington St, Seattle, WA 98101"
197521,Wired Headphones,1,11.99,05/02/19 20:38,"487 Spruce St, San Francisco, CA 94016"
197522,Wired Headphones,1,11.99,05/06/19 21:21,"718 Center St, Atlanta, GA 30301"
197523,Bose SoundSport Headphones,1,99.99,05/17/19 18:37,"761 Highland St, Atlanta, GA 30301"
197524,AA Batteries (4-pack),1,3.84,05/28/19 10:20,"459 River St, Los Angeles, CA 90001"
197525,iPhone,1,700,05/03/19 14:50,"973 Lake St, San Francisco, CA 94016"
197525,Lightning Charging Cable,1,14.95,05/03/19 14:50,"973 Lake St, San Francisco, CA 94016"
197526,Wired Headphones,1,11.99,05/07/19 06:08,"221 Johnson St, New York City, NY 10001"
197527,Wired Headphones,1,11.99,05/12/19 17:10,"361 Spruce St, Boston, MA 02215"
197528,USB-C Charging Cable,1,11.95,05/22/19 08:53,"31 1st St, Atlanta, GA 30301"
197529,AA Batteries (4-pack),1,3.84,05/08/19 20:14,"909 West St, San Francisco, CA 94016"
197530,Lightning Charging Cable,1,14.95,05/16/19 17:02,"718 West St, New York City, NY 10001"
197531,Lightning Charging Cable,1,14.95,05/25/19 08:18,"922 2nd St, New York City, NY 10001"
197532,AA Batteries (4-pack),1,3.84,05/09/19 08:57,"542 West St, Seattle, WA 98101"
197533,Lightning Charging Cable,1,14.95,05/17/19 07:49,"644 8th St, San Francisco, CA 94016"
197534,Wired Headphones,1,11.99,05/26/19 18:00,"818 Madison St, Portland, OR 97035"
197535,Lightning Charging Cable,1,14.95,05/31/19 22:10,"156 Cherry St, Atlanta, GA 30301"
197536,Wired Headphones,1,11.99,05/31/19 16:52,"169 Ridge St, San Francisco, CA 94016"
197537,AAA Batteries (4-pack),2,2.99,05/22/19 07:42,"154 14th St, Boston, MA 02215"
197538,34in Ultrawide Monitor,1,379.99,05/04/19 12:08,"119 River St, San Francisco, CA 94016"
197539,27in 4K Gaming Monitor,1,389.99,05/17/19 20:57,"741 Pine St, San Francisco, CA 94016"
197540,34in Ultrawide Monitor,1,379.99,05/21/19 13:49,"383 Madison St, Austin, TX 73301"
197541,34in Ultrawide Monitor,1,379.99,05/04/19 16:28,"904 14th St, San Francisco, CA 94016"
197542,AA Batteries (4-pack),1,3.84,05/27/19 22:42,"379 1st St, Los Angeles, CA 90001"
197543,AAA Batteries (4-pack),1,2.99,05/05/19 01:11,"473 2nd St, New York City, NY 10001"
197544,AA Batteries (4-pack),2,3.84,05/03/19 16:15,"523 5th St, Los Angeles, CA 90001"
197545,Google Phone,1,600,05/06/19 19:14,"923 11th St, Atlanta, GA 30301"
197546,USB-C Charging Cable,1,11.95,05/26/19 22:00,"162 1st St, New York City, NY 10001"
197547,Vareebadd Phone,1,400,05/15/19 04:00,"666 12th St, San Francisco, CA 94016"
197548,34in Ultrawide Monitor,1,379.99,05/09/19 12:34,"650 Ridge St, New York City, NY 10001"
197549,AAA Batteries (4-pack),2,2.99,05/02/19 16:10,"162 Johnson St, Boston, MA 02215"
197550,AAA Batteries (4-pack),1,2.99,05/26/19 16:42,"240 River St, Seattle, WA 98101"
197551,USB-C Charging Cable,1,11.95,05/14/19 12:50,"465 Ridge St, Atlanta, GA 30301"
197552,Bose SoundSport Headphones,1,99.99,05/21/19 11:19,"740 Chestnut St, Seattle, WA 98101"
197553,27in FHD Monitor,1,149.99,05/15/19 06:51,"269 Cedar St, Seattle, WA 98101"
197554,AAA Batteries (4-pack),1,2.99,05/28/19 05:10,"244 5th St, Seattle, WA 98101"
197555,AA Batteries (4-pack),2,3.84,05/19/19 18:25,"401 7th St, Los Angeles, CA 90001"
197556,Wired Headphones,1,11.99,05/27/19 09:18,"102 1st St, Boston, MA 02215"
197557,USB-C Charging Cable,1,11.95,05/13/19 00:01,"131 Forest St, New York City, NY 10001"
197558,34in Ultrawide Monitor,1,379.99,05/13/19 17:01,"587 Elm St, Los Angeles, CA 90001"
197559,Macbook Pro Laptop,1,1700,05/20/19 12:44,"48 South St, Atlanta, GA 30301"
197560,AAA Batteries (4-pack),3,2.99,05/22/19 01:46,"262 Pine St, San Francisco, CA 94016"
197561,AAA Batteries (4-pack),1,2.99,05/22/19 17:02,"696 Lakeview St, Dallas, TX 75001"
197562,USB-C Charging Cable,1,11.95,05/15/19 15:28,"693 Lake St, New York City, NY 10001"
197563,Google Phone,1,600,05/16/19 19:29,"161 12th St, Seattle, WA 98101"
197564,Macbook Pro Laptop,1,1700,05/06/19 19:54,"832 Wilson St, San Francisco, CA 94016"
197565,27in 4K Gaming Monitor,1,389.99,05/28/19 16:40,"233 Lakeview St, Los Angeles, CA 90001"
197566,LG Washing Machine,1,600.0,05/11/19 21:34,"710 Sunset St, Portland, OR 97035"
197567,AAA Batteries (4-pack),2,2.99,05/30/19 18:11,"614 Walnut St, San Francisco, CA 94016"
197568,Lightning Charging Cable,2,14.95,05/03/19 23:27,"104 Jackson St, Atlanta, GA 30301"
197569,USB-C Charging Cable,1,11.95,05/31/19 21:17,"982 12th St, San Francisco, CA 94016"
197570,AA Batteries (4-pack),1,3.84,05/08/19 16:06,"364 Jackson St, San Francisco, CA 94016"
197571,Wired Headphones,2,11.99,05/13/19 13:39,"756 Madison St, Atlanta, GA 30301"
197572,AA Batteries (4-pack),3,3.84,05/14/19 23:13,"769 6th St, New York City, NY 10001"
197573,AA Batteries (4-pack),1,3.84,05/26/19 18:34,"387 Washington St, San Francisco, CA 94016"
197574,AAA Batteries (4-pack),1,2.99,05/16/19 20:35,"449 Washington St, Atlanta, GA 30301"
197575,iPhone,1,700,05/26/19 21:44,"515 6th St, Seattle, WA 98101"
197576,AAA Batteries (4-pack),1,2.99,05/14/19 05:40,"468 River St, San Francisco, CA 94016"
197577,34in Ultrawide Monitor,1,379.99,05/25/19 20:28,"897 Hickory St, San Francisco, CA 94016"
197578,Google Phone,1,600,05/27/19 23:36,"62 Hickory St, Boston, MA 02215"
197578,Wired Headphones,1,11.99,05/27/19 23:36,"62 Hickory St, Boston, MA 02215"
197579,AAA Batteries (4-pack),3,2.99,05/03/19 20:01,"999 Jackson St, San Francisco, CA 94016"
197580,27in FHD Monitor,1,149.99,05/14/19 10:33,"164 Hickory St, Atlanta, GA 30301"
197581,AAA Batteries (4-pack),1,2.99,05/10/19 11:13,"647 Main St, Portland, ME 04101"
197581,USB-C Charging Cable,1,11.95,05/10/19 11:13,"647 Main St, Portland, ME 04101"
197582,USB-C Charging Cable,2,11.95,05/27/19 12:06,"291 Highland St, Boston, MA 02215"
197583,Wired Headphones,1,11.99,05/14/19 14:09,"391 Main St, San Francisco, CA 94016"
197584,27in 4K Gaming Monitor,1,389.99,05/09/19 07:58,"274 Lincoln St, Los Angeles, CA 90001"
197585,Apple Airpods Headphones,1,150,05/10/19 10:34,"438 Main St, Austin, TX 73301"
197586,AA Batteries (4-pack),1,3.84,05/13/19 21:23,"449 Lakeview St, San Francisco, CA 94016"
197587,AAA Batteries (4-pack),1,2.99,05/15/19 15:50,"940 Elm St, Dallas, TX 75001"
197588,34in Ultrawide Monitor,1,379.99,05/25/19 13:52,"32 Church St, San Francisco, CA 94016"
197589,AA Batteries (4-pack),1,3.84,05/01/19 14:42,"69 Church St, Dallas, TX 75001"
197590,Wired Headphones,1,11.99,05/22/19 18:03,"276 8th St, Boston, MA 02215"
197591,USB-C Charging Cable,1,11.95,05/24/19 09:17,"465 7th St, Los Angeles, CA 90001"
197592,Apple Airpods Headphones,1,150,05/06/19 07:14,"128 9th St, Los Angeles, CA 90001"
197593,Vareebadd Phone,1,400,05/26/19 22:21,"135 River St, San Francisco, CA 94016"
197594,Lightning Charging Cable,1,14.95,05/06/19 06:19,"865 Ridge St, Dallas, TX 75001"
197595,USB-C Charging Cable,1,11.95,05/12/19 09:40,"216 5th St, Boston, MA 02215"
197596,AAA Batteries (4-pack),1,2.99,05/04/19 09:17,"230 Park St, San Francisco, CA 94016"
197597,AAA Batteries (4-pack),3,2.99,05/28/19 16:05,"579 Sunset St, Los Angeles, CA 90001"
197598,Wired Headphones,1,11.99,05/16/19 14:25,"520 Jefferson St, New York City, NY 10001"
197599,Macbook Pro Laptop,1,1700,05/23/19 12:21,"489 Johnson St, Los Angeles, CA 90001"
197600,USB-C Charging Cable,1,11.95,05/21/19 21:05,"203 10th St, New York City, NY 10001"
197601,iPhone,1,700,05/19/19 19:15,"171 Dogwood St, Boston, MA 02215"
197601,Apple Airpods Headphones,1,150,05/19/19 19:15,"171 Dogwood St, Boston, MA 02215"
197602,AAA Batteries (4-pack),1,2.99,05/11/19 13:45,"789 Madison St, San Francisco, CA 94016"
197603,Apple Airpods Headphones,1,150,05/26/19 19:55,"393 River St, Los Angeles, CA 90001"
197604,AAA Batteries (4-pack),2,2.99,05/05/19 11:58,"914 6th St, Boston, MA 02215"
197605,Wired Headphones,1,11.99,05/11/19 12:34,"405 South St, San Francisco, CA 94016"
197606,AAA Batteries (4-pack),3,2.99,05/12/19 00:21,"450 Highland St, San Francisco, CA 94016"
197607,AA Batteries (4-pack),1,3.84,05/10/19 16:58,"423 Willow St, Austin, TX 73301"
197608,Wired Headphones,1,11.99,05/22/19 12:43,"80 South St, San Francisco, CA 94016"
197609,AA Batteries (4-pack),1,3.84,05/04/19 06:24,"565 Lincoln St, Austin, TX 73301"
197610,AAA Batteries (4-pack),5,2.99,05/26/19 09:44,"813 Lake St, Dallas, TX 75001"
197611,AAA Batteries (4-pack),1,2.99,05/24/19 18:29,"122 4th St, San Francisco, CA 94016"
197612,USB-C Charging Cable,1,11.95,05/19/19 11:13,"978 Spruce St, Portland, OR 97035"
197613,AA Batteries (4-pack),1,3.84,05/25/19 10:12,"185 13th St, San Francisco, CA 94016"
197614,Wired Headphones,1,11.99,05/04/19 20:55,"547 12th St, Los Angeles, CA 90001"
197615,AA Batteries (4-pack),1,3.84,05/17/19 23:00,"163 10th St, San Francisco, CA 94016"
197616,34in Ultrawide Monitor,1,379.99,05/07/19 11:21,"489 Cedar St, San Francisco, CA 94016"
197617,Google Phone,1,600,05/14/19 23:17,"653 7th St, Boston, MA 02215"
197618,Flatscreen TV,1,300,05/30/19 20:44,"879 Johnson St, Portland, OR 97035"
197619,Apple Airpods Headphones,1,150,05/20/19 19:01,"67 Ridge St, Boston, MA 02215"
197620,Flatscreen TV,1,300,05/09/19 19:53,"589 Spruce St, Boston, MA 02215"
197621,Google Phone,1,600,05/24/19 10:18,"344 8th St, Portland, OR 97035"
197622,USB-C Charging Cable,1,11.95,05/09/19 19:36,"221 Park St, San Francisco, CA 94016"
197623,AA Batteries (4-pack),1,3.84,05/19/19 22:49,"367 Walnut St, New York City, NY 10001"
197624,AA Batteries (4-pack),2,3.84,05/23/19 22:05,"611 Spruce St, Los Angeles, CA 90001"
197625,Wired Headphones,1,11.99,05/28/19 01:03,"125 14th St, Dallas, TX 75001"
197626,USB-C Charging Cable,1,11.95,05/29/19 12:37,"325 13th St, New York City, NY 10001"
197627,Vareebadd Phone,1,400,05/02/19 09:41,"734 Madison St, Atlanta, GA 30301"
197628,Wired Headphones,1,11.99,05/24/19 13:41,"71 8th St, Austin, TX 73301"
197629,Wired Headphones,2,11.99,05/04/19 23:44,"544 Cherry St, San Francisco, CA 94016"
197630,AA Batteries (4-pack),1,3.84,05/02/19 19:21,"715 Madison St, Los Angeles, CA 90001"
197631,Flatscreen TV,1,300,05/11/19 21:05,"65 Church St, Portland, ME 04101"
197632,Google Phone,1,600,05/05/19 01:11,"891 West St, Los Angeles, CA 90001"
197633,USB-C Charging Cable,2,11.95,05/19/19 00:16,"760 Adams St, Atlanta, GA 30301"
197634,Wired Headphones,1,11.99,05/12/19 14:45,"235 Chestnut St, Los Angeles, CA 90001"
197635,ThinkPad Laptop,1,999.99,05/21/19 20:13,"686 1st St, Portland, OR 97035"
197636,Lightning Charging Cable,1,14.95,05/29/19 16:04,"586 Lake St, Los Angeles, CA 90001"
197637,Apple Airpods Headphones,1,150,05/24/19 13:47,"317 10th St, San Francisco, CA 94016"
197638,27in 4K Gaming Monitor,1,389.99,05/20/19 22:19,"264 Hill St, Boston, MA 02215"
197639,AA Batteries (4-pack),1,3.84,05/16/19 11:30,"885 Hickory St, Austin, TX 73301"
197640,AA Batteries (4-pack),1,3.84,05/15/19 19:53,"741 Forest St, San Francisco, CA 94016"
197641,AAA Batteries (4-pack),1,2.99,05/09/19 11:55,"589 Church St, Los Angeles, CA 90001"
197642,USB-C Charging Cable,1,11.95,05/29/19 19:36,"530 Forest St, San Francisco, CA 94016"
197643,USB-C Charging Cable,1,11.95,05/23/19 16:58,"307 West St, Seattle, WA 98101"
197644,27in FHD Monitor,1,149.99,05/24/19 19:03,"224 River St, Atlanta, GA 30301"
197645,34in Ultrawide Monitor,1,379.99,05/03/19 16:33,"927 14th St, Portland, OR 97035"
197646,USB-C Charging Cable,1,11.95,05/28/19 00:40,"155 9th St, Boston, MA 02215"
197647,USB-C Charging Cable,2,11.95,05/07/19 11:05,"872 Lakeview St, San Francisco, CA 94016"
197648,Macbook Pro Laptop,1,1700,05/24/19 21:51,"14 4th St, New York City, NY 10001"
197649,USB-C Charging Cable,1,11.95,05/28/19 15:54,"73 North St, Portland, OR 97035"
197650,27in FHD Monitor,1,149.99,05/25/19 09:44,"908 Highland St, Boston, MA 02215"
197651,Wired Headphones,1,11.99,05/03/19 01:25,"419 1st St, Dallas, TX 75001"
197652,USB-C Charging Cable,1,11.95,05/20/19 15:43,"541 14th St, San Francisco, CA 94016"
197653,Bose SoundSport Headphones,1,99.99,05/30/19 08:11,"678 2nd St, San Francisco, CA 94016"
197654,Apple Airpods Headphones,1,150,05/25/19 14:58,"36 Ridge St, Boston, MA 02215"
197655,AA Batteries (4-pack),1,3.84,05/08/19 13:02,"450 Cedar St, Dallas, TX 75001"
197656,iPhone,1,700,05/22/19 05:49,"183 Park St, New York City, NY 10001"
197656,Lightning Charging Cable,1,14.95,05/22/19 05:49,"183 Park St, New York City, NY 10001"
197657,AAA Batteries (4-pack),2,2.99,05/17/19 12:25,"31 Washington St, San Francisco, CA 94016"
197658,27in FHD Monitor,1,149.99,05/29/19 16:50,"98 12th St, Los Angeles, CA 90001"
197659,AA Batteries (4-pack),2,3.84,05/05/19 12:15,"789 Adams St, Los Angeles, CA 90001"
197660,Wired Headphones,1,11.99,05/18/19 09:02,"198 5th St, New York City, NY 10001"
197661,Flatscreen TV,1,300,05/27/19 15:49,"692 11th St, Boston, MA 02215"
197662,Bose SoundSport Headphones,1,99.99,05/23/19 01:04,"453 Madison St, New York City, NY 10001"
197663,Lightning Charging Cable,1,14.95,05/03/19 22:18,"954 Madison St, Portland, OR 97035"
197664,Apple Airpods Headphones,1,150,05/16/19 11:18,"978 12th St, Boston, MA 02215"
197665,Lightning Charging Cable,1,14.95,05/14/19 19:50,"68 2nd St, San Francisco, CA 94016"
197666,USB-C Charging Cable,1,11.95,05/11/19 11:41,"15 Lake St, Boston, MA 02215"
197667,AA Batteries (4-pack),2,3.84,05/02/19 08:38,"967 Spruce St, Dallas, TX 75001"
197668,AAA Batteries (4-pack),3,2.99,05/16/19 17:16,"140 Spruce St, New York City, NY 10001"
197669,Apple Airpods Headphones,1,150,05/20/19 09:40,"460 1st St, San Francisco, CA 94016"
197670,Wired Headphones,1,11.99,05/31/19 11:38,"836 Jackson St, San Francisco, CA 94016"
197671,Bose SoundSport Headphones,1,99.99,05/15/19 14:02,"919 Dogwood St, Los Angeles, CA 90001"
197672,Flatscreen TV,1,300,05/11/19 16:17,"953 Lincoln St, Los Angeles, CA 90001"
197673,Wired Headphones,1,11.99,05/24/19 10:50,"783 Wilson St, Seattle, WA 98101"
197674,ThinkPad Laptop,1,999.99,05/08/19 09:01,"322 Ridge St, Los Angeles, CA 90001"
197675,AAA Batteries (4-pack),3,2.99,05/17/19 10:45,"813 Sunset St, Los Angeles, CA 90001"
197676,34in Ultrawide Monitor,1,379.99,05/09/19 17:56,"621 Ridge St, San Francisco, CA 94016"
197677,iPhone,1,700,05/07/19 14:58,"906 Cherry St, Los Angeles, CA 90001"
197677,Wired Headphones,1,11.99,05/07/19 14:58,"906 Cherry St, Los Angeles, CA 90001"
197678,Apple Airpods Headphones,1,150,05/28/19 20:23,"238 Elm St, New York City, NY 10001"
197679,Macbook Pro Laptop,1,1700,05/06/19 16:25,"415 Lincoln St, Portland, ME 04101"
197680,Google Phone,1,600,05/29/19 09:51,"667 North St, San Francisco, CA 94016"
197681,Macbook Pro Laptop,1,1700,05/15/19 13:24,"270 6th St, New York City, NY 10001"
197682,AA Batteries (4-pack),1,3.84,05/15/19 12:53,"401 Spruce St, Atlanta, GA 30301"
197683,Lightning Charging Cable,1,14.95,05/20/19 23:23,"590 River St, San Francisco, CA 94016"
197684,Bose SoundSport Headphones,1,99.99,05/07/19 00:30,"705 Main St, Austin, TX 73301"
197685,USB-C Charging Cable,2,11.95,05/24/19 19:47,"622 6th St, Austin, TX 73301"
197686,USB-C Charging Cable,1,11.95,05/12/19 05:50,"483 Hickory St, Atlanta, GA 30301"
197687,Lightning Charging Cable,1,14.95,05/07/19 12:45,"605 Cedar St, Portland, OR 97035"
197688,AA Batteries (4-pack),2,3.84,05/11/19 20:05,"501 Maple St, Portland, OR 97035"
197689,Wired Headphones,1,11.99,05/08/19 17:32,"592 2nd St, Dallas, TX 75001"
197690,Lightning Charging Cable,1,14.95,05/10/19 16:03,"612 Cedar St, Dallas, TX 75001"
197691,34in Ultrawide Monitor,1,379.99,05/26/19 18:43,"342 Park St, Boston, MA 02215"
197692,Google Phone,1,600,05/29/19 21:51,"326 Lincoln St, New York City, NY 10001"
197693,ThinkPad Laptop,1,999.99,05/09/19 20:22,"303 Dogwood St, San Francisco, CA 94016"
197694,Macbook Pro Laptop,1,1700,05/27/19 13:20,"52 Center St, San Francisco, CA 94016"
197695,Bose SoundSport Headphones,1,99.99,05/22/19 18:34,"501 Wilson St, Los Angeles, CA 90001"
197696,Wired Headphones,1,11.99,05/19/19 10:29,"725 Madison St, Dallas, TX 75001"
197697,Wired Headphones,2,11.99,05/17/19 13:53,"660 Hickory St, Los Angeles, CA 90001"
197698,Google Phone,1,600,06/01/19 01:03,"399 Cedar St, Los Angeles, CA 90001"
197699,27in FHD Monitor,1,149.99,05/19/19 23:06,"940 Maple St, Portland, ME 04101"
197700,USB-C Charging Cable,1,11.95,05/05/19 19:35,"570 7th St, Los Angeles, CA 90001"
197701,USB-C Charging Cable,1,11.95,05/21/19 22:36,"115 10th St, New York City, NY 10001"
197702,USB-C Charging Cable,1,11.95,05/12/19 13:40,"56 Spruce St, Los Angeles, CA 90001"
197703,Apple Airpods Headphones,1,150,05/09/19 08:40,"960 2nd St, Los Angeles, CA 90001"
197704,Wired Headphones,1,11.99,05/14/19 22:30,"678 Lakeview St, Atlanta, GA 30301"
197705,USB-C Charging Cable,1,11.95,05/29/19 06:08,"988 14th St, San Francisco, CA 94016"
197706,AAA Batteries (4-pack),2,2.99,05/12/19 12:40,"484 6th St, Dallas, TX 75001"
197707,Apple Airpods Headphones,2,150,05/09/19 12:18,"873 Chestnut St, San Francisco, CA 94016"
197708,Wired Headphones,1,11.99,05/29/19 23:22,"313 Main St, New York City, NY 10001"
197709,AAA Batteries (4-pack),1,2.99,05/09/19 11:50,"648 Chestnut St, San Francisco, CA 94016"
197710,Apple Airpods Headphones,1,150,05/06/19 20:00,"401 10th St, Austin, TX 73301"
197711,AA Batteries (4-pack),1,3.84,05/27/19 20:11,"8 Chestnut St, San Francisco, CA 94016"
197712,AAA Batteries (4-pack),2,2.99,05/09/19 13:40,"543 Church St, Los Angeles, CA 90001"
197713,Lightning Charging Cable,1,14.95,05/07/19 09:51,"433 Cedar St, Atlanta, GA 30301"
197714,USB-C Charging Cable,1,11.95,05/25/19 14:22,"530 4th St, San Francisco, CA 94016"
197715,AA Batteries (4-pack),1,3.84,05/14/19 10:47,"295 Adams St, Seattle, WA 98101"
197716,Vareebadd Phone,1,400,05/24/19 07:02,"923 Lakeview St, New York City, NY 10001"
197717,Apple Airpods Headphones,1,150,05/01/19 20:26,"436 Lakeview St, San Francisco, CA 94016"
197718,27in 4K Gaming Monitor,1,389.99,05/16/19 20:57,"800 Cherry St, New York City, NY 10001"
197719,Apple Airpods Headphones,1,150,05/16/19 21:11,"714 7th St, San Francisco, CA 94016"
197720,Macbook Pro Laptop,1,1700,05/01/19 19:05,"572 Cedar St, New York City, NY 10001"
197721,27in FHD Monitor,1,149.99,05/31/19 18:10,"964 6th St, Los Angeles, CA 90001"
197722,iPhone,1,700,05/17/19 18:56,"92 Center St, San Francisco, CA 94016"
197722,Lightning Charging Cable,1,14.95,05/17/19 18:56,"92 Center St, San Francisco, CA 94016"
197723,iPhone,1,700,05/17/19 12:43,"897 12th St, Seattle, WA 98101"
197724,27in FHD Monitor,1,149.99,05/29/19 22:57,"972 7th St, Atlanta, GA 30301"
197725,Apple Airpods Headphones,1,150,05/09/19 05:20,"57 12th St, New York City, NY 10001"
197726,34in Ultrawide Monitor,1,379.99,05/08/19 23:22,"828 Maple St, Austin, TX 73301"
197726,Macbook Pro Laptop,1,1700,05/08/19 23:22,"828 Maple St, Austin, TX 73301"
197727,Macbook Pro Laptop,1,1700,05/17/19 15:30,"786 Sunset St, New York City, NY 10001"
197728,Flatscreen TV,1,300,05/04/19 17:50,"996 14th St, San Francisco, CA 94016"
197729,Google Phone,1,600,05/29/19 10:45,"664 11th St, San Francisco, CA 94016"
197730,AA Batteries (4-pack),2,3.84,05/04/19 08:47,"597 Willow St, San Francisco, CA 94016"
197731,AAA Batteries (4-pack),1,2.99,05/27/19 17:28,"181 West St, New York City, NY 10001"
197732,27in 4K Gaming Monitor,1,389.99,05/20/19 19:14,"266 Meadow St, San Francisco, CA 94016"
197733,AAA Batteries (4-pack),1,2.99,05/15/19 09:57,"299 Sunset St, Portland, ME 04101"
197734,Flatscreen TV,1,300,05/05/19 16:00,"158 Washington St, Dallas, TX 75001"
197735,Bose SoundSport Headphones,1,99.99,05/27/19 10:45,"965 8th St, Portland, OR 97035"
197736,USB-C Charging Cable,1,11.95,05/16/19 19:30,"419 Highland St, Atlanta, GA 30301"
197737,AAA Batteries (4-pack),5,2.99,05/17/19 16:20,"779 9th St, San Francisco, CA 94016"
197738,Bose SoundSport Headphones,1,99.99,05/04/19 07:17,"407 Madison St, New York City, NY 10001"
197739,Macbook Pro Laptop,1,1700,05/30/19 13:46,"359 Park St, Portland, OR 97035"
197740,Bose SoundSport Headphones,1,99.99,05/29/19 08:16,"198 Lincoln St, Seattle, WA 98101"
197741,Google Phone,1,600,05/14/19 13:15,"568 Jackson St, Los Angeles, CA 90001"
197742,AAA Batteries (4-pack),1,2.99,05/26/19 13:29,"779 Jefferson St, Boston, MA 02215"
197743,Wired Headphones,1,11.99,05/23/19 01:05,"868 Willow St, Los Angeles, CA 90001"
197744,34in Ultrawide Monitor,1,379.99,05/22/19 16:26,"176 10th St, Atlanta, GA 30301"
197745,20in Monitor,1,109.99,05/22/19 23:31,"3 River St, Los Angeles, CA 90001"
197746,USB-C Charging Cable,1,11.95,05/08/19 12:54,"502 Chestnut St, Portland, OR 97035"
197747,Lightning Charging Cable,1,14.95,05/04/19 11:56,"843 Spruce St, New York City, NY 10001"
197748,iPhone,1,700,05/03/19 08:07,"644 North St, Portland, ME 04101"
197749,Wired Headphones,1,11.99,05/13/19 22:26,"19 Chestnut St, Los Angeles, CA 90001"
197750,Lightning Charging Cable,1,14.95,05/02/19 15:52,"919 13th St, Boston, MA 02215"
197751,AA Batteries (4-pack),1,3.84,05/23/19 09:18,"284 Walnut St, San Francisco, CA 94016"
197752,Lightning Charging Cable,2,14.95,05/12/19 14:49,"505 10th St, San Francisco, CA 94016"
197753,AAA Batteries (4-pack),1,2.99,05/10/19 22:51,"914 Lake St, Los Angeles, CA 90001"
197754,AA Batteries (4-pack),1,3.84,05/27/19 19:26,"554 West St, Atlanta, GA 30301"
197755,Flatscreen TV,1,300,05/01/19 15:16,"766 Center St, Portland, ME 04101"
197756,Lightning Charging Cable,1,14.95,05/24/19 20:05,"698 2nd St, Los Angeles, CA 90001"
197757,AAA Batteries (4-pack),2,2.99,05/29/19 10:49,"922 14th St, San Francisco, CA 94016"
197758,USB-C Charging Cable,1,11.95,05/18/19 23:00,"597 Sunset St, Dallas, TX 75001"
197759,Wired Headphones,1,11.99,05/25/19 14:48,"997 6th St, Portland, OR 97035"
197760,Apple Airpods Headphones,1,150,05/18/19 22:42,"282 11th St, Seattle, WA 98101"
197761,USB-C Charging Cable,1,11.95,05/08/19 15:15,"615 14th St, San Francisco, CA 94016"
197762,AA Batteries (4-pack),1,3.84,05/25/19 13:17,"407 Willow St, Austin, TX 73301"
197763,AA Batteries (4-pack),1,3.84,05/23/19 11:12,"226 Chestnut St, Portland, ME 04101"
197764,ThinkPad Laptop,1,999.99,05/22/19 18:46,"868 Main St, San Francisco, CA 94016"
197765,USB-C Charging Cable,1,11.95,05/03/19 08:03,"143 Hickory St, Dallas, TX 75001"
197766,Vareebadd Phone,1,400,05/27/19 14:39,"768 Walnut St, San Francisco, CA 94016"
197767,USB-C Charging Cable,1,11.95,05/06/19 13:38,"452 9th St, Portland, OR 97035"
197768,Flatscreen TV,1,300,05/04/19 19:25,"812 Cedar St, San Francisco, CA 94016"
197769,Apple Airpods Headphones,1,150,05/03/19 17:34,"830 2nd St, San Francisco, CA 94016"
197770,AAA Batteries (4-pack),4,2.99,05/02/19 15:12,"438 9th St, Atlanta, GA 30301"
197771,AAA Batteries (4-pack),1,2.99,05/10/19 09:15,"870 Jackson St, Boston, MA 02215"
197772,ThinkPad Laptop,1,999.99,05/21/19 14:50,"545 Madison St, Los Angeles, CA 90001"
197773,Apple Airpods Headphones,1,150,05/03/19 12:18,"16 Jackson St, Dallas, TX 75001"
197774,Wired Headphones,1,11.99,05/04/19 12:10,"979 10th St, Los Angeles, CA 90001"
197775,Apple Airpods Headphones,1,150,05/02/19 12:12,"382 South St, New York City, NY 10001"
197776,Lightning Charging Cable,1,14.95,05/25/19 21:35,"887 Lake St, Atlanta, GA 30301"
197777,Bose SoundSport Headphones,1,99.99,05/09/19 21:26,"415 14th St, San Francisco, CA 94016"
197778,Wired Headphones,1,11.99,05/25/19 10:43,"859 12th St, Atlanta, GA 30301"
197779,AA Batteries (4-pack),1,3.84,05/15/19 18:45,"677 Hill St, Los Angeles, CA 90001"
197780,AA Batteries (4-pack),1,3.84,05/27/19 21:15,"55 Washington St, Atlanta, GA 30301"
197781,Apple Airpods Headphones,1,150,05/07/19 19:29,"561 Ridge St, Austin, TX 73301"
197782,20in Monitor,1,109.99,05/27/19 22:09,"335 North St, Dallas, TX 75001"
197783,27in FHD Monitor,1,149.99,05/30/19 19:06,"714 5th St, Atlanta, GA 30301"
197784,USB-C Charging Cable,1,11.95,05/17/19 22:24,"628 11th St, Austin, TX 73301"
197785,Apple Airpods Headphones,1,150,05/29/19 13:35,"962 8th St, San Francisco, CA 94016"
197786,Google Phone,1,600,05/30/19 13:12,"386 13th St, San Francisco, CA 94016"
197786,USB-C Charging Cable,1,11.95,05/30/19 13:12,"386 13th St, San Francisco, CA 94016"
197787,AAA Batteries (4-pack),1,2.99,05/13/19 20:16,"272 Ridge St, New York City, NY 10001"
197788,iPhone,1,700,05/07/19 12:36,"458 Meadow St, San Francisco, CA 94016"
197789,Wired Headphones,1,11.99,05/21/19 16:00,"221 Madison St, San Francisco, CA 94016"
197790,Apple Airpods Headphones,1,150,05/13/19 12:01,"36 6th St, San Francisco, CA 94016"
197791,20in Monitor,1,109.99,05/05/19 09:25,"299 5th St, Atlanta, GA 30301"
197792,AAA Batteries (4-pack),1,2.99,05/25/19 13:29,"97 5th St, San Francisco, CA 94016"
197793,27in 4K Gaming Monitor,1,389.99,05/21/19 12:44,"858 Cedar St, New York City, NY 10001"
197794,AAA Batteries (4-pack),1,2.99,05/07/19 10:20,"380 Walnut St, Atlanta, GA 30301"
197795,AAA Batteries (4-pack),1,2.99,05/13/19 17:29,"797 Johnson St, San Francisco, CA 94016"
197796,Flatscreen TV,1,300,05/21/19 21:00,"254 Chestnut St, Los Angeles, CA 90001"
197797,Wired Headphones,1,11.99,05/17/19 21:32,"575 Jefferson St, San Francisco, CA 94016"
197798,Google Phone,1,600,05/23/19 13:26,"387 7th St, San Francisco, CA 94016"
197798,USB-C Charging Cable,1,11.95,05/23/19 13:26,"387 7th St, San Francisco, CA 94016"
197799,Google Phone,1,600,05/21/19 08:35,"763 Jefferson St, San Francisco, CA 94016"
197800,27in 4K Gaming Monitor,1,389.99,05/27/19 15:11,"172 Spruce St, Boston, MA 02215"
197801,Wired Headphones,1,11.99,05/20/19 20:38,"179 Washington St, New York City, NY 10001"
197802,Apple Airpods Headphones,1,150,05/05/19 20:29,"642 Hickory St, San Francisco, CA 94016"
197803,AA Batteries (4-pack),3,3.84,05/19/19 20:27,"321 Meadow St, Atlanta, GA 30301"
197804,USB-C Charging Cable,1,11.95,05/23/19 22:11,"664 Jackson St, Los Angeles, CA 90001"
197805,34in Ultrawide Monitor,1,379.99,05/10/19 21:50,"67 Hickory St, Los Angeles, CA 90001"
197806,Lightning Charging Cable,1,14.95,05/15/19 15:49,"305 2nd St, San Francisco, CA 94016"
197807,Google Phone,1,600,05/24/19 12:43,"845 6th St, New York City, NY 10001"
197808,Apple Airpods Headphones,1,150,05/23/19 11:13,"756 Hill St, San Francisco, CA 94016"
197809,Lightning Charging Cable,1,14.95,05/06/19 09:05,"97 Spruce St, Los Angeles, CA 90001"
197810,Lightning Charging Cable,1,14.95,05/31/19 12:58,"361 Jefferson St, San Francisco, CA 94016"
197811,Lightning Charging Cable,2,14.95,05/26/19 11:20,"222 Chestnut St, Atlanta, GA 30301"
197812,iPhone,1,700,05/16/19 12:37,"837 Dogwood St, Boston, MA 02215"
197812,Apple Airpods Headphones,1,150,05/16/19 12:37,"837 Dogwood St, Boston, MA 02215"
197813,Apple Airpods Headphones,1,150,05/07/19 15:48,"173 Meadow St, Seattle, WA 98101"
197813,27in FHD Monitor,1,149.99,05/07/19 15:48,"173 Meadow St, Seattle, WA 98101"
197814,Google Phone,1,600,05/22/19 12:00,"507 River St, San Francisco, CA 94016"
197815,27in FHD Monitor,1,149.99,05/28/19 08:57,"555 2nd St, San Francisco, CA 94016"
197816,USB-C Charging Cable,1,11.95,05/05/19 18:56,"63 Willow St, New York City, NY 10001"
197817,Apple Airpods Headphones,1,150,05/21/19 22:29,"176 Ridge St, San Francisco, CA 94016"
197818,USB-C Charging Cable,1,11.95,05/02/19 12:21,"814 Adams St, Dallas, TX 75001"
197819,iPhone,1,700,05/12/19 18:37,"478 Dogwood St, Dallas, TX 75001"
197820,ThinkPad Laptop,1,999.99,05/31/19 07:53,"519 Maple St, San Francisco, CA 94016"
197821,Lightning Charging Cable,1,14.95,05/26/19 08:15,"33 Adams St, Los Angeles, CA 90001"
197822,Bose SoundSport Headphones,1,99.99,05/03/19 21:18,"350 13th St, Portland, OR 97035"
197823,AAA Batteries (4-pack),1,2.99,05/30/19 15:03,"150 Johnson St, Los Angeles, CA 90001"
197824,Lightning Charging Cable,1,14.95,05/12/19 14:54,"577 7th St, Boston, MA 02215"
197825,USB-C Charging Cable,1,11.95,05/09/19 19:21,"297 7th St, Los Angeles, CA 90001"
197826,USB-C Charging Cable,1,11.95,05/16/19 11:32,"79 Jefferson St, Boston, MA 02215"
197827,Apple Airpods Headphones,1,150,05/07/19 17:14,"300 River St, Austin, TX 73301"
197828,Vareebadd Phone,1,400,05/25/19 19:18,"414 Park St, Dallas, TX 75001"
197829,AAA Batteries (4-pack),1,2.99,05/05/19 13:56,"201 Pine St, San Francisco, CA 94016"
197830,Wired Headphones,1,11.99,05/16/19 16:52,"629 Jackson St, Austin, TX 73301"
197831,iPhone,1,700,05/12/19 12:36,"261 Jackson St, New York City, NY 10001"
197832,Vareebadd Phone,1,400,05/05/19 22:13,"250 Cedar St, Seattle, WA 98101"
197833,Apple Airpods Headphones,1,150,05/24/19 22:12,"88 13th St, San Francisco, CA 94016"
197834,USB-C Charging Cable,1,11.95,05/18/19 11:21,"159 Hill St, New York City, NY 10001"
197835,Bose SoundSport Headphones,1,99.99,05/11/19 13:53,"550 Madison St, Boston, MA 02215"
Order ID,Product,Quantity Ordered,Price Each,Order Date,Purchase Address
197836,AA Batteries (4-pack),3,3.84,05/04/19 14:55,"301 Willow St, Portland, OR 97035"
197837,Bose SoundSport Headphones,1,99.99,05/05/19 09:19,"350 Hill St, Atlanta, GA 30301"
197838,27in FHD Monitor,1,149.99,05/22/19 14:56,"615 Johnson St, Portland, OR 97035"
197839,27in FHD Monitor,1,149.99,05/16/19 17:00,"295 Hickory St, New York City, NY 10001"
197840,AA Batteries (4-pack),1,3.84,05/25/19 12:04,"592 Cedar St, Boston, MA 02215"
197841,Apple Airpods Headphones,1,150,05/17/19 08:23,"21 West St, Dallas, TX 75001"
197841,AAA Batteries (4-pack),2,2.99,05/17/19 08:23,"21 West St, Dallas, TX 75001"
197842,Macbook Pro Laptop,1,1700,05/01/19 21:54,"621 7th St, San Francisco, CA 94016"
197843,AA Batteries (4-pack),1,3.84,05/22/19 11:19,"488 Main St, New York City, NY 10001"
197844,Wired Headphones,1,11.99,05/10/19 17:26,"389 10th St, New York City, NY 10001"
197845,USB-C Charging Cable,1,11.95,05/09/19 15:23,"95 Willow St, Dallas, TX 75001"
197845,USB-C Charging Cable,1,11.95,05/09/19 15:23,"95 Willow St, Dallas, TX 75001"
197846,AA Batteries (4-pack),1,3.84,05/31/19 09:31,"17 Wilson St, Austin, TX 73301"
197847,27in FHD Monitor,1,149.99,05/25/19 00:22,"251 Forest St, Dallas, TX 75001"
197848,Lightning Charging Cable,1,14.95,05/09/19 13:13,"530 Sunset St, Austin, TX 73301"
197849,AA Batteries (4-pack),1,3.84,05/16/19 03:22,"537 Hickory St, Atlanta, GA 30301"
197850,Wired Headphones,1,11.99,05/16/19 11:42,"513 Walnut St, San Francisco, CA 94016"
197851,Wired Headphones,1,11.99,05/22/19 12:50,"515 Hickory St, Los Angeles, CA 90001"
197852,Google Phone,1,600,05/03/19 12:47,"848 Meadow St, Seattle, WA 98101"
197852,USB-C Charging Cable,1,11.95,05/03/19 12:47,"848 Meadow St, Seattle, WA 98101"
197852,AAA Batteries (4-pack),2,2.99,05/03/19 12:47,"848 Meadow St, Seattle, WA 98101"
197853,Apple Airpods Headphones,1,150,05/25/19 20:45,"515 Willow St, San Francisco, CA 94016"
197854,Bose SoundSport Headphones,1,99.99,05/28/19 13:17,"918 Elm St, San Francisco, CA 94016"
197855,AA Batteries (4-pack),1,3.84,05/07/19 20:41,"263 13th St, Atlanta, GA 30301"
197856,34in Ultrawide Monitor,1,379.99,05/28/19 14:48,"609 Johnson St, Los Angeles, CA 90001"
197857,27in FHD Monitor,1,149.99,05/04/19 06:28,"334 River St, Boston, MA 02215"
197858,AA Batteries (4-pack),1,3.84,05/04/19 16:45,"881 Meadow St, Los Angeles, CA 90001"
197859,Google Phone,1,600,05/20/19 10:28,"66 5th St, Los Angeles, CA 90001"
,,,,,
197860,AA Batteries (4-pack),1,3.84,05/21/19 09:00,"781 Church St, Dallas, TX 75001"
197861,20in Monitor,1,109.99,05/03/19 19:53,"565 Spruce St, San Francisco, CA 94016"
197862,iPhone,1,700,05/11/19 12:32,"416 5th St, Boston, MA 02215"
197863,27in FHD Monitor,1,149.99,05/19/19 17:38,"379 Center St, New York City, NY 10001"
197864,USB-C Charging Cable,1,11.95,05/15/19 08:11,"123 North St, New York City, NY 10001"
197865,27in FHD Monitor,1,149.99,05/05/19 11:53,"584 12th St, Dallas, TX 75001"
197866,Macbook Pro Laptop,1,1700,05/14/19 22:18,"631 Washington St, New York City, NY 10001"
197867,Bose SoundSport Headphones,1,99.99,05/31/19 08:06,"451 1st St, San Francisco, CA 94016"
197868,Wired Headphones,1,11.99,05/23/19 19:23,"912 10th St, New York City, NY 10001"
197869,ThinkPad Laptop,1,999.99,05/18/19 22:12,"898 5th St, Portland, ME 04101"
197870,USB-C Charging Cable,1,11.95,05/19/19 15:39,"167 Adams St, San Francisco, CA 94016"
197871,Bose SoundSport Headphones,1,99.99,05/17/19 13:56,"313 Park St, New York City, NY 10001"
197872,Wired Headphones,1,11.99,05/01/19 17:55,"530 10th St, Seattle, WA 98101"
197873,Wired Headphones,1,11.99,05/23/19 13:42,"339 Center St, New York City, NY 10001"
197874,34in Ultrawide Monitor,1,379.99,05/18/19 16:25,"6 12th St, Dallas, TX 75001"
197875,AAA Batteries (4-pack),2,2.99,05/20/19 22:29,"374 4th St, San Francisco, CA 94016"
197876,USB-C Charging Cable,1,11.95,05/29/19 18:35,"710 Lincoln St, San Francisco, CA 94016"
197877,Wired Headphones,1,11.99,05/11/19 08:04,"178 Walnut St, New York City, NY 10001"
197878,27in 4K Gaming Monitor,1,389.99,05/30/19 09:34,"558 8th St, San Francisco, CA 94016"
197879,AA Batteries (4-pack),1,3.84,05/13/19 08:01,"387 7th St, New York City, NY 10001"
197880,LG Washing Machine,1,600.0,05/31/19 17:08,"114 Ridge St, San Francisco, CA 94016"
197881,Macbook Pro Laptop,1,1700,05/29/19 01:35,"511 Wilson St, Atlanta, GA 30301"
197882,Wired Headphones,1,11.99,05/19/19 14:59,"56 Johnson St, Dallas, TX 75001"
197883,Lightning Charging Cable,1,14.95,05/15/19 15:08,"746 Jefferson St, Los Angeles, CA 90001"
197884,iPhone,1,700,05/21/19 14:18,"543 Center St, Atlanta, GA 30301"
197885,Macbook Pro Laptop,1,1700,05/26/19 12:36,"930 Church St, Portland, OR 97035"
197886,27in 4K Gaming Monitor,1,389.99,05/30/19 13:22,"297 South St, Los Angeles, CA 90001"
197887,USB-C Charging Cable,1,11.95,05/01/19 20:32,"401 Adams St, San Francisco, CA 94016"
197888,Wired Headphones,1,11.99,05/04/19 10:59,"881 14th St, San Francisco, CA 94016"
197889,AAA Batteries (4-pack),1,2.99,05/30/19 12:51,"827 9th St, Boston, MA 02215"
197890,Wired Headphones,1,11.99,05/30/19 20:47,"373 Dogwood St, Boston, MA 02215"
197891,Bose SoundSport Headphones,1,99.99,05/14/19 14:46,"593 Wilson St, Los Angeles, CA 90001"
197892,20in Monitor,1,109.99,05/28/19 07:23,"283 Chestnut St, Austin, TX 73301"
197893,27in 4K Gaming Monitor,1,389.99,05/02/19 14:26,"538 4th St, Los Angeles, CA 90001"
197894,27in FHD Monitor,1,149.99,05/16/19 13:32,"98 Main St, Austin, TX 73301"
197895,iPhone,1,700,05/03/19 16:27,"282 South St, San Francisco, CA 94016"
197896,AA Batteries (4-pack),2,3.84,05/01/19 08:55,"222 Johnson St, New York City, NY 10001"
197897,20in Monitor,1,109.99,05/10/19 17:52,"137 12th St, Los Angeles, CA 90001"
197898,34in Ultrawide Monitor,1,379.99,05/30/19 07:19,"109 Walnut St, Seattle, WA 98101"
197899,Bose SoundSport Headphones,1,99.99,05/13/19 20:19,"170 13th St, San Francisco, CA 94016"
197900,27in FHD Monitor,1,149.99,05/01/19 10:20,"750 Lincoln St, New York City, NY 10001"
197900,AA Batteries (4-pack),1,3.84,05/01/19 10:20,"750 Lincoln St, New York City, NY 10001"
197901,Google Phone,1,600,05/12/19 09:03,"947 Meadow St, San Francisco, CA 94016"
197901,USB-C Charging Cable,1,11.95,05/12/19 09:03,"947 Meadow St, San Francisco, CA 94016"
197902,AAA Batteries (4-pack),2,2.99,05/24/19 12:55,"552 Wilson St, Boston, MA 02215"
197903,Bose SoundSport Headphones,1,99.99,05/29/19 09:58,"592 Madison St, Los Angeles, CA 90001"
197904,Lightning Charging Cable,1,14.95,05/21/19 13:27,"688 Jackson St, Dallas, TX 75001"
197905,20in Monitor,1,109.99,05/10/19 17:10,"964 12th St, Atlanta, GA 30301"
197905,Lightning Charging Cable,1,14.95,05/10/19 17:10,"964 12th St, Atlanta, GA 30301"
197906,iPhone,1,700,05/18/19 23:46,"24 Madison St, Seattle, WA 98101"
197907,AAA Batteries (4-pack),1,2.99,05/23/19 23:58,"966 Church St, Atlanta, GA 30301"
197908,Lightning Charging Cable,1,14.95,05/20/19 10:03,"122 Dogwood St, Atlanta, GA 30301"
197909,Apple Airpods Headphones,1,150,05/21/19 15:06,"186 Johnson St, San Francisco, CA 94016"
197910,27in FHD Monitor,1,149.99,05/16/19 21:12,"744 Main St, San Francisco, CA 94016"
197911,USB-C Charging Cable,1,11.95,05/04/19 14:32,"611 Lincoln St, Dallas, TX 75001"
197912,27in FHD Monitor,1,149.99,05/13/19 19:52,"157 Hickory St, New York City, NY 10001"
197913,Flatscreen TV,1,300,05/20/19 10:21,"424 2nd St, San Francisco, CA 94016"
197914,Wired Headphones,1,11.99,05/26/19 00:00,"116 Willow St, San Francisco, CA 94016"
197915,Bose SoundSport Headphones,1,99.99,05/09/19 02:00,"420 Ridge St, Portland, OR 97035"
197916,AA Batteries (4-pack),2,3.84,05/13/19 09:33,"313 2nd St, Los Angeles, CA 90001"
197917,Lightning Charging Cable,1,14.95,05/02/19 22:27,"979 6th St, Portland, OR 97035"
197918,Wired Headphones,1,11.99,05/12/19 10:02,"179 Chestnut St, Austin, TX 73301"
197919,Bose SoundSport Headphones,1,99.99,05/22/19 22:40,"810 13th St, New York City, NY 10001"
197920,27in 4K Gaming Monitor,1,389.99,05/31/19 19:44,"830 4th St, Los Angeles, CA 90001"
197921,iPhone,1,700,05/18/19 08:27,"956 Pine St, Portland, ME 04101"
197922,AA Batteries (4-pack),1,3.84,05/02/19 15:51,"817 Lake St, San Francisco, CA 94016"
197923,USB-C Charging Cable,1,11.95,05/12/19 09:31,"884 4th St, Dallas, TX 75001"
197924,Wired Headphones,1,11.99,05/26/19 09:55,"602 Chestnut St, Boston, MA 02215"
197925,Apple Airpods Headphones,1,150,05/30/19 23:47,"57 Walnut St, New York City, NY 10001"
197926,Apple Airpods Headphones,1,150,05/17/19 22:30,"251 Washington St, New York City, NY 10001"
197927,Google Phone,1,600,05/13/19 10:12,"321 Adams St, San Francisco, CA 94016"
197928,27in 4K Gaming Monitor,1,389.99,05/20/19 11:49,"89 Willow St, San Francisco, CA 94016"
197929,Bose SoundSport Headphones,1,99.99,05/31/19 14:09,"843 Cedar St, Austin, TX 73301"
197930,27in FHD Monitor,1,149.99,05/15/19 18:28,"810 13th St, Boston, MA 02215"
197931,Apple Airpods Headphones,1,150,05/13/19 09:07,"746 Church St, Los Angeles, CA 90001"
,,,,,
197932,AAA Batteries (4-pack),1,2.99,05/19/19 21:18,"200 Park St, New York City, NY 10001"
197933,USB-C Charging Cable,1,11.95,05/03/19 17:35,"783 Hill St, New York City, NY 10001"
197934,AAA Batteries (4-pack),1,2.99,05/19/19 21:29,"997 Adams St, Atlanta, GA 30301"
197935,AAA Batteries (4-pack),2,2.99,05/05/19 15:12,"170 9th St, Dallas, TX 75001"
197936,AAA Batteries (4-pack),1,2.99,05/14/19 17:02,"160 11th St, San Francisco, CA 94016"
197937,AAA Batteries (4-pack),1,2.99,05/30/19 08:54,"663 13th St, New York City, NY 10001"
197938,Apple Airpods Headphones,1,150,05/31/19 14:32,"484 North St, San Francisco, CA 94016"
197939,AA Batteries (4-pack),1,3.84,05/12/19 21:51,"734 Lincoln St, Atlanta, GA 30301"
197940,Apple Airpods Headphones,1,150,05/19/19 11:19,"984 River St, Seattle, WA 98101"
197941,LG Dryer,1,600.0,05/12/19 10:41,"255 11th St, San Francisco, CA 94016"
197942,27in FHD Monitor,1,149.99,05/12/19 18:56,"254 6th St, New York City, NY 10001"
197943,Wired Headphones,1,11.99,05/14/19 06:44,"158 2nd St, San Francisco, CA 94016"
197944,Google Phone,1,600,05/02/19 22:53,"657 Walnut St, Atlanta, GA 30301"
197945,AA Batteries (4-pack),1,3.84,05/28/19 12:55,"797 Cherry St, San Francisco, CA 94016"
197946,Google Phone,1,600,05/11/19 11:26,"228 Main St, Boston, MA 02215"
197947,AA Batteries (4-pack),1,3.84,05/19/19 00:28,"736 Dogwood St, Portland, OR 97035"
197948,Lightning Charging Cable,1,14.95,05/13/19 10:39,"594 Dogwood St, San Francisco, CA 94016"
197949,iPhone,1,700,05/28/19 13:26,"493 Jefferson St, San Francisco, CA 94016"
197950,Bose SoundSport Headphones,1,99.99,05/08/19 16:26,"455 West St, Dallas, TX 75001"
197951,Lightning Charging Cable,1,14.95,05/03/19 00:36,"558 7th St, Boston, MA 02215"
197952,27in 4K Gaming Monitor,1,389.99,05/10/19 20:03,"161 Elm St, San Francisco, CA 94016"
197953,Wired Headphones,1,11.99,05/22/19 08:31,"931 Park St, Los Angeles, CA 90001"
197954,Google Phone,1,600,05/07/19 22:02,"522 Lakeview St, Dallas, TX 75001"
197954,USB-C Charging Cable,1,11.95,05/07/19 22:02,"522 Lakeview St, Dallas, TX 75001"
197955,AAA Batteries (4-pack),1,2.99,05/06/19 15:22,"819 Park St, New York City, NY 10001"
197956,Apple Airpods Headphones,1,150,05/14/19 19:40,"784 Elm St, New York City, NY 10001"
197957,Wired Headphones,1,11.99,05/12/19 15:44,"647 Center St, Boston, MA 02215"
197958,iPhone,1,700,05/11/19 08:02,"420 7th St, New York City, NY 10001"
197959,Bose SoundSport Headphones,1,99.99,05/07/19 14:14,"818 South St, New York City, NY 10001"
197960,Lightning Charging Cable,1,14.95,05/16/19 15:25,"161 Cherry St, New York City, NY 10001"
197961,34in Ultrawide Monitor,1,379.99,05/29/19 17:52,"126 Main St, Dallas, TX 75001"
197962,Bose SoundSport Headphones,1,99.99,05/21/19 21:18,"383 North St, San Francisco, CA 94016"
197963,Bose SoundSport Headphones,1,99.99,05/03/19 13:25,"780 8th St, San Francisco, CA 94016"
197964,Bose SoundSport Headphones,1,99.99,05/05/19 17:12,"368 12th St, Portland, OR 97035"
197965,Flatscreen TV,1,300,05/26/19 14:39,"362 Jackson St, Los Angeles, CA 90001"
197966,20in Monitor,1,109.99,05/13/19 14:22,"354 West St, Seattle, WA 98101"
197967,AAA Batteries (4-pack),1,2.99,05/11/19 20:40,"120 Church St, Los Angeles, CA 90001"
197968,27in 4K Gaming Monitor,1,389.99,05/23/19 22:54,"714 North St, San Francisco, CA 94016"
197969,LG Washing Machine,1,600.0,05/03/19 21:24,"623 Lake St, Seattle, WA 98101"
197970,Wired Headphones,1,11.99,05/17/19 20:06,"956 6th St, Los Angeles, CA 90001"
197971,27in FHD Monitor,1,149.99,05/29/19 15:32,"271 Cherry St, San Francisco, CA 94016"
197972,Apple Airpods Headphones,1,150,05/11/19 22:55,"31 Highland St, Dallas, TX 75001"
197973,Wired Headphones,1,11.99,05/18/19 22:10,"167 Wilson St, Dallas, TX 75001"
197974,AA Batteries (4-pack),1,3.84,05/27/19 11:26,"985 Hill St, Los Angeles, CA 90001"
197975,AAA Batteries (4-pack),1,2.99,05/08/19 19:41,"865 12th St, New York City, NY 10001"
197976,Wired Headphones,1,11.99,05/07/19 09:18,"624 10th St, Dallas, TX 75001"
197977,Wired Headphones,1,11.99,05/20/19 19:32,"275 Cedar St, Los Angeles, CA 90001"
197977,AA Batteries (4-pack),2,3.84,05/20/19 19:32,"275 Cedar St, Los Angeles, CA 90001"
197978,Google Phone,1,600,05/17/19 23:23,"263 10th St, Dallas, TX 75001"
197978,Wired Headphones,1,11.99,05/17/19 23:23,"263 10th St, Dallas, TX 75001"
197979,Bose SoundSport Headphones,1,99.99,05/30/19 13:20,"307 Hill St, New York City, NY 10001"
197980,Lightning Charging Cable,1,14.95,05/09/19 11:39,"950 Lake St, Austin, TX 73301"
197981,ThinkPad Laptop,1,999.99,05/07/19 04:06,"582 Cherry St, New York City, NY 10001"
197982,AA Batteries (4-pack),1,3.84,05/10/19 12:52,"552 Maple St, San Francisco, CA 94016"
197983,USB-C Charging Cable,1,11.95,05/17/19 20:50,"980 Madison St, New York City, NY 10001"
197984,AAA Batteries (4-pack),1,2.99,05/14/19 16:32,"839 Lake St, Dallas, TX 75001"
197985,Bose SoundSport Headphones,1,99.99,05/15/19 10:51,"257 Cherry St, Los Angeles, CA 90001"
197986,USB-C Charging Cable,1,11.95,05/10/19 19:42,"202 4th St, Seattle, WA 98101"
197987,USB-C Charging Cable,1,11.95,05/21/19 17:07,"308 Spruce St, Boston, MA 02215"
197987,34in Ultrawide Monitor,1,379.99,05/21/19 17:07,"308 Spruce St, Boston, MA 02215"
197988,Macbook Pro Laptop,1,1700,05/18/19 07:58,"926 14th St, Portland, OR 97035"
197989,USB-C Charging Cable,2,11.95,05/17/19 10:55,"877 Sunset St, San Francisco, CA 94016"
197990,USB-C Charging Cable,1,11.95,05/23/19 19:48,"858 Jackson St, Los Angeles, CA 90001"
197991,Macbook Pro Laptop,1,1700,05/29/19 00:40,"583 7th St, Los Angeles, CA 90001"
197992,USB-C Charging Cable,1,11.95,05/17/19 17:20,"203 Center St, Atlanta, GA 30301"
197993,USB-C Charging Cable,1,11.95,05/05/19 15:48,"679 11th St, New York City, NY 10001"
197994,USB-C Charging Cable,1,11.95,05/07/19 00:48,"868 Highland St, New York City, NY 10001"
197995,Vareebadd Phone,1,400,05/21/19 02:09,"536 Lakeview St, Atlanta, GA 30301"
197995,Wired Headphones,1,11.99,05/21/19 02:09,"536 Lakeview St, Atlanta, GA 30301"
197996,27in FHD Monitor,1,149.99,05/21/19 20:04,"325 Jefferson St, Atlanta, GA 30301"
197997,USB-C Charging Cable,1,11.95,05/19/19 15:13,"338 Lincoln St, Los Angeles, CA 90001"
197998,27in FHD Monitor,1,149.99,05/21/19 19:31,"123 Forest St, Boston, MA 02215"
197999,Macbook Pro Laptop,1,1700,05/12/19 15:48,"161 Jackson St, Dallas, TX 75001"
198000,ThinkPad Laptop,1,999.99,05/20/19 18:15,"358 6th St, Los Angeles, CA 90001"
198001,ThinkPad Laptop,1,999.99,05/09/19 15:50,"978 Elm St, Austin, TX 73301"
198002,Apple Airpods Headphones,2,150,05/16/19 19:19,"583 Adams St, Seattle, WA 98101"
198003,Lightning Charging Cable,1,14.95,05/10/19 12:30,"591 Lakeview St, San Francisco, CA 94016"
198004,AA Batteries (4-pack),1,3.84,05/11/19 14:21,"215 Ridge St, Los Angeles, CA 90001"
198005,Bose SoundSport Headphones,1,99.99,05/11/19 08:20,"49 Center St, Atlanta, GA 30301"
198005,AAA Batteries (4-pack),2,2.99,05/11/19 08:20,"49 Center St, Atlanta, GA 30301"
198006,Bose SoundSport Headphones,1,99.99,05/01/19 22:45,"144 7th St, Atlanta, GA 30301"
198007,USB-C Charging Cable,1,11.95,05/30/19 08:01,"684 Lake St, Dallas, TX 75001"
198008,USB-C Charging Cable,1,11.95,05/06/19 10:57,"367 Washington St, Dallas, TX 75001"
198009,Macbook Pro Laptop,1,1700,05/20/19 11:10,"565 Lake St, Boston, MA 02215"
198010,27in 4K Gaming Monitor,1,389.99,05/12/19 13:41,"789 Sunset St, Los Angeles, CA 90001"
198011,AAA Batteries (4-pack),1,2.99,05/12/19 22:26,"779 Adams St, Boston, MA 02215"
198012,LG Washing Machine,1,600.0,05/16/19 05:41,"805 6th St, San Francisco, CA 94016"
198013,ThinkPad Laptop,1,999.99,05/24/19 21:48,"681 Maple St, Dallas, TX 75001"
198014,Macbook Pro Laptop,1,1700,05/20/19 15:34,"329 Pine St, Los Angeles, CA 90001"
198015,ThinkPad Laptop,1,999.99,05/26/19 14:12,"629 Hill St, Los Angeles, CA 90001"
198016,27in 4K Gaming Monitor,1,389.99,05/13/19 17:41,"789 Main St, Los Angeles, CA 90001"
198016,Apple Airpods Headphones,1,150,05/13/19 17:41,"789 Main St, Los Angeles, CA 90001"
198017,Bose SoundSport Headphones,1,99.99,05/15/19 18:07,"771 Chestnut St, Seattle, WA 98101"
198018,USB-C Charging Cable,2,11.95,05/03/19 12:02,"825 North St, San Francisco, CA 94016"
198019,USB-C Charging Cable,1,11.95,05/12/19 10:22,"611 Walnut St, Boston, MA 02215"
198020,20in Monitor,1,109.99,05/13/19 20:10,"471 Jefferson St, San Francisco, CA 94016"
198021,AAA Batteries (4-pack),2,2.99,05/14/19 23:54,"713 Ridge St, Los Angeles, CA 90001"
198022,AA Batteries (4-pack),3,3.84,05/29/19 16:37,"446 7th St, San Francisco, CA 94016"
198023,USB-C Charging Cable,1,11.95,05/24/19 00:30,"133 Forest St, New York City, NY 10001"
198024,AAA Batteries (4-pack),1,2.99,05/06/19 12:13,"191 12th St, Boston, MA 02215"
198025,Google Phone,1,600,05/16/19 00:56,"372 Johnson St, New York City, NY 10001"
198025,USB-C Charging Cable,1,11.95,05/16/19 00:56,"372 Johnson St, New York City, NY 10001"
198026,AAA Batteries (4-pack),1,2.99,05/22/19 18:33,"466 Elm St, San Francisco, CA 94016"
,,,,,
198027,AAA Batteries (4-pack),2,2.99,05/02/19 07:10,"477 Sunset St, Los Angeles, CA 90001"
198028,27in FHD Monitor,1,149.99,05/30/19 16:50,"204 Chestnut St, San Francisco, CA 94016"
198029,Bose SoundSport Headphones,1,99.99,05/10/19 19:12,"833 12th St, Dallas, TX 75001"
198030,iPhone,1,700,05/09/19 08:44,"430 8th St, Atlanta, GA 30301"
198031,USB-C Charging Cable,1,11.95,05/03/19 20:50,"144 Dogwood St, Boston, MA 02215"
198032,Wired Headphones,1,11.99,05/03/19 11:09,"912 River St, San Francisco, CA 94016"
198033,ThinkPad Laptop,1,999.99,05/12/19 22:07,"705 River St, New York City, NY 10001"
198034,ThinkPad Laptop,1,999.99,05/15/19 21:03,"376 Jackson St, San Francisco, CA 94016"
198035,USB-C Charging Cable,1,11.95,05/05/19 20:51,"858 Chestnut St, San Francisco, CA 94016"
198036,AAA Batteries (4-pack),1,2.99,05/18/19 16:51,"483 12th St, Boston, MA 02215"
198037,USB-C Charging Cable,1,11.95,05/29/19 02:30,"729 Main St, Dallas, TX 75001"
198038,USB-C Charging Cable,1,11.95,05/01/19 11:51,"873 Elm St, Los Angeles, CA 90001"
198039,AAA Batteries (4-pack),1,2.99,05/20/19 14:02,"74 Highland St, Los Angeles, CA 90001"
198040,AA Batteries (4-pack),2,3.84,05/29/19 13:17,"11 Hickory St, Boston, MA 02215"
198041,AAA Batteries (4-pack),1,2.99,05/06/19 19:13,"304 Hill St, Los Angeles, CA 90001"
198042,Google Phone,1,600,05/08/19 18:39,"826 Cedar St, Boston, MA 02215"
198042,USB-C Charging Cable,1,11.95,05/08/19 18:39,"826 Cedar St, Boston, MA 02215"
198043,AAA Batteries (4-pack),1,2.99,05/05/19 14:34,"109 Maple St, San Francisco, CA 94016"
198044,34in Ultrawide Monitor,1,379.99,05/05/19 23:04,"860 Jackson St, San Francisco, CA 94016"
198045,Wired Headphones,1,11.99,05/14/19 11:14,"294 Park St, Los Angeles, CA 90001"
198046,Lightning Charging Cable,1,14.95,05/07/19 20:25,"244 7th St, Boston, MA 02215"
198046,Bose SoundSport Headphones,1,99.99,05/07/19 20:25,"244 7th St, Boston, MA 02215"
198047,AAA Batteries (4-pack),2,2.99,05/25/19 17:34,"535 Forest St, Boston, MA 02215"
198048,AA Batteries (4-pack),1,3.84,05/10/19 16:51,"552 Dogwood St, Dallas, TX 75001"
198049,USB-C Charging Cable,2,11.95,05/26/19 22:44,"383 Meadow St, Austin, TX 73301"
198050,AA Batteries (4-pack),2,3.84,05/17/19 17:36,"152 South St, San Francisco, CA 94016"
198051,AA Batteries (4-pack),1,3.84,05/23/19 11:42,"351 Adams St, Portland, OR 97035"
198052,AA Batteries (4-pack),1,3.84,05/04/19 00:20,"265 Madison St, Atlanta, GA 30301"
198053,Lightning Charging Cable,1,14.95,05/01/19 21:13,"150 Hickory St, San Francisco, CA 94016"
198054,Lightning Charging Cable,1,14.95,05/10/19 10:13,"661 North St, Los Angeles, CA 90001"
198054,iPhone,1,700,05/10/19 10:13,"661 North St, Los Angeles, CA 90001"
198055,AA Batteries (4-pack),2,3.84,05/14/19 04:54,"737 Lincoln St, New York City, NY 10001"
198056,USB-C Charging Cable,1,11.95,05/12/19 11:07,"521 Center St, Los Angeles, CA 90001"
198057,AAA Batteries (4-pack),1,2.99,05/16/19 00:38,"381 13th St, Boston, MA 02215"
198058,AA Batteries (4-pack),1,3.84,05/04/19 08:15,"883 Jefferson St, Austin, TX 73301"
198059,Vareebadd Phone,1,400,05/26/19 16:31,"474 9th St, Atlanta, GA 30301"
198059,Wired Headphones,1,11.99,05/26/19 16:31,"474 9th St, Atlanta, GA 30301"
198060,Lightning Charging Cable,1,14.95,05/16/19 14:44,"370 Maple St, Atlanta, GA 30301"
198060,USB-C Charging Cable,1,11.95,05/16/19 14:44,"370 Maple St, Atlanta, GA 30301"
198061,AA Batteries (4-pack),3,3.84,05/07/19 21:23,"74 Willow St, Atlanta, GA 30301"
198062,AA Batteries (4-pack),1,3.84,05/31/19 23:09,"206 Elm St, San Francisco, CA 94016"
198063,Bose SoundSport Headphones,1,99.99,05/02/19 11:47,"893 9th St, Los Angeles, CA 90001"
198064,AA Batteries (4-pack),1,3.84,05/19/19 08:12,"847 Willow St, Seattle, WA 98101"
198065,USB-C Charging Cable,1,11.95,05/30/19 12:43,"912 Dogwood St, Portland, ME 04101"
198066,AAA Batteries (4-pack),1,2.99,05/03/19 09:22,"356 Maple St, San Francisco, CA 94016"
198067,AA Batteries (4-pack),2,3.84,05/27/19 20:05,"891 10th St, San Francisco, CA 94016"
198068,27in FHD Monitor,1,149.99,05/25/19 19:58,"935 Pine St, San Francisco, CA 94016"
198069,27in 4K Gaming Monitor,1,389.99,05/18/19 09:42,"894 13th St, Boston, MA 02215"
198070,AA Batteries (4-pack),2,3.84,05/12/19 15:59,"905 4th St, Boston, MA 02215"
198071,Apple Airpods Headphones,1,150,05/24/19 10:53,"305 Jefferson St, New York City, NY 10001"
198072,Bose SoundSport Headphones,1,99.99,05/25/19 20:12,"291 Cedar St, San Francisco, CA 94016"
198073,27in FHD Monitor,1,149.99,05/22/19 22:34,"231 6th St, Atlanta, GA 30301"
198074,34in Ultrawide Monitor,1,379.99,05/30/19 20:18,"127 West St, San Francisco, CA 94016"
198075,iPhone,1,700,05/13/19 18:45,"747 Walnut St, Dallas, TX 75001"
198075,Lightning Charging Cable,1,14.95,05/13/19 18:45,"747 Walnut St, Dallas, TX 75001"
198076,Wired Headphones,1,11.99,05/20/19 18:25,"227 Washington St, San Francisco, CA 94016"
198077,AA Batteries (4-pack),1,3.84,05/15/19 10:01,"149 5th St, Boston, MA 02215"
198078,Bose SoundSport Headphones,1,99.99,05/16/19 18:41,"924 1st St, San Francisco, CA 94016"
198078,USB-C Charging Cable,1,11.95,05/16/19 18:41,"924 1st St, San Francisco, CA 94016"
198079,Google Phone,1,600,05/03/19 16:39,"189 Wilson St, New York City, NY 10001"
198080,Apple Airpods Headphones,1,150,05/21/19 17:51,"600 Pine St, New York City, NY 10001"
198081,AAA Batteries (4-pack),4,2.99,05/27/19 09:27,"529 Center St, New York City, NY 10001"
198082,iPhone,1,700,05/14/19 17:41,"785 13th St, Los Angeles, CA 90001"
198083,Bose SoundSport Headphones,1,99.99,05/15/19 13:59,"712 Dogwood St, Austin, TX 73301"
198084,AAA Batteries (4-pack),1,2.99,05/20/19 09:31,"806 Washington St, Atlanta, GA 30301"
198085,iPhone,1,700,05/02/19 19:05,"422 11th St, San Francisco, CA 94016"
198086,34in Ultrawide Monitor,1,379.99,05/21/19 14:19,"215 Washington St, Dallas, TX 75001"
198087,AA Batteries (4-pack),2,3.84,05/13/19 21:08,"815 Adams St, Seattle, WA 98101"
198088,AAA Batteries (4-pack),3,2.99,05/26/19 14:56,"964 Cherry St, Austin, TX 73301"
198089,Bose SoundSport Headphones,1,99.99,05/22/19 00:51,"108 13th St, Los Angeles, CA 90001"
198090,Lightning Charging Cable,1,14.95,05/30/19 01:01,"901 Jefferson St, Boston, MA 02215"
198091,Flatscreen TV,1,300,05/03/19 13:44,"665 South St, New York City, NY 10001"
198092,USB-C Charging Cable,1,11.95,05/06/19 14:14,"562 Park St, San Francisco, CA 94016"
198093,27in 4K Gaming Monitor,1,389.99,05/11/19 15:39,"582 8th St, New York City, NY 10001"
198094,Vareebadd Phone,1,400,05/29/19 20:35,"406 River St, Portland, OR 97035"
198094,USB-C Charging Cable,1,11.95,05/29/19 20:35,"406 River St, Portland, OR 97035"
198095,USB-C Charging Cable,1,11.95,05/07/19 13:51,"467 14th St, Seattle, WA 98101"
198096,Wired Headphones,1,11.99,05/13/19 12:41,"646 Dogwood St, San Francisco, CA 94016"
198097,Lightning Charging Cable,1,14.95,05/21/19 16:36,"782 10th St, Dallas, TX 75001"
198098,AAA Batteries (4-pack),1,2.99,05/02/19 10:54,"517 2nd St, San Francisco, CA 94016"
198099,Apple Airpods Headphones,1,150,05/26/19 13:38,"63 13th St, New York City, NY 10001"
198100,Bose SoundSport Headphones,1,99.99,05/24/19 23:28,"166 10th St, Portland, OR 97035"
198101,Lightning Charging Cable,1,14.95,05/06/19 20:49,"509 Hickory St, Atlanta, GA 30301"
198102,Lightning Charging Cable,1,14.95,05/08/19 01:15,"370 Cedar St, San Francisco, CA 94016"
198103,27in FHD Monitor,1,149.99,05/14/19 15:55,"106 Hickory St, Los Angeles, CA 90001"
198104,LG Dryer,1,600.0,05/14/19 19:29,"929 Center St, Austin, TX 73301"
198105,Lightning Charging Cable,1,14.95,05/14/19 12:10,"721 Lincoln St, Atlanta, GA 30301"
198106,Apple Airpods Headphones,1,150,05/29/19 13:55,"199 Washington St, San Francisco, CA 94016"
198107,27in 4K Gaming Monitor,1,389.99,05/31/19 10:27,"262 Main St, Portland, OR 97035"
198108,Bose SoundSport Headphones,1,99.99,05/09/19 12:55,"941 8th St, Los Angeles, CA 90001"
198109,AAA Batteries (4-pack),2,2.99,05/18/19 16:25,"330 2nd St, New York City, NY 10001"
198110,Lightning Charging Cable,1,14.95,05/13/19 07:06,"856 7th St, San Francisco, CA 94016"
198111,34in Ultrawide Monitor,1,379.99,05/15/19 08:33,"323 Highland St, New York City, NY 10001"
198112,Lightning Charging Cable,1,14.95,05/10/19 11:56,"459 Cedar St, Atlanta, GA 30301"
198113,AA Batteries (4-pack),1,3.84,05/11/19 23:42,"460 Sunset St, Portland, OR 97035"
198114,20in Monitor,1,109.99,05/24/19 19:17,"897 Maple St, San Francisco, CA 94016"
198115,AA Batteries (4-pack),1,3.84,05/31/19 10:39,"351 Park St, Dallas, TX 75001"
198116,USB-C Charging Cable,1,11.95,05/27/19 18:47,"296 Jefferson St, Dallas, TX 75001"
198117,20in Monitor,1,109.99,05/06/19 15:32,"498 Walnut St, Atlanta, GA 30301"
198118,AAA Batteries (4-pack),1,2.99,05/16/19 14:06,"941 Maple St, San Francisco, CA 94016"
198119,USB-C Charging Cable,1,11.95,05/18/19 14:50,"154 Hill St, Portland, OR 97035"
198120,27in 4K Gaming Monitor,1,389.99,05/10/19 20:10,"403 7th St, Boston, MA 02215"
198121,Apple Airpods Headphones,1,150,05/27/19 23:21,"301 Willow St, New York City, NY 10001"
198122,Lightning Charging Cable,1,14.95,05/05/19 12:46,"231 Adams St, San Francisco, CA 94016"
198123,Lightning Charging Cable,1,14.95,05/22/19 08:42,"692 9th St, Portland, OR 97035"
198124,Bose SoundSport Headphones,1,99.99,05/06/19 18:35,"681 Church St, Austin, TX 73301"
198125,Apple Airpods Headphones,1,150,05/26/19 15:25,"129 Lakeview St, New York City, NY 10001"
198126,LG Washing Machine,1,600.0,05/15/19 01:53,"811 11th St, Los Angeles, CA 90001"
198127,AA Batteries (4-pack),1,3.84,05/09/19 09:05,"40 Main St, Los Angeles, CA 90001"
198128,Apple Airpods Headphones,1,150,05/06/19 08:11,"869 5th St, New York City, NY 10001"
198129,AAA Batteries (4-pack),1,2.99,05/08/19 19:18,"725 Chestnut St, Boston, MA 02215"
198130,Lightning Charging Cable,1,14.95,05/16/19 14:33,"582 Cherry St, Austin, TX 73301"
198131,Lightning Charging Cable,1,14.95,05/04/19 04:46,"414 12th St, Dallas, TX 75001"
198132,AA Batteries (4-pack),1,3.84,05/30/19 15:12,"431 Forest St, San Francisco, CA 94016"
198133,AA Batteries (4-pack),1,3.84,05/29/19 23:01,"208 Meadow St, New York City, NY 10001"
198134,Bose SoundSport Headphones,1,99.99,05/24/19 08:49,"931 Dogwood St, Dallas, TX 75001"
198135,ThinkPad Laptop,1,999.99,05/12/19 08:58,"233 South St, Los Angeles, CA 90001"
198136,AA Batteries (4-pack),1,3.84,05/13/19 18:55,"209 Jefferson St, New York City, NY 10001"
198137,USB-C Charging Cable,1,11.95,05/23/19 23:07,"361 Lake St, Los Angeles, CA 90001"
198138,AAA Batteries (4-pack),2,2.99,05/23/19 12:47,"435 West St, Atlanta, GA 30301"
198139,Lightning Charging Cable,1,14.95,05/29/19 12:13,"638 Park St, Atlanta, GA 30301"
198140,Wired Headphones,1,11.99,05/09/19 13:25,"344 Spruce St, Boston, MA 02215"
198141,USB-C Charging Cable,1,11.95,05/18/19 09:41,"211 Lake St, San Francisco, CA 94016"
198141,Apple Airpods Headphones,1,150,05/18/19 09:41,"211 Lake St, San Francisco, CA 94016"
198142,Wired Headphones,2,11.99,05/06/19 18:19,"642 Hickory St, Seattle, WA 98101"
198143,AAA Batteries (4-pack),3,2.99,05/27/19 02:03,"593 Highland St, Boston, MA 02215"
198144,Google Phone,1,600,05/26/19 20:13,"333 Cedar St, Austin, TX 73301"
198145,Apple Airpods Headphones,1,150,05/07/19 10:50,"682 Cherry St, San Francisco, CA 94016"
198146,Bose SoundSport Headphones,1,99.99,05/18/19 22:35,"296 Lakeview St, Boston, MA 02215"
198147,27in FHD Monitor,1,149.99,05/27/19 00:19,"78 11th St, San Francisco, CA 94016"
198148,Flatscreen TV,1,300,05/23/19 23:59,"26 2nd St, Portland, OR 97035"
198149,Vareebadd Phone,1,400,05/26/19 11:53,"583 West St, Los Angeles, CA 90001"
198150,Bose SoundSport Headphones,1,99.99,05/08/19 17:51,"144 10th St, Seattle, WA 98101"
198151,USB-C Charging Cable,1,11.95,05/22/19 10:54,"965 Park St, Boston, MA 02215"
198152,iPhone,1,700,05/14/19 23:01,"471 Maple St, Portland, OR 97035"
198153,Bose SoundSport Headphones,1,99.99,05/15/19 13:50,"559 1st St, Seattle, WA 98101"
198154,AA Batteries (4-pack),1,3.84,05/24/19 10:47,"84 Lakeview St, New York City, NY 10001"
198155,Bose SoundSport Headphones,1,99.99,05/23/19 17:44,"775 4th St, New York City, NY 10001"
198156,Macbook Pro Laptop,1,1700,05/22/19 22:19,"420 Main St, New York City, NY 10001"
198157,Google Phone,1,600,05/18/19 15:56,"452 Lincoln St, Seattle, WA 98101"
198158,Wired Headphones,1,11.99,05/30/19 21:05,"775 5th St, Los Angeles, CA 90001"
198159,Bose SoundSport Headphones,1,99.99,05/11/19 15:37,"867 4th St, Atlanta, GA 30301"
198160,iPhone,1,700,05/03/19 12:57,"352 Lincoln St, San Francisco, CA 94016"
198161,Bose SoundSport Headphones,1,99.99,05/20/19 19:21,"889 Wilson St, San Francisco, CA 94016"
198162,iPhone,1,700,05/27/19 01:03,"356 7th St, San Francisco, CA 94016"
198163,USB-C Charging Cable,1,11.95,05/23/19 19:53,"215 Jackson St, San Francisco, CA 94016"
198164,34in Ultrawide Monitor,1,379.99,05/29/19 20:52,"985 South St, San Francisco, CA 94016"
198165,Lightning Charging Cable,2,14.95,05/27/19 20:03,"945 Lincoln St, Dallas, TX 75001"
198166,Lightning Charging Cable,1,14.95,05/23/19 08:26,"235 1st St, San Francisco, CA 94016"
198167,USB-C Charging Cable,1,11.95,05/06/19 02:36,"754 Meadow St, New York City, NY 10001"
198168,AA Batteries (4-pack),1,3.84,05/17/19 22:19,"271 Elm St, San Francisco, CA 94016"
198169,27in FHD Monitor,1,149.99,05/19/19 20:38,"2 1st St, San Francisco, CA 94016"
198170,Apple Airpods Headphones,1,150,05/03/19 08:22,"114 Cedar St, New York City, NY 10001"
198171,Lightning Charging Cable,2,14.95,05/28/19 11:31,"943 Main St, Los Angeles, CA 90001"
198172,AAA Batteries (4-pack),1,2.99,05/27/19 17:30,"834 14th St, Austin, TX 73301"
198173,Wired Headphones,1,11.99,05/05/19 20:32,"625 Adams St, Los Angeles, CA 90001"
198174,Flatscreen TV,1,300,05/13/19 17:54,"81 Maple St, San Francisco, CA 94016"
198175,AAA Batteries (4-pack),1,2.99,05/19/19 13:21,"406 Lincoln St, Seattle, WA 98101"
198176,Wired Headphones,2,11.99,05/09/19 12:23,"39 River St, San Francisco, CA 94016"
198177,AAA Batteries (4-pack),2,2.99,05/16/19 22:24,"567 9th St, Seattle, WA 98101"
198178,AA Batteries (4-pack),1,3.84,05/18/19 17:10,"42 12th St, Atlanta, GA 30301"
198179,Google Phone,1,600,05/25/19 07:02,"747 Cherry St, Atlanta, GA 30301"
198180,Apple Airpods Headphones,1,150,05/23/19 22:12,"222 Johnson St, Portland, OR 97035"
198181,34in Ultrawide Monitor,1,379.99,05/08/19 20:34,"887 North St, Portland, OR 97035"
198182,Apple Airpods Headphones,1,150,05/14/19 00:56,"742 Lakeview St, Boston, MA 02215"
198183,Vareebadd Phone,1,400,05/22/19 18:55,"112 7th St, San Francisco, CA 94016"
198184,Lightning Charging Cable,1,14.95,05/21/19 22:04,"108 Forest St, Dallas, TX 75001"
198185,27in FHD Monitor,1,149.99,05/04/19 12:59,"260 Elm St, Boston, MA 02215"
198186,AAA Batteries (4-pack),1,2.99,05/30/19 11:16,"872 Cherry St, Boston, MA 02215"
198187,AA Batteries (4-pack),1,3.84,05/24/19 08:47,"156 Lake St, Austin, TX 73301"
198188,AAA Batteries (4-pack),1,2.99,05/28/19 18:25,"149 Jackson St, Atlanta, GA 30301"
198189,USB-C Charging Cable,1,11.95,05/07/19 11:19,"443 Lakeview St, San Francisco, CA 94016"
198190,Wired Headphones,2,11.99,05/06/19 22:13,"635 Center St, San Francisco, CA 94016"
198190,iPhone,1,700,05/06/19 22:13,"635 Center St, San Francisco, CA 94016"
198191,iPhone,1,700,05/10/19 20:55,"751 7th St, Boston, MA 02215"
198192,USB-C Charging Cable,1,11.95,05/02/19 16:40,"401 5th St, San Francisco, CA 94016"
198193,ThinkPad Laptop,1,999.99,05/08/19 22:08,"581 Ridge St, Portland, OR 97035"
198194,Lightning Charging Cable,1,14.95,05/16/19 09:30,"809 Walnut St, San Francisco, CA 94016"
198195,AAA Batteries (4-pack),1,2.99,05/06/19 14:34,"266 Meadow St, New York City, NY 10001"
198196,27in FHD Monitor,1,149.99,05/28/19 12:15,"317 Dogwood St, Dallas, TX 75001"
198197,Wired Headphones,1,11.99,05/02/19 18:19,"91 14th St, San Francisco, CA 94016"
198198,Bose SoundSport Headphones,1,99.99,05/04/19 17:30,"483 Madison St, Seattle, WA 98101"
198199,Bose SoundSport Headphones,1,99.99,05/30/19 13:44,"388 Chestnut St, Los Angeles, CA 90001"
198200,34in Ultrawide Monitor,1,379.99,05/11/19 19:19,"953 14th St, Atlanta, GA 30301"
198201,AA Batteries (4-pack),2,3.84,05/27/19 01:14,"192 1st St, San Francisco, CA 94016"
198202,Lightning Charging Cable,1,14.95,05/12/19 20:40,"685 1st St, Los Angeles, CA 90001"
198203,27in FHD Monitor,1,149.99,05/13/19 15:32,"622 Jackson St, San Francisco, CA 94016"
198204,AA Batteries (4-pack),1,3.84,05/06/19 11:09,"399 North St, San Francisco, CA 94016"
198204,Lightning Charging Cable,1,14.95,05/06/19 11:09,"399 North St, San Francisco, CA 94016"
198205,USB-C Charging Cable,1,11.95,05/02/19 17:13,"173 11th St, Portland, ME 04101"
198206,Bose SoundSport Headphones,1,99.99,05/18/19 20:43,"69 West St, Portland, OR 97035"
198207,27in 4K Gaming Monitor,1,389.99,05/12/19 20:39,"297 Center St, Los Angeles, CA 90001"
198208,27in FHD Monitor,1,149.99,05/25/19 11:30,"410 River St, Austin, TX 73301"
198209,Bose SoundSport Headphones,1,99.99,05/20/19 12:03,"166 Lincoln St, Atlanta, GA 30301"
198210,Apple Airpods Headphones,1,150,05/31/19 20:57,"533 4th St, Seattle, WA 98101"
198211,Google Phone,1,600,05/27/19 19:34,"587 12th St, Seattle, WA 98101"
198212,Bose SoundSport Headphones,1,99.99,05/03/19 00:23,"603 Wilson St, San Francisco, CA 94016"
198213,USB-C Charging Cable,1,11.95,05/13/19 15:37,"306 Cedar St, Seattle, WA 98101"
198214,Macbook Pro Laptop,1,1700,05/04/19 13:33,"644 River St, Boston, MA 02215"
198215,AAA Batteries (4-pack),2,2.99,05/24/19 01:38,"920 Washington St, New York City, NY 10001"
198215,Google Phone,1,600,05/24/19 01:38,"920 Washington St, New York City, NY 10001"
198216,Lightning Charging Cable,1,14.95,05/07/19 13:29,"281 7th St, San Francisco, CA 94016"
198217,Bose SoundSport Headphones,1,99.99,05/24/19 00:21,"343 Madison St, Atlanta, GA 30301"
198218,USB-C Charging Cable,2,11.95,05/27/19 21:32,"683 Jackson St, Atlanta, GA 30301"
198219,Macbook Pro Laptop,1,1700,05/08/19 09:56,"445 Center St, Los Angeles, CA 90001"
198220,AAA Batteries (4-pack),3,2.99,05/23/19 11:43,"28 Ridge St, New York City, NY 10001"
198221,20in Monitor,1,109.99,05/25/19 18:51,"906 Lake St, Seattle, WA 98101"
198222,Wired Headphones,1,11.99,05/05/19 20:26,"872 Sunset St, New York City, NY 10001"
198223,Lightning Charging Cable,1,14.95,05/25/19 18:20,"891 Main St, San Francisco, CA 94016"
198224,Wired Headphones,1,11.99,05/01/19 19:53,"308 Church St, New York City, NY 10001"
198225,34in Ultrawide Monitor,1,379.99,05/05/19 21:49,"504 14th St, New York City, NY 10001"
198226,20in Monitor,1,109.99,05/05/19 14:09,"436 10th St, Seattle, WA 98101"
198227,Lightning Charging Cable,1,14.95,05/27/19 16:07,"481 Main St, Dallas, TX 75001"
198228,34in Ultrawide Monitor,1,379.99,05/22/19 23:29,"12 14th St, Dallas, TX 75001"
198229,USB-C Charging Cable,1,11.95,05/10/19 05:55,"560 Pine St, New York City, NY 10001"
198230,Lightning Charging Cable,1,14.95,05/12/19 09:52,"380 Wilson St, San Francisco, CA 94016"
198231,USB-C Charging Cable,1,11.95,05/23/19 19:07,"310 Cedar St, San Francisco, CA 94016"
198232,AA Batteries (4-pack),1,3.84,05/16/19 20:21,"868 Park St, San Francisco, CA 94016"
198233,iPhone,1,700,05/14/19 12:36,"653 River St, Portland, ME 04101"
198234,Bose SoundSport Headphones,1,99.99,05/27/19 19:46,"191 Walnut St, Los Angeles, CA 90001"
198235,Apple Airpods Headphones,1,150,05/08/19 21:28,"554 Hill St, San Francisco, CA 94016"
198236,Flatscreen TV,1,300,05/16/19 16:52,"293 1st St, Los Angeles, CA 90001"
198237,AA Batteries (4-pack),1,3.84,05/13/19 10:10,"133 Park St, Los Angeles, CA 90001"
198238,AA Batteries (4-pack),1,3.84,05/29/19 18:58,"32 13th St, Los Angeles, CA 90001"
198238,27in FHD Monitor,1,149.99,05/29/19 18:58,"32 13th St, Los Angeles, CA 90001"
198239,Lightning Charging Cable,1,14.95,05/20/19 10:25,"687 14th St, Boston, MA 02215"
198240,34in Ultrawide Monitor,1,379.99,05/08/19 16:42,"588 Willow St, San Francisco, CA 94016"
198241,AA Batteries (4-pack),1,3.84,05/23/19 19:21,"363 Jackson St, San Francisco, CA 94016"
198242,Lightning Charging Cable,1,14.95,05/06/19 19:25,"384 9th St, New York City, NY 10001"
198243,20in Monitor,1,109.99,05/14/19 13:00,"435 Forest St, Los Angeles, CA 90001"
198244,USB-C Charging Cable,1,11.95,05/21/19 20:32,"754 Cedar St, San Francisco, CA 94016"
198245,Bose SoundSport Headphones,1,99.99,05/25/19 14:13,"64 Park St, Los Angeles, CA 90001"
198246,Lightning Charging Cable,1,14.95,05/02/19 17:32,"131 10th St, Los Angeles, CA 90001"
198247,27in FHD Monitor,1,149.99,05/21/19 17:03,"51 Meadow St, San Francisco, CA 94016"
198248,Wired Headphones,1,11.99,05/31/19 10:24,"467 South St, New York City, NY 10001"
198249,27in 4K Gaming Monitor,1,389.99,05/16/19 14:56,"458 Madison St, New York City, NY 10001"
198250,27in FHD Monitor,1,149.99,05/29/19 18:14,"701 11th St, Boston, MA 02215"
198251,Google Phone,1,600,05/21/19 14:24,"36 Park St, New York City, NY 10001"
198251,Wired Headphones,1,11.99,05/21/19 14:24,"36 Park St, New York City, NY 10001"
198252,USB-C Charging Cable,1,11.95,05/29/19 10:41,"713 River St, Austin, TX 73301"
,,,,,
198253,AA Batteries (4-pack),1,3.84,05/17/19 18:00,"582 Lake St, New York City, NY 10001"
198254,USB-C Charging Cable,1,11.95,05/25/19 14:02,"833 Ridge St, San Francisco, CA 94016"
198255,LG Washing Machine,1,600.0,05/21/19 22:50,"239 Washington St, New York City, NY 10001"
198256,Apple Airpods Headphones,1,150,05/29/19 17:07,"116 Center St, Boston, MA 02215"
198257,Lightning Charging Cable,1,14.95,05/05/19 15:34,"860 Willow St, New York City, NY 10001"
198258,USB-C Charging Cable,1,11.95,05/28/19 22:11,"893 9th St, Atlanta, GA 30301"
198259,AA Batteries (4-pack),2,3.84,05/09/19 13:58,"156 Church St, Dallas, TX 75001"
198260,Bose SoundSport Headphones,1,99.99,05/22/19 06:58,"172 14th St, Los Angeles, CA 90001"
198261,Lightning Charging Cable,1,14.95,05/23/19 11:32,"333 9th St, San Francisco, CA 94016"
198262,27in FHD Monitor,1,149.99,05/19/19 14:25,"17 Pine St, Los Angeles, CA 90001"
198263,AA Batteries (4-pack),3,3.84,05/09/19 12:01,"856 Park St, San Francisco, CA 94016"
198264,Bose SoundSport Headphones,1,99.99,05/12/19 17:26,"353 Chestnut St, Los Angeles, CA 90001"
198265,AAA Batteries (4-pack),1,2.99,05/18/19 18:10,"771 Meadow St, Dallas, TX 75001"
198266,USB-C Charging Cable,1,11.95,05/15/19 12:22,"982 Main St, Portland, OR 97035"
198267,Macbook Pro Laptop,1,1700,05/21/19 05:38,"848 1st St, Portland, OR 97035"
198268,Bose SoundSport Headphones,1,99.99,05/22/19 10:29,"723 11th St, New York City, NY 10001"
198269,Apple Airpods Headphones,1,150,05/28/19 12:35,"380 Spruce St, Austin, TX 73301"
198270,AAA Batteries (4-pack),2,2.99,05/20/19 17:35,"721 Meadow St, Los Angeles, CA 90001"
198271,Flatscreen TV,1,300,05/17/19 19:29,"513 North St, Austin, TX 73301"
198272,USB-C Charging Cable,1,11.95,05/13/19 09:42,"58 Wilson St, Austin, TX 73301"
198273,iPhone,1,700,05/14/19 13:46,"598 11th St, Los Angeles, CA 90001"
198274,Lightning Charging Cable,1,14.95,05/28/19 15:36,"644 River St, Los Angeles, CA 90001"
198275,Wired Headphones,1,11.99,05/29/19 08:06,"375 12th St, Boston, MA 02215"
198276,Vareebadd Phone,1,400,05/28/19 01:53,"324 Center St, San Francisco, CA 94016"
198277,AA Batteries (4-pack),2,3.84,05/01/19 09:46,"283 South St, Seattle, WA 98101"
198278,Lightning Charging Cable,1,14.95,05/20/19 18:05,"843 Lakeview St, Los Angeles, CA 90001"
198279,AAA Batteries (4-pack),1,2.99,05/16/19 02:41,"449 Willow St, Austin, TX 73301"
198280,Google Phone,1,600,05/18/19 18:01,"92 Wilson St, San Francisco, CA 94016"
198281,AA Batteries (4-pack),1,3.84,05/03/19 09:54,"644 8th St, Dallas, TX 75001"
198282,Lightning Charging Cable,1,14.95,05/22/19 18:55,"85 Spruce St, Dallas, TX 75001"
198283,Wired Headphones,1,11.99,05/30/19 22:01,"601 South St, San Francisco, CA 94016"
198284,USB-C Charging Cable,1,11.95,05/27/19 11:14,"460 Cedar St, San Francisco, CA 94016"
198285,27in 4K Gaming Monitor,1,389.99,05/19/19 23:56,"88 Elm St, San Francisco, CA 94016"
198286,USB-C Charging Cable,1,11.95,05/12/19 19:41,"129 Church St, Austin, TX 73301"
198287,iPhone,1,700,05/20/19 01:18,"992 Adams St, Dallas, TX 75001"
198288,Wired Headphones,2,11.99,05/21/19 07:38,"994 Jackson St, Dallas, TX 75001"
198289,AA Batteries (4-pack),1,3.84,05/01/19 22:24,"575 5th St, San Francisco, CA 94016"
198290,Lightning Charging Cable,1,14.95,05/05/19 01:31,"338 Walnut St, Atlanta, GA 30301"
198291,USB-C Charging Cable,3,11.95,05/25/19 14:06,"450 1st St, Boston, MA 02215"
198292,Lightning Charging Cable,1,14.95,05/12/19 17:32,"546 Main St, San Francisco, CA 94016"
198293,Google Phone,1,600,05/03/19 18:51,"327 10th St, Portland, ME 04101"
198294,AA Batteries (4-pack),2,3.84,05/27/19 10:59,"233 Dogwood St, New York City, NY 10001"
198295,Lightning Charging Cable,1,14.95,05/12/19 01:59,"57 Spruce St, Dallas, TX 75001"
198296,Wired Headphones,1,11.99,05/06/19 12:31,"769 Forest St, Boston, MA 02215"
198297,Bose SoundSport Headphones,1,99.99,05/10/19 09:14,"845 Washington St, Seattle, WA 98101"
198298,Google Phone,1,600,05/22/19 00:28,"341 1st St, New York City, NY 10001"
198299,27in 4K Gaming Monitor,1,389.99,05/30/19 08:48,"341 Spruce St, Seattle, WA 98101"
198300,Flatscreen TV,1,300,05/13/19 13:54,"671 Cedar St, San Francisco, CA 94016"
198300,iPhone,1,700,05/13/19 13:54,"671 Cedar St, San Francisco, CA 94016"
198301,Macbook Pro Laptop,1,1700,05/26/19 19:37,"625 Adams St, Seattle, WA 98101"
198302,USB-C Charging Cable,1,11.95,05/17/19 16:36,"358 10th St, Portland, OR 97035"
198303,ThinkPad Laptop,1,999.99,05/29/19 18:49,"103 Madison St, Los Angeles, CA 90001"
198304,Apple Airpods Headphones,1,150,05/25/19 10:17,"569 6th St, San Francisco, CA 94016"
198305,Wired Headphones,1,11.99,05/20/19 18:26,"937 South St, Los Angeles, CA 90001"
198306,Google Phone,1,600,05/02/19 18:15,"506 Center St, San Francisco, CA 94016"
198307,iPhone,1,700,05/07/19 14:45,"838 1st St, San Francisco, CA 94016"
198307,Lightning Charging Cable,1,14.95,05/07/19 14:45,"838 1st St, San Francisco, CA 94016"
198308,Wired Headphones,1,11.99,05/13/19 18:44,"182 Chestnut St, San Francisco, CA 94016"
198309,Bose SoundSport Headphones,1,99.99,05/23/19 16:25,"975 2nd St, Dallas, TX 75001"
198310,Bose SoundSport Headphones,1,99.99,05/30/19 09:43,"487 Center St, Los Angeles, CA 90001"
198311,Wired Headphones,1,11.99,05/04/19 22:26,"344 12th St, Portland, OR 97035"
198312,Apple Airpods Headphones,1,150,05/20/19 09:34,"298 Pine St, New York City, NY 10001"
198313,iPhone,1,700,05/08/19 16:45,"33 Maple St, Boston, MA 02215"
198313,Lightning Charging Cable,1,14.95,05/08/19 16:45,"33 Maple St, Boston, MA 02215"
198314,20in Monitor,1,109.99,05/23/19 12:30,"50 Maple St, Austin, TX 73301"
198315,AAA Batteries (4-pack),2,2.99,05/13/19 00:41,"181 8th St, Seattle, WA 98101"
198316,Lightning Charging Cable,1,14.95,05/04/19 23:07,"876 8th St, Los Angeles, CA 90001"
198317,Bose SoundSport Headphones,1,99.99,05/01/19 18:33,"982 Lake St, San Francisco, CA 94016"
198318,Apple Airpods Headphones,1,150,05/18/19 19:18,"732 Park St, Portland, OR 97035"
198319,Wired Headphones,1,11.99,05/12/19 17:23,"78 Highland St, San Francisco, CA 94016"
198320,Lightning Charging Cable,1,14.95,05/09/19 17:32,"353 5th St, Austin, TX 73301"
198321,27in FHD Monitor,1,149.99,05/05/19 20:31,"709 2nd St, Portland, OR 97035"
198322,Wired Headphones,1,11.99,05/04/19 23:15,"158 Ridge St, Dallas, TX 75001"
198323,Apple Airpods Headphones,1,150,05/25/19 10:29,"931 Jefferson St, Portland, OR 97035"
198324,Wired Headphones,1,11.99,05/16/19 11:39,"233 Main St, Seattle, WA 98101"
198325,AAA Batteries (4-pack),5,2.99,05/12/19 18:43,"510 South St, San Francisco, CA 94016"
198326,USB-C Charging Cable,1,11.95,05/30/19 19:43,"820 River St, San Francisco, CA 94016"
198327,Flatscreen TV,1,300,05/07/19 19:39,"139 Walnut St, Boston, MA 02215"
198328,USB-C Charging Cable,1,11.95,05/25/19 02:22,"253 7th St, Boston, MA 02215"
Order ID,Product,Quantity Ordered,Price Each,Order Date,Purchase Address
198329,AAA Batteries (4-pack),1,2.99,05/22/19 22:49,"714 Lincoln St, San Francisco, CA 94016"
198330,Google Phone,1,600,05/18/19 12:06,"247 Cherry St, Atlanta, GA 30301"
198331,USB-C Charging Cable,1,11.95,05/28/19 21:05,"452 7th St, Los Angeles, CA 90001"
198332,Wired Headphones,1,11.99,05/28/19 21:09,"242 Highland St, San Francisco, CA 94016"
198333,AAA Batteries (4-pack),1,2.99,05/14/19 12:16,"800 Johnson St, New York City, NY 10001"
198334,Flatscreen TV,1,300,05/21/19 14:10,"627 10th St, New York City, NY 10001"
198335,AA Batteries (4-pack),2,3.84,05/03/19 13:03,"390 Adams St, Boston, MA 02215"
198336,Apple Airpods Headphones,1,150,05/27/19 00:15,"817 River St, Austin, TX 73301"
198337,Apple Airpods Headphones,1,150,05/03/19 12:09,"340 Spruce St, Los Angeles, CA 90001"
198338,iPhone,1,700,05/20/19 20:47,"391 River St, New York City, NY 10001"
198339,AAA Batteries (4-pack),2,2.99,05/23/19 16:10,"500 Lake St, Dallas, TX 75001"
198340,USB-C Charging Cable,1,11.95,05/17/19 15:45,"806 Adams St, Atlanta, GA 30301"
198341,USB-C Charging Cable,1,11.95,05/12/19 10:47,"851 Cherry St, Los Angeles, CA 90001"
198342,Google Phone,1,600,05/07/19 12:23,"286 Madison St, Portland, ME 04101"
198343,AA Batteries (4-pack),1,3.84,05/04/19 13:37,"200 Jackson St, Atlanta, GA 30301"
198344,34in Ultrawide Monitor,1,379.99,05/21/19 18:14,"594 Maple St, Atlanta, GA 30301"
198345,Lightning Charging Cable,1,14.95,05/30/19 19:16,"122 Walnut St, Los Angeles, CA 90001"
198346,Wired Headphones,1,11.99,05/12/19 12:00,"784 Washington St, San Francisco, CA 94016"
198347,AA Batteries (4-pack),2,3.84,05/04/19 13:56,"2 Forest St, Los Angeles, CA 90001"
198348,Wired Headphones,1,11.99,05/14/19 11:54,"678 Main St, Portland, OR 97035"
198349,ThinkPad Laptop,1,999.99,05/25/19 15:31,"544 Ridge St, Dallas, TX 75001"
198350,Wired Headphones,1,11.99,05/04/19 11:22,"345 8th St, New York City, NY 10001"
198351,Bose SoundSport Headphones,1,99.99,05/10/19 05:34,"940 1st St, Atlanta, GA 30301"
198352,USB-C Charging Cable,1,11.95,05/31/19 11:11,"5 Meadow St, San Francisco, CA 94016"
198353,USB-C Charging Cable,1,11.95,05/21/19 12:32,"438 Highland St, Los Angeles, CA 90001"
198354,USB-C Charging Cable,1,11.95,05/15/19 00:38,"746 Spruce St, Portland, OR 97035"
198355,Wired Headphones,1,11.99,05/28/19 14:03,"628 4th St, Boston, MA 02215"
198356,27in FHD Monitor,1,149.99,05/04/19 17:18,"135 Park St, San Francisco, CA 94016"
198357,Bose SoundSport Headphones,1,99.99,05/25/19 20:40,"72 9th St, Austin, TX 73301"
198358,Wired Headphones,1,11.99,05/08/19 14:37,"736 9th St, San Francisco, CA 94016"
198359,AAA Batteries (4-pack),1,2.99,05/06/19 17:51,"281 Hill St, Seattle, WA 98101"
198360,Lightning Charging Cable,1,14.95,05/20/19 10:22,"561 Adams St, Dallas, TX 75001"
198361,AAA Batteries (4-pack),2,2.99,05/29/19 19:22,"132 Adams St, Los Angeles, CA 90001"
198362,Lightning Charging Cable,1,14.95,05/26/19 08:44,"765 Hill St, Dallas, TX 75001"
198363,Vareebadd Phone,1,400,05/16/19 10:31,"191 1st St, Portland, ME 04101"
198364,Apple Airpods Headphones,1,150,05/23/19 15:32,"182 South St, Atlanta, GA 30301"
198365,USB-C Charging Cable,1,11.95,05/22/19 14:53,"83 Park St, Boston, MA 02215"
198366,Lightning Charging Cable,1,14.95,05/22/19 16:23,"332 Jefferson St, San Francisco, CA 94016"
198367,Apple Airpods Headphones,1,150,05/24/19 10:36,"581 Hill St, New York City, NY 10001"
198368,ThinkPad Laptop,1,999.99,05/08/19 13:03,"280 River St, Portland, ME 04101"
198368,27in FHD Monitor,1,149.99,05/08/19 13:03,"280 River St, Portland, ME 04101"
198369,USB-C Charging Cable,1,11.95,05/04/19 12:58,"43 Center St, Los Angeles, CA 90001"
198370,ThinkPad Laptop,1,999.99,05/31/19 21:03,"277 Ridge St, San Francisco, CA 94016"
198371,USB-C Charging Cable,1,11.95,05/07/19 17:26,"910 Dogwood St, Portland, ME 04101"
198372,Lightning Charging Cable,1,14.95,05/17/19 13:35,"751 Elm St, Boston, MA 02215"
198373,AA Batteries (4-pack),1,3.84,05/30/19 02:04,"73 Walnut St, San Francisco, CA 94016"
198374,Apple Airpods Headphones,1,150,05/04/19 14:28,"238 2nd St, Dallas, TX 75001"
198375,AA Batteries (4-pack),2,3.84,05/19/19 12:42,"57 11th St, Dallas, TX 75001"
198376,Lightning Charging Cable,1,14.95,05/14/19 13:41,"171 5th St, San Francisco, CA 94016"
198377,Lightning Charging Cable,1,14.95,05/08/19 15:16,"677 4th St, Boston, MA 02215"
198378,Wired Headphones,1,11.99,05/15/19 00:57,"435 Park St, Austin, TX 73301"
198379,Apple Airpods Headphones,1,150,05/30/19 23:39,"587 12th St, San Francisco, CA 94016"
198380,Wired Headphones,1,11.99,05/03/19 00:00,"803 Church St, Dallas, TX 75001"
198381,27in FHD Monitor,1,149.99,05/21/19 14:15,"699 Walnut St, San Francisco, CA 94016"
198382,Bose SoundSport Headphones,1,99.99,05/05/19 11:02,"975 West St, San Francisco, CA 94016"
198383,AA Batteries (4-pack),1,3.84,05/14/19 16:55,"975 Center St, Seattle, WA 98101"
198384,27in FHD Monitor,1,149.99,05/22/19 12:52,"871 Hickory St, Dallas, TX 75001"
198385,Apple Airpods Headphones,1,150,05/22/19 17:15,"410 Johnson St, Dallas, TX 75001"
198386,27in FHD Monitor,1,149.99,05/06/19 19:59,"907 Ridge St, Dallas, TX 75001"
198387,27in FHD Monitor,1,149.99,05/04/19 14:55,"660 Church St, Atlanta, GA 30301"
198388,Lightning Charging Cable,1,14.95,05/10/19 18:26,"734 Maple St, Austin, TX 73301"
198389,AA Batteries (4-pack),1,3.84,05/30/19 17:35,"137 Johnson St, Seattle, WA 98101"
198390,27in FHD Monitor,1,149.99,05/09/19 16:18,"539 West St, Boston, MA 02215"
198391,34in Ultrawide Monitor,1,379.99,05/19/19 19:37,"405 Lakeview St, New York City, NY 10001"
198392,iPhone,1,700,05/17/19 19:39,"983 Hill St, San Francisco, CA 94016"
198393,27in FHD Monitor,1,149.99,05/20/19 17:48,"582 Willow St, San Francisco, CA 94016"
198394,Macbook Pro Laptop,1,1700,05/04/19 14:12,"640 6th St, Atlanta, GA 30301"
198395,AAA Batteries (4-pack),1,2.99,05/31/19 18:34,"678 2nd St, San Francisco, CA 94016"
198396,Google Phone,1,600,05/23/19 16:09,"178 Washington St, Austin, TX 73301"
198397,USB-C Charging Cable,1,11.95,05/15/19 13:01,"571 Forest St, Portland, OR 97035"
198398,Lightning Charging Cable,1,14.95,05/18/19 21:06,"670 10th St, Portland, OR 97035"
198399,iPhone,1,700,05/14/19 14:23,"174 11th St, Los Angeles, CA 90001"
198400,Wired Headphones,1,11.99,05/17/19 20:55,"595 Hill St, Portland, OR 97035"
198401,Wired Headphones,1,11.99,05/16/19 14:10,"812 Spruce St, Seattle, WA 98101"
198402,27in 4K Gaming Monitor,1,389.99,05/06/19 14:05,"24 Wilson St, San Francisco, CA 94016"
198403,Bose SoundSport Headphones,1,99.99,05/30/19 21:14,"558 South St, Los Angeles, CA 90001"
198404,AA Batteries (4-pack),1,3.84,05/25/19 15:33,"245 Jackson St, San Francisco, CA 94016"
198405,Apple Airpods Headphones,1,150,05/09/19 04:30,"834 6th St, San Francisco, CA 94016"
198406,Macbook Pro Laptop,1,1700,05/03/19 23:44,"416 11th St, San Francisco, CA 94016"
198407,AA Batteries (4-pack),3,3.84,05/22/19 10:03,"837 Adams St, Los Angeles, CA 90001"
198408,Lightning Charging Cable,1,14.95,05/03/19 14:22,"368 Main St, Los Angeles, CA 90001"
198409,Lightning Charging Cable,1,14.95,05/14/19 10:43,"514 West St, Los Angeles, CA 90001"
198410,Google Phone,1,600,05/05/19 12:03,"543 Main St, San Francisco, CA 94016"
198411,Lightning Charging Cable,1,14.95,05/29/19 11:33,"512 Church St, New York City, NY 10001"
198412,USB-C Charging Cable,1,11.95,05/31/19 21:04,"828 Sunset St, Portland, ME 04101"
198413,USB-C Charging Cable,1,11.95,05/30/19 12:47,"49 4th St, Dallas, TX 75001"
198414,Lightning Charging Cable,1,14.95,05/20/19 20:30,"382 7th St, Atlanta, GA 30301"
198415,Google Phone,1,600,05/01/19 14:12,"356 2nd St, San Francisco, CA 94016"
198416,AAA Batteries (4-pack),1,2.99,05/10/19 15:49,"653 Lakeview St, New York City, NY 10001"
198417,Bose SoundSport Headphones,1,99.99,05/26/19 10:58,"749 Hickory St, San Francisco, CA 94016"
198418,Bose SoundSport Headphones,1,99.99,05/30/19 15:45,"959 Chestnut St, San Francisco, CA 94016"
198419,USB-C Charging Cable,1,11.95,05/01/19 09:23,"30 Madison St, Dallas, TX 75001"
198420,AA Batteries (4-pack),1,3.84,05/02/19 09:37,"742 6th St, Atlanta, GA 30301"
198421,Macbook Pro Laptop,1,1700,05/29/19 18:44,"199 Sunset St, Los Angeles, CA 90001"
198422,AAA Batteries (4-pack),1,2.99,05/21/19 18:56,"450 Jefferson St, New York City, NY 10001"
198423,Wired Headphones,1,11.99,05/07/19 17:33,"74 9th St, New York City, NY 10001"
198424,20in Monitor,1,109.99,05/31/19 11:00,"378 13th St, Los Angeles, CA 90001"
198425,Flatscreen TV,1,300,05/23/19 10:29,"519 Meadow St, San Francisco, CA 94016"
198426,AAA Batteries (4-pack),1,2.99,05/24/19 20:34,"986 5th St, San Francisco, CA 94016"
198427,USB-C Charging Cable,1,11.95,05/29/19 21:22,"798 7th St, Boston, MA 02215"
198428,AA Batteries (4-pack),1,3.84,05/25/19 02:55,"809 Jefferson St, Boston, MA 02215"
198429,Lightning Charging Cable,1,14.95,05/04/19 16:12,"960 Wilson St, Los Angeles, CA 90001"
198430,AAA Batteries (4-pack),2,2.99,05/28/19 12:46,"56 9th St, Seattle, WA 98101"
198431,Lightning Charging Cable,1,14.95,05/15/19 12:10,"53 Chestnut St, New York City, NY 10001"
198432,AAA Batteries (4-pack),1,2.99,05/24/19 11:12,"294 Hill St, San Francisco, CA 94016"
198433,AA Batteries (4-pack),1,3.84,05/27/19 20:06,"68 Cedar St, San Francisco, CA 94016"
198434,Bose SoundSport Headphones,1,99.99,05/24/19 08:46,"365 Wilson St, Boston, MA 02215"
198435,AA Batteries (4-pack),1,3.84,05/19/19 19:13,"627 North St, San Francisco, CA 94016"
198436,34in Ultrawide Monitor,1,379.99,05/16/19 15:02,"485 4th St, Seattle, WA 98101"
198437,27in FHD Monitor,1,149.99,05/29/19 12:09,"141 Church St, New York City, NY 10001"
198438,AA Batteries (4-pack),1,3.84,05/03/19 13:16,"903 Adams St, Dallas, TX 75001"
198439,Apple Airpods Headphones,1,150,05/16/19 22:12,"38 West St, Seattle, WA 98101"
198440,Wired Headphones,1,11.99,05/13/19 14:54,"1 Hill St, Portland, OR 97035"
198441,Lightning Charging Cable,1,14.95,05/15/19 13:09,"749 Meadow St, New York City, NY 10001"
198442,27in FHD Monitor,1,149.99,05/21/19 11:08,"668 Highland St, Boston, MA 02215"
198443,AA Batteries (4-pack),1,3.84,05/26/19 01:14,"377 4th St, New York City, NY 10001"
198444,Wired Headphones,1,11.99,05/15/19 00:20,"632 Maple St, San Francisco, CA 94016"
198445,Apple Airpods Headphones,1,150,05/20/19 22:45,"954 Meadow St, Los Angeles, CA 90001"
198446,Macbook Pro Laptop,1,1700,05/31/19 14:17,"866 8th St, Seattle, WA 98101"
198447,27in 4K Gaming Monitor,1,389.99,05/06/19 19:46,"567 Jackson St, San Francisco, CA 94016"
198448,AAA Batteries (4-pack),2,2.99,05/12/19 17:19,"212 Church St, Portland, OR 97035"
198449,AAA Batteries (4-pack),1,2.99,05/15/19 08:20,"182 10th St, San Francisco, CA 94016"
198450,AA Batteries (4-pack),1,3.84,05/23/19 21:00,"692 11th St, Austin, TX 73301"
198451,Lightning Charging Cable,1,14.95,05/14/19 11:52,"2 11th St, Dallas, TX 75001"
198452,Wired Headphones,1,11.99,05/06/19 20:52,"500 Main St, San Francisco, CA 94016"
198453,AAA Batteries (4-pack),2,2.99,05/20/19 19:49,"633 Hickory St, Atlanta, GA 30301"
198453,Bose SoundSport Headphones,1,99.99,05/20/19 19:49,"633 Hickory St, Atlanta, GA 30301"
198454,AA Batteries (4-pack),1,3.84,05/19/19 18:15,"514 Cedar St, New York City, NY 10001"
198455,Bose SoundSport Headphones,1,99.99,05/02/19 21:36,"50 Cedar St, New York City, NY 10001"
198456,Google Phone,1,600,05/11/19 14:58,"938 Highland St, Los Angeles, CA 90001"
198457,Wired Headphones,1,11.99,05/18/19 12:17,"287 Spruce St, New York City, NY 10001"
198458,AAA Batteries (4-pack),1,2.99,05/07/19 14:09,"320 Lake St, Atlanta, GA 30301"
198459,AAA Batteries (4-pack),1,2.99,05/19/19 20:38,"521 Meadow St, Los Angeles, CA 90001"
198460,Lightning Charging Cable,1,14.95,05/18/19 18:11,"516 Jackson St, San Francisco, CA 94016"
198460,AAA Batteries (4-pack),5,2.99,05/18/19 18:11,"516 Jackson St, San Francisco, CA 94016"
198461,USB-C Charging Cable,1,11.95,05/22/19 17:16,"405 Forest St, Portland, OR 97035"
198461,27in 4K Gaming Monitor,1,389.99,05/22/19 17:16,"405 Forest St, Portland, OR 97035"
198462,Lightning Charging Cable,1,14.95,05/02/19 21:06,"829 Sunset St, Los Angeles, CA 90001"
198463,Apple Airpods Headphones,1,150,05/04/19 22:06,"993 10th St, Boston, MA 02215"
198464,USB-C Charging Cable,1,11.95,05/26/19 10:00,"931 Lake St, San Francisco, CA 94016"
198465,Lightning Charging Cable,2,14.95,05/06/19 13:17,"451 Dogwood St, Los Angeles, CA 90001"
198466,Google Phone,1,600,05/14/19 17:45,"246 Lakeview St, Portland, ME 04101"
198467,AAA Batteries (4-pack),2,2.99,05/07/19 11:13,"231 Willow St, Portland, OR 97035"
198468,Lightning Charging Cable,1,14.95,05/20/19 17:58,"561 Center St, Austin, TX 73301"
198469,Apple Airpods Headphones,1,150,05/14/19 23:03,"317 Lake St, San Francisco, CA 94016"
198470,Bose SoundSport Headphones,1,99.99,05/18/19 15:04,"39 Center St, Dallas, TX 75001"
198471,AA Batteries (4-pack),1,3.84,05/22/19 11:40,"75 11th St, Dallas, TX 75001"
198472,USB-C Charging Cable,1,11.95,05/18/19 21:07,"826 Chestnut St, San Francisco, CA 94016"
198473,Google Phone,1,600,05/09/19 19:15,"859 6th St, Dallas, TX 75001"
198474,ThinkPad Laptop,1,999.99,05/30/19 04:49,"296 Jackson St, Portland, OR 97035"
198475,iPhone,1,700,05/02/19 19:51,"514 Pine St, Austin, TX 73301"
198476,Wired Headphones,1,11.99,05/29/19 19:36,"723 Washington St, Los Angeles, CA 90001"
198477,Lightning Charging Cable,1,14.95,05/01/19 12:05,"767 Center St, New York City, NY 10001"
198478,Vareebadd Phone,1,400,05/21/19 09:08,"56 Jefferson St, Los Angeles, CA 90001"
198479,Flatscreen TV,1,300,05/17/19 20:36,"388 Washington St, Los Angeles, CA 90001"
198480,iPhone,1,700,05/01/19 13:10,"500 7th St, Los Angeles, CA 90001"
198480,Lightning Charging Cable,1,14.95,05/01/19 13:10,"500 7th St, Los Angeles, CA 90001"
198481,Macbook Pro Laptop,1,1700,05/11/19 13:18,"275 Cedar St, Dallas, TX 75001"
198482,AAA Batteries (4-pack),1,2.99,05/05/19 13:47,"577 Highland St, Dallas, TX 75001"
198483,USB-C Charging Cable,1,11.95,05/25/19 12:00,"484 11th St, Boston, MA 02215"
198484,Wired Headphones,1,11.99,05/05/19 16:36,"269 4th St, Boston, MA 02215"
198485,ThinkPad Laptop,1,999.99,05/06/19 14:05,"584 Jefferson St, San Francisco, CA 94016"
198486,AAA Batteries (4-pack),2,2.99,05/23/19 08:03,"373 Church St, Portland, OR 97035"
198487,Macbook Pro Laptop,1,1700,05/11/19 00:14,"600 Lincoln St, Atlanta, GA 30301"
198488,AA Batteries (4-pack),1,3.84,05/29/19 21:24,"584 Hill St, Los Angeles, CA 90001"
198489,iPhone,1,700,05/04/19 09:16,"801 12th St, Dallas, TX 75001"
198490,AAA Batteries (4-pack),1,2.99,05/30/19 12:03,"336 12th St, Seattle, WA 98101"
198491,Macbook Pro Laptop,1,1700,05/09/19 07:13,"870 11th St, New York City, NY 10001"
198492,AAA Batteries (4-pack),1,2.99,05/16/19 22:56,"794 1st St, Austin, TX 73301"
198493,AA Batteries (4-pack),1,3.84,05/14/19 21:16,"62 Maple St, Atlanta, GA 30301"
198494,Macbook Pro Laptop,1,1700,05/23/19 22:17,"687 Washington St, Dallas, TX 75001"
198495,Wired Headphones,1,11.99,05/31/19 11:02,"191 7th St, San Francisco, CA 94016"
198496,Bose SoundSport Headphones,1,99.99,05/29/19 23:37,"619 Washington St, Dallas, TX 75001"
198497,Flatscreen TV,1,300,05/11/19 12:43,"283 Johnson St, New York City, NY 10001"
198498,Macbook Pro Laptop,1,1700,05/24/19 08:22,"333 Washington St, San Francisco, CA 94016"
198499,Apple Airpods Headphones,1,150,05/22/19 18:48,"901 Forest St, Portland, ME 04101"
198500,Wired Headphones,1,11.99,05/16/19 08:46,"881 11th St, New York City, NY 10001"
198501,USB-C Charging Cable,1,11.95,05/03/19 22:17,"951 Lakeview St, Dallas, TX 75001"
198502,Bose SoundSport Headphones,1,99.99,05/07/19 20:16,"12 11th St, Atlanta, GA 30301"
198503,Google Phone,1,600,05/16/19 05:28,"790 Chestnut St, Boston, MA 02215"
198504,Bose SoundSport Headphones,1,99.99,05/08/19 20:37,"101 11th St, Seattle, WA 98101"
198505,Apple Airpods Headphones,1,150,05/25/19 09:23,"401 Elm St, Boston, MA 02215"
198506,Lightning Charging Cable,1,14.95,05/26/19 06:05,"137 4th St, Boston, MA 02215"
198507,Flatscreen TV,1,300,05/31/19 13:06,"18 Willow St, San Francisco, CA 94016"
198508,Apple Airpods Headphones,1,150,05/05/19 15:14,"799 10th St, Los Angeles, CA 90001"
198509,USB-C Charging Cable,1,11.95,05/03/19 09:48,"979 Washington St, San Francisco, CA 94016"
198509,Wired Headphones,1,11.99,05/03/19 09:48,"979 Washington St, San Francisco, CA 94016"
198510,USB-C Charging Cable,1,11.95,05/01/19 12:03,"410 Walnut St, San Francisco, CA 94016"
198511,AA Batteries (4-pack),1,3.84,05/28/19 15:31,"149 8th St, Dallas, TX 75001"
198512,AA Batteries (4-pack),2,3.84,05/17/19 08:28,"920 14th St, New York City, NY 10001"
198513,USB-C Charging Cable,1,11.95,05/09/19 01:12,"264 Ridge St, Atlanta, GA 30301"
198514,Google Phone,1,600,05/13/19 18:56,"171 Jackson St, Seattle, WA 98101"
198514,USB-C Charging Cable,1,11.95,05/13/19 18:56,"171 Jackson St, Seattle, WA 98101"
198514,USB-C Charging Cable,1,11.95,05/13/19 18:56,"171 Jackson St, Seattle, WA 98101"
198515,Lightning Charging Cable,1,14.95,05/22/19 12:44,"71 12th St, Austin, TX 73301"
198516,AA Batteries (4-pack),1,3.84,05/01/19 16:22,"802 Sunset St, Portland, OR 97035"
198517,USB-C Charging Cable,1,11.95,05/27/19 22:38,"475 South St, San Francisco, CA 94016"
198517,Bose SoundSport Headphones,1,99.99,05/27/19 22:38,"475 South St, San Francisco, CA 94016"
198518,Lightning Charging Cable,2,14.95,05/08/19 00:43,"503 1st St, San Francisco, CA 94016"
198519,USB-C Charging Cable,1,11.95,05/22/19 16:42,"758 Sunset St, New York City, NY 10001"
198520,Bose SoundSport Headphones,1,99.99,05/13/19 19:17,"660 North St, Austin, TX 73301"
198521,27in FHD Monitor,1,149.99,05/09/19 16:34,"255 Forest St, New York City, NY 10001"
198522,Lightning Charging Cable,2,14.95,05/31/19 11:49,"802 8th St, Austin, TX 73301"
198523,USB-C Charging Cable,1,11.95,05/24/19 00:03,"663 Madison St, San Francisco, CA 94016"
198524,27in FHD Monitor,1,149.99,05/06/19 09:55,"196 Spruce St, Austin, TX 73301"
198525,Wired Headphones,1,11.99,05/11/19 13:06,"856 Wilson St, Dallas, TX 75001"
198526,34in Ultrawide Monitor,1,379.99,05/31/19 11:35,"649 South St, San Francisco, CA 94016"
198527,Apple Airpods Headphones,1,150,05/24/19 14:59,"368 West St, San Francisco, CA 94016"
198528,Google Phone,1,600,05/11/19 21:04,"880 Madison St, Austin, TX 73301"
198529,AAA Batteries (4-pack),1,2.99,05/16/19 22:13,"101 Ridge St, New York City, NY 10001"
,,,,,
198530,USB-C Charging Cable,1,11.95,05/04/19 13:13,"16 10th St, San Francisco, CA 94016"
198531,Bose SoundSport Headphones,1,99.99,05/29/19 18:01,"171 5th St, New York City, NY 10001"
198532,Lightning Charging Cable,1,14.95,05/30/19 19:05,"680 Wilson St, Los Angeles, CA 90001"
198533,AAA Batteries (4-pack),4,2.99,05/01/19 19:53,"945 Madison St, Los Angeles, CA 90001"
198534,AA Batteries (4-pack),1,3.84,05/28/19 22:20,"130 Chestnut St, Seattle, WA 98101"
198535,Lightning Charging Cable,1,14.95,05/07/19 19:53,"481 1st St, San Francisco, CA 94016"
198536,AAA Batteries (4-pack),2,2.99,05/28/19 20:05,"669 2nd St, San Francisco, CA 94016"
198537,AAA Batteries (4-pack),1,2.99,05/06/19 11:29,"9 4th St, Boston, MA 02215"
198538,AAA Batteries (4-pack),1,2.99,05/01/19 13:22,"311 Wilson St, Austin, TX 73301"
198539,Bose SoundSport Headphones,1,99.99,05/25/19 12:36,"148 Adams St, New York City, NY 10001"
198540,AAA Batteries (4-pack),1,2.99,05/16/19 18:59,"576 North St, Portland, OR 97035"
198541,27in FHD Monitor,1,149.99,05/31/19 17:59,"208 5th St, Boston, MA 02215"
198542,ThinkPad Laptop,1,999.99,05/19/19 12:40,"784 Cherry St, New York City, NY 10001"
198543,AA Batteries (4-pack),1,3.84,05/15/19 21:09,"121 6th St, Portland, OR 97035"
198544,27in FHD Monitor,1,149.99,05/02/19 19:32,"626 Lakeview St, Boston, MA 02215"
198545,AA Batteries (4-pack),1,3.84,05/17/19 13:29,"103 Lakeview St, Atlanta, GA 30301"
198546,AA Batteries (4-pack),1,3.84,05/24/19 17:17,"40 Wilson St, New York City, NY 10001"
198547,Bose SoundSport Headphones,1,99.99,05/26/19 10:15,"487 Hickory St, Atlanta, GA 30301"
198548,USB-C Charging Cable,1,11.95,05/18/19 22:34,"707 West St, Seattle, WA 98101"
198549,Macbook Pro Laptop,1,1700,05/04/19 11:26,"682 Adams St, Seattle, WA 98101"
198550,Bose SoundSport Headphones,1,99.99,05/26/19 14:10,"179 Johnson St, San Francisco, CA 94016"
198551,Apple Airpods Headphones,1,150,05/04/19 14:33,"462 Chestnut St, New York City, NY 10001"
198552,AA Batteries (4-pack),1,3.84,05/23/19 13:31,"691 River St, Los Angeles, CA 90001"
198553,Apple Airpods Headphones,1,150,05/04/19 05:55,"911 Center St, Boston, MA 02215"
198554,AA Batteries (4-pack),1,3.84,05/19/19 17:27,"972 Park St, New York City, NY 10001"
198555,USB-C Charging Cable,1,11.95,05/25/19 22:57,"16 9th St, New York City, NY 10001"
198556,34in Ultrawide Monitor,1,379.99,05/04/19 14:09,"866 North St, Portland, OR 97035"
198557,AA Batteries (4-pack),3,3.84,05/26/19 10:44,"158 Adams St, Boston, MA 02215"
198558,Bose SoundSport Headphones,1,99.99,05/01/19 20:38,"405 5th St, New York City, NY 10001"
198559,Apple Airpods Headphones,1,150,05/23/19 09:56,"472 Cedar St, Atlanta, GA 30301"
198560,Google Phone,1,600,05/28/19 14:13,"122 South St, San Francisco, CA 94016"
198561,iPhone,1,700,05/31/19 15:06,"633 Spruce St, Los Angeles, CA 90001"
198562,USB-C Charging Cable,1,11.95,05/12/19 21:09,"557 5th St, Austin, TX 73301"
198563,20in Monitor,1,109.99,05/03/19 12:29,"952 Spruce St, Los Angeles, CA 90001"
198564,AA Batteries (4-pack),1,3.84,05/06/19 13:19,"858 Park St, Los Angeles, CA 90001"
198565,Bose SoundSport Headphones,1,99.99,05/16/19 10:10,"271 River St, Boston, MA 02215"
198566,27in 4K Gaming Monitor,1,389.99,05/30/19 17:29,"556 8th St, San Francisco, CA 94016"
198567,34in Ultrawide Monitor,1,379.99,05/15/19 13:51,"992 Highland St, Atlanta, GA 30301"
198568,Vareebadd Phone,1,400,05/26/19 08:16,"543 13th St, Austin, TX 73301"
198569,34in Ultrawide Monitor,1,379.99,05/13/19 20:37,"216 9th St, San Francisco, CA 94016"
198570,27in 4K Gaming Monitor,1,389.99,05/18/19 04:53,"505 Meadow St, Atlanta, GA 30301"
198571,Apple Airpods Headphones,1,150,05/02/19 13:31,"359 Cherry St, Dallas, TX 75001"
198572,USB-C Charging Cable,1,11.95,05/21/19 23:03,"304 Dogwood St, New York City, NY 10001"
198573,AAA Batteries (4-pack),1,2.99,05/21/19 15:19,"198 2nd St, Austin, TX 73301"
198574,Lightning Charging Cable,1,14.95,05/15/19 16:17,"391 6th St, Boston, MA 02215"
198575,27in FHD Monitor,1,149.99,05/02/19 22:42,"291 1st St, New York City, NY 10001"
198576,Bose SoundSport Headphones,1,99.99,05/10/19 14:33,"260 Forest St, New York City, NY 10001"
198577,USB-C Charging Cable,1,11.95,05/28/19 08:14,"221 Main St, New York City, NY 10001"
198578,AAA Batteries (4-pack),2,2.99,05/22/19 20:18,"983 Park St, Dallas, TX 75001"
198579,Wired Headphones,1,11.99,05/06/19 19:28,"728 Jefferson St, Austin, TX 73301"
198580,USB-C Charging Cable,1,11.95,05/28/19 21:04,"76 Chestnut St, Atlanta, GA 30301"
198581,AAA Batteries (4-pack),1,2.99,05/07/19 12:48,"684 Spruce St, Austin, TX 73301"
198582,27in FHD Monitor,1,149.99,05/12/19 21:03,"959 6th St, San Francisco, CA 94016"
198583,Macbook Pro Laptop,1,1700,05/27/19 11:03,"113 Ridge St, Los Angeles, CA 90001"
198584,AA Batteries (4-pack),1,3.84,05/11/19 23:52,"606 Maple St, San Francisco, CA 94016"
198585,AA Batteries (4-pack),1,3.84,05/29/19 21:38,"788 Willow St, Boston, MA 02215"
198586,AAA Batteries (4-pack),1,2.99,05/19/19 06:24,"138 Jackson St, New York City, NY 10001"
198587,Apple Airpods Headphones,1,150,05/14/19 10:05,"222 Ridge St, San Francisco, CA 94016"
198588,Lightning Charging Cable,1,14.95,05/29/19 09:33,"554 River St, Boston, MA 02215"
198589,Apple Airpods Headphones,1,150,05/25/19 18:27,"941 Washington St, San Francisco, CA 94016"
198590,Apple Airpods Headphones,1,150,05/01/19 17:19,"67 Dogwood St, San Francisco, CA 94016"
198591,Wired Headphones,1,11.99,05/23/19 13:34,"469 Church St, San Francisco, CA 94016"
198592,27in 4K Gaming Monitor,1,389.99,05/13/19 11:39,"35 Hill St, Portland, OR 97035"
198593,ThinkPad Laptop,1,999.99,05/02/19 15:00,"774 12th St, San Francisco, CA 94016"
198594,Wired Headphones,1,11.99,05/26/19 22:46,"97 Spruce St, Atlanta, GA 30301"
198595,AA Batteries (4-pack),3,3.84,05/22/19 20:27,"466 Lakeview St, Portland, OR 97035"
198596,AAA Batteries (4-pack),1,2.99,05/19/19 18:54,"677 Cedar St, New York City, NY 10001"
198597,34in Ultrawide Monitor,1,379.99,05/28/19 15:34,"280 Hickory St, San Francisco, CA 94016"
198598,Flatscreen TV,1,300,05/28/19 10:18,"932 North St, New York City, NY 10001"
198599,ThinkPad Laptop,1,999.99,05/28/19 17:10,"237 Johnson St, Atlanta, GA 30301"
198600,Apple Airpods Headphones,1,150,05/25/19 13:08,"570 Cedar St, New York City, NY 10001"
198601,27in FHD Monitor,1,149.99,05/16/19 16:25,"744 Washington St, Los Angeles, CA 90001"
198602,Google Phone,1,600,05/18/19 10:05,"568 Adams St, Los Angeles, CA 90001"
198602,USB-C Charging Cable,1,11.95,05/18/19 10:05,"568 Adams St, Los Angeles, CA 90001"
198603,Bose SoundSport Headphones,1,99.99,05/01/19 04:15,"394 Adams St, Portland, OR 97035"
198604,USB-C Charging Cable,1,11.95,05/22/19 20:21,"359 2nd St, Atlanta, GA 30301"
198605,Apple Airpods Headphones,1,150,05/20/19 21:22,"680 Walnut St, San Francisco, CA 94016"
198606,iPhone,1,700,05/20/19 19:54,"106 Center St, San Francisco, CA 94016"
198606,Lightning Charging Cable,1,14.95,05/20/19 19:54,"106 Center St, San Francisco, CA 94016"
198607,Wired Headphones,1,11.99,05/01/19 14:06,"231 Church St, Los Angeles, CA 90001"
198608,Bose SoundSport Headphones,1,99.99,05/09/19 17:25,"277 Washington St, Austin, TX 73301"
198609,AA Batteries (4-pack),3,3.84,05/10/19 15:39,"578 Meadow St, Boston, MA 02215"
198610,iPhone,1,700,05/17/19 20:11,"151 7th St, New York City, NY 10001"
198611,Bose SoundSport Headphones,1,99.99,05/06/19 15:39,"67 Lakeview St, Los Angeles, CA 90001"
198612,27in FHD Monitor,1,149.99,05/19/19 20:15,"761 Park St, Austin, TX 73301"
198613,Bose SoundSport Headphones,1,99.99,05/30/19 14:16,"901 6th St, San Francisco, CA 94016"
198614,Bose SoundSport Headphones,1,99.99,05/25/19 16:37,"924 North St, Dallas, TX 75001"
198615,USB-C Charging Cable,1,11.95,05/29/19 23:30,"779 5th St, Los Angeles, CA 90001"
198616,20in Monitor,1,109.99,05/29/19 09:41,"371 6th St, San Francisco, CA 94016"
198617,USB-C Charging Cable,1,11.95,05/17/19 17:01,"298 7th St, Atlanta, GA 30301"
198618,AA Batteries (4-pack),1,3.84,05/12/19 10:06,"362 Hickory St, Los Angeles, CA 90001"
198619,Lightning Charging Cable,1,14.95,05/31/19 16:26,"130 River St, Portland, OR 97035"
198620,27in FHD Monitor,1,149.99,05/04/19 18:09,"679 Adams St, San Francisco, CA 94016"
198621,Apple Airpods Headphones,1,150,05/18/19 15:45,"62 West St, Los Angeles, CA 90001"
198622,AAA Batteries (4-pack),2,2.99,05/04/19 12:52,"339 Pine St, Los Angeles, CA 90001"
198623,AA Batteries (4-pack),1,3.84,05/08/19 11:35,"888 Church St, New York City, NY 10001"
198624,Wired Headphones,1,11.99,05/28/19 17:30,"312 12th St, San Francisco, CA 94016"
198625,AAA Batteries (4-pack),1,2.99,05/18/19 20:14,"122 Elm St, Los Angeles, CA 90001"
198626,LG Dryer,1,600.0,05/26/19 12:28,"760 Elm St, Austin, TX 73301"
198627,Bose SoundSport Headphones,2,99.99,05/20/19 01:33,"752 Dogwood St, Los Angeles, CA 90001"
198628,34in Ultrawide Monitor,1,379.99,05/04/19 07:49,"739 Lakeview St, Boston, MA 02215"
198629,34in Ultrawide Monitor,1,379.99,05/15/19 15:56,"621 Center St, San Francisco, CA 94016"
198630,Apple Airpods Headphones,1,150,05/14/19 20:09,"881 Center St, New York City, NY 10001"
198631,Wired Headphones,1,11.99,05/11/19 19:49,"141 Hickory St, San Francisco, CA 94016"
198632,Lightning Charging Cable,1,14.95,05/25/19 05:31,"912 Hickory St, Portland, OR 97035"
198633,Wired Headphones,2,11.99,05/10/19 21:11,"4 Main St, Atlanta, GA 30301"
198634,AAA Batteries (4-pack),1,2.99,05/11/19 14:11,"212 Johnson St, Austin, TX 73301"
198635,27in 4K Gaming Monitor,1,389.99,05/02/19 12:21,"951 Willow St, New York City, NY 10001"
198636,USB-C Charging Cable,1,11.95,05/20/19 21:23,"669 Willow St, San Francisco, CA 94016"
198637,iPhone,1,700,05/05/19 16:30,"998 Meadow St, Los Angeles, CA 90001"
198638,Bose SoundSport Headphones,1,99.99,05/11/19 16:41,"690 Dogwood St, Dallas, TX 75001"
198639,USB-C Charging Cable,1,11.95,05/12/19 11:51,"824 4th St, San Francisco, CA 94016"
198640,27in FHD Monitor,1,149.99,05/24/19 07:48,"554 Highland St, San Francisco, CA 94016"
198641,Apple Airpods Headphones,1,150,05/24/19 22:58,"384 Maple St, Dallas, TX 75001"
198642,Lightning Charging Cable,1,14.95,05/13/19 19:54,"755 Adams St, Portland, OR 97035"
198643,USB-C Charging Cable,2,11.95,05/17/19 17:38,"821 Ridge St, Los Angeles, CA 90001"
198644,Bose SoundSport Headphones,1,99.99,05/20/19 04:02,"992 Chestnut St, New York City, NY 10001"
198645,AAA Batteries (4-pack),1,2.99,05/16/19 14:18,"34 Lincoln St, Boston, MA 02215"
198646,USB-C Charging Cable,1,11.95,05/13/19 09:59,"17 13th St, Los Angeles, CA 90001"
198647,Apple Airpods Headphones,1,150,05/26/19 09:40,"976 12th St, San Francisco, CA 94016"
198648,Wired Headphones,1,11.99,05/04/19 13:57,"916 Lake St, Atlanta, GA 30301"
198649,Lightning Charging Cable,1,14.95,05/30/19 09:51,"960 2nd St, Los Angeles, CA 90001"
198650,Wired Headphones,1,11.99,05/03/19 15:57,"272 Sunset St, Boston, MA 02215"
198651,Wired Headphones,1,11.99,05/17/19 21:40,"697 Johnson St, New York City, NY 10001"
198652,USB-C Charging Cable,1,11.95,05/30/19 13:05,"643 4th St, New York City, NY 10001"
198653,AA Batteries (4-pack),1,3.84,05/07/19 16:41,"953 South St, Portland, OR 97035"
198654,27in FHD Monitor,1,149.99,05/07/19 08:49,"964 Jackson St, Dallas, TX 75001"
198655,Wired Headphones,1,11.99,05/21/19 09:17,"65 Church St, New York City, NY 10001"
198656,Bose SoundSport Headphones,1,99.99,05/16/19 22:05,"302 Jackson St, Portland, OR 97035"
198657,Flatscreen TV,1,300,05/24/19 09:32,"330 Madison St, Portland, OR 97035"
198658,iPhone,1,700,05/27/19 18:53,"705 1st St, Portland, OR 97035"
198659,AA Batteries (4-pack),1,3.84,05/11/19 21:42,"875 11th St, Boston, MA 02215"
198660,34in Ultrawide Monitor,1,379.99,05/14/19 19:27,"86 Meadow St, New York City, NY 10001"
198661,Google Phone,1,600,05/28/19 21:48,"208 11th St, San Francisco, CA 94016"
198661,AAA Batteries (4-pack),1,2.99,05/28/19 21:48,"208 11th St, San Francisco, CA 94016"
198662,Wired Headphones,1,11.99,05/03/19 19:56,"107 Wilson St, New York City, NY 10001"
198663,Bose SoundSport Headphones,1,99.99,05/19/19 17:09,"367 Jackson St, Portland, OR 97035"
198664,Lightning Charging Cable,1,14.95,05/24/19 11:58,"720 Maple St, Los Angeles, CA 90001"
198665,Apple Airpods Headphones,1,150,05/11/19 07:11,"594 Forest St, San Francisco, CA 94016"
198666,AAA Batteries (4-pack),1,2.99,05/10/19 12:25,"387 2nd St, Portland, OR 97035"
198667,AA Batteries (4-pack),1,3.84,05/15/19 14:21,"321 Pine St, Atlanta, GA 30301"
198668,Wired Headphones,2,11.99,05/11/19 17:57,"814 13th St, Los Angeles, CA 90001"
198669,ThinkPad Laptop,1,999.99,05/22/19 13:58,"751 Hill St, Boston, MA 02215"
198670,AAA Batteries (4-pack),2,2.99,05/22/19 17:29,"795 Sunset St, Atlanta, GA 30301"
198671,ThinkPad Laptop,1,999.99,05/29/19 11:08,"112 Hill St, Seattle, WA 98101"
198672,AAA Batteries (4-pack),1,2.99,05/06/19 20:37,"598 Cedar St, Los Angeles, CA 90001"
198673,USB-C Charging Cable,1,11.95,05/29/19 17:29,"833 Park St, New York City, NY 10001"
198674,Lightning Charging Cable,1,14.95,05/17/19 14:10,"340 Lincoln St, San Francisco, CA 94016"
198675,USB-C Charging Cable,1,11.95,05/16/19 18:26,"638 5th St, Los Angeles, CA 90001"
198676,Lightning Charging Cable,1,14.95,05/25/19 18:16,"897 Meadow St, Boston, MA 02215"
198677,iPhone,1,700,05/27/19 10:20,"23 8th St, San Francisco, CA 94016"
198677,Lightning Charging Cable,1,14.95,05/27/19 10:20,"23 8th St, San Francisco, CA 94016"
198678,Wired Headphones,1,11.99,05/24/19 22:13,"87 Washington St, New York City, NY 10001"
198679,Wired Headphones,2,11.99,05/13/19 08:44,"306 Dogwood St, Atlanta, GA 30301"
198680,AAA Batteries (4-pack),2,2.99,05/31/19 03:33,"402 Spruce St, New York City, NY 10001"
198681,iPhone,1,700,05/06/19 16:59,"53 Maple St, Portland, OR 97035"
198682,Vareebadd Phone,1,400,05/16/19 19:02,"749 Johnson St, Boston, MA 02215"
198682,USB-C Charging Cable,1,11.95,05/16/19 19:02,"749 Johnson St, Boston, MA 02215"
198683,USB-C Charging Cable,1,11.95,05/15/19 22:38,"590 Cherry St, Boston, MA 02215"
198684,34in Ultrawide Monitor,1,379.99,05/07/19 15:23,"893 Main St, San Francisco, CA 94016"
198685,AAA Batteries (4-pack),1,2.99,05/26/19 13:15,"88 Ridge St, San Francisco, CA 94016"
198686,AAA Batteries (4-pack),1,2.99,05/02/19 12:08,"902 2nd St, San Francisco, CA 94016"
198687,Wired Headphones,1,11.99,05/02/19 21:17,"301 Spruce St, Los Angeles, CA 90001"
198688,Lightning Charging Cable,1,14.95,05/13/19 07:26,"138 Sunset St, Boston, MA 02215"
198689,AAA Batteries (4-pack),1,2.99,05/17/19 10:38,"664 Pine St, New York City, NY 10001"
198690,USB-C Charging Cable,1,11.95,05/27/19 17:17,"411 Washington St, New York City, NY 10001"
198691,AA Batteries (4-pack),1,3.84,05/03/19 13:41,"582 Chestnut St, San Francisco, CA 94016"
198692,USB-C Charging Cable,1,11.95,05/06/19 19:34,"753 Jackson St, Los Angeles, CA 90001"
198693,USB-C Charging Cable,1,11.95,05/20/19 12:21,"585 Hill St, San Francisco, CA 94016"
198694,USB-C Charging Cable,1,11.95,05/22/19 12:38,"392 12th St, Portland, OR 97035"
198695,Google Phone,1,600,05/09/19 11:05,"212 Maple St, Atlanta, GA 30301"
198696,Bose SoundSport Headphones,1,99.99,05/12/19 19:08,"453 Cedar St, New York City, NY 10001"
198697,27in 4K Gaming Monitor,1,389.99,05/10/19 14:22,"990 Maple St, New York City, NY 10001"
198698,AA Batteries (4-pack),1,3.84,05/27/19 11:33,"300 8th St, Dallas, TX 75001"
198699,Google Phone,1,600,05/02/19 20:38,"240 Church St, New York City, NY 10001"
198699,Bose SoundSport Headphones,1,99.99,05/02/19 20:38,"240 Church St, New York City, NY 10001"
198700,USB-C Charging Cable,1,11.95,05/28/19 10:15,"758 13th St, Seattle, WA 98101"
198701,USB-C Charging Cable,1,11.95,05/22/19 13:29,"729 Adams St, Boston, MA 02215"
198702,USB-C Charging Cable,1,11.95,05/15/19 15:28,"563 8th St, Atlanta, GA 30301"
198703,Lightning Charging Cable,1,14.95,05/14/19 10:23,"69 Walnut St, Portland, OR 97035"
198704,Wired Headphones,1,11.99,05/25/19 20:31,"373 North St, Boston, MA 02215"
198705,Lightning Charging Cable,1,14.95,05/10/19 13:27,"168 Park St, Austin, TX 73301"
198706,Apple Airpods Headphones,1,150,05/10/19 06:03,"242 Spruce St, San Francisco, CA 94016"
198707,Wired Headphones,2,11.99,05/03/19 23:19,"29 Pine St, Seattle, WA 98101"
198707,AA Batteries (4-pack),1,3.84,05/03/19 23:19,"29 Pine St, Seattle, WA 98101"
198708,USB-C Charging Cable,1,11.95,05/08/19 19:22,"406 Spruce St, Dallas, TX 75001"
198709,Apple Airpods Headphones,1,150,05/24/19 10:11,"698 12th St, Boston, MA 02215"
198710,AAA Batteries (4-pack),1,2.99,05/09/19 17:37,"350 Dogwood St, Atlanta, GA 30301"
198711,AA Batteries (4-pack),1,3.84,05/26/19 02:17,"498 5th St, Portland, ME 04101"
198712,Lightning Charging Cable,1,14.95,05/01/19 13:01,"918 Church St, Los Angeles, CA 90001"
198713,AAA Batteries (4-pack),1,2.99,05/06/19 20:59,"442 14th St, Boston, MA 02215"
198714,Wired Headphones,1,11.99,05/19/19 22:45,"710 9th St, Atlanta, GA 30301"
198715,USB-C Charging Cable,1,11.95,05/30/19 07:51,"859 13th St, New York City, NY 10001"
198715,Google Phone,1,600,05/30/19 07:51,"859 13th St, New York City, NY 10001"
198716,iPhone,1,700,05/18/19 10:49,"822 Church St, Los Angeles, CA 90001"
198717,Flatscreen TV,1,300,05/27/19 16:54,"621 River St, San Francisco, CA 94016"
198718,Apple Airpods Headphones,1,150,05/29/19 19:57,"958 Maple St, San Francisco, CA 94016"
198719,Wired Headphones,2,11.99,05/16/19 22:44,"735 Church St, San Francisco, CA 94016"
198720,Bose SoundSport Headphones,1,99.99,05/27/19 16:28,"806 Washington St, San Francisco, CA 94016"
198721,AA Batteries (4-pack),2,3.84,05/15/19 14:04,"328 Church St, Dallas, TX 75001"
198722,USB-C Charging Cable,2,11.95,05/27/19 16:28,"807 4th St, Atlanta, GA 30301"
198723,USB-C Charging Cable,1,11.95,05/27/19 12:25,"846 Adams St, Austin, TX 73301"
198724,Flatscreen TV,1,300,05/11/19 05:12,"900 Cherry St, New York City, NY 10001"
198725,Google Phone,1,600,05/26/19 17:20,"758 Willow St, New York City, NY 10001"
198726,27in FHD Monitor,1,149.99,05/20/19 16:45,"251 Walnut St, Seattle, WA 98101"
198727,AA Batteries (4-pack),1,3.84,05/24/19 14:45,"526 Pine St, Los Angeles, CA 90001"
198728,iPhone,1,700,05/18/19 19:05,"876 Willow St, Los Angeles, CA 90001"
198729,AAA Batteries (4-pack),2,2.99,05/11/19 13:04,"290 14th St, Los Angeles, CA 90001"
198730,Wired Headphones,2,11.99,05/01/19 15:05,"792 Main St, San Francisco, CA 94016"
198731,27in FHD Monitor,1,149.99,05/02/19 14:12,"618 Hickory St, Boston, MA 02215"
198732,Bose SoundSport Headphones,1,99.99,05/29/19 10:57,"27 Lakeview St, Atlanta, GA 30301"
198733,Lightning Charging Cable,1,14.95,05/23/19 15:43,"659 8th St, Austin, TX 73301"
198734,Lightning Charging Cable,1,14.95,05/21/19 13:42,"115 Hickory St, Los Angeles, CA 90001"
198735,iPhone,1,700,05/09/19 16:32,"830 13th St, Boston, MA 02215"
198736,USB-C Charging Cable,1,11.95,05/18/19 08:22,"844 Elm St, San Francisco, CA 94016"
198737,USB-C Charging Cable,1,11.95,05/05/19 23:08,"637 5th St, Dallas, TX 75001"
198738,Macbook Pro Laptop,1,1700,05/26/19 21:12,"84 5th St, Dallas, TX 75001"
198739,ThinkPad Laptop,1,999.99,05/05/19 22:05,"529 Park St, Los Angeles, CA 90001"
198740,27in FHD Monitor,1,149.99,05/26/19 12:34,"434 Ridge St, San Francisco, CA 94016"
198741,Wired Headphones,1,11.99,05/22/19 16:15,"248 7th St, Los Angeles, CA 90001"
198742,Apple Airpods Headphones,1,150,05/17/19 12:49,"715 Church St, New York City, NY 10001"
198743,AA Batteries (4-pack),1,3.84,05/18/19 03:54,"464 Ridge St, San Francisco, CA 94016"
198744,34in Ultrawide Monitor,1,379.99,05/17/19 00:03,"506 Madison St, Seattle, WA 98101"
198745,Apple Airpods Headphones,1,150,05/03/19 06:53,"154 South St, San Francisco, CA 94016"
198746,Wired Headphones,1,11.99,05/01/19 18:58,"339 Dogwood St, San Francisco, CA 94016"
198747,Bose SoundSport Headphones,1,99.99,05/31/19 20:09,"626 Willow St, New York City, NY 10001"
198748,Apple Airpods Headphones,1,150,05/11/19 09:24,"12 Jefferson St, Seattle, WA 98101"
198749,Bose SoundSport Headphones,1,99.99,05/29/19 18:18,"951 North St, Los Angeles, CA 90001"
198750,AAA Batteries (4-pack),3,2.99,05/02/19 11:24,"40 Church St, New York City, NY 10001"
198751,USB-C Charging Cable,1,11.95,05/08/19 14:55,"819 14th St, Boston, MA 02215"
198752,USB-C Charging Cable,1,11.95,05/09/19 20:41,"650 7th St, Boston, MA 02215"
198752,AAA Batteries (4-pack),1,2.99,05/09/19 20:41,"650 7th St, Boston, MA 02215"
198753,USB-C Charging Cable,1,11.95,05/16/19 20:41,"691 Washington St, New York City, NY 10001"
198754,Apple Airpods Headphones,1,150,05/29/19 21:38,"374 Sunset St, San Francisco, CA 94016"
198755,Apple Airpods Headphones,1,150,05/12/19 13:25,"195 Willow St, New York City, NY 10001"
198756,ThinkPad Laptop,1,999.99,05/09/19 14:08,"905 North St, San Francisco, CA 94016"
198757,USB-C Charging Cable,1,11.95,05/23/19 20:04,"702 1st St, New York City, NY 10001"
198758,Apple Airpods Headphones,1,150,05/01/19 21:40,"658 Cedar St, Boston, MA 02215"
198759,AAA Batteries (4-pack),2,2.99,05/27/19 17:58,"561 6th St, Atlanta, GA 30301"
198760,USB-C Charging Cable,1,11.95,05/25/19 17:20,"229 4th St, San Francisco, CA 94016"
198761,Google Phone,1,600,05/18/19 19:56,"376 4th St, San Francisco, CA 94016"
198762,27in FHD Monitor,1,149.99,05/26/19 12:34,"30 Cherry St, San Francisco, CA 94016"
198763,AA Batteries (4-pack),2,3.84,05/17/19 11:11,"405 Jackson St, San Francisco, CA 94016"
198764,27in FHD Monitor,1,149.99,05/28/19 12:16,"592 Main St, Los Angeles, CA 90001"
198765,AA Batteries (4-pack),1,3.84,05/18/19 18:39,"258 Lincoln St, Dallas, TX 75001"
198766,27in FHD Monitor,1,149.99,05/23/19 19:40,"799 Park St, Boston, MA 02215"
198767,27in 4K Gaming Monitor,1,389.99,05/06/19 11:00,"890 9th St, New York City, NY 10001"
198768,USB-C Charging Cable,1,11.95,05/26/19 18:18,"837 South St, San Francisco, CA 94016"
198769,Wired Headphones,1,11.99,05/15/19 21:18,"6 Maple St, Los Angeles, CA 90001"
198770,20in Monitor,1,109.99,05/21/19 00:17,"902 12th St, Boston, MA 02215"
198771,iPhone,1,700,05/07/19 10:07,"614 Spruce St, New York City, NY 10001"
198772,34in Ultrawide Monitor,1,379.99,05/06/19 13:20,"478 Lakeview St, San Francisco, CA 94016"
198773,Lightning Charging Cable,1,14.95,05/09/19 19:12,"853 10th St, New York City, NY 10001"
198774,Lightning Charging Cable,1,14.95,05/20/19 20:03,"360 5th St, Portland, OR 97035"
198775,Apple Airpods Headphones,1,150,05/03/19 22:01,"516 Chestnut St, Boston, MA 02215"
198775,AA Batteries (4-pack),1,3.84,05/03/19 22:01,"516 Chestnut St, Boston, MA 02215"
198776,Lightning Charging Cable,1,14.95,05/26/19 17:32,"841 Cedar St, San Francisco, CA 94016"
198777,27in FHD Monitor,1,149.99,05/05/19 19:19,"941 5th St, New York City, NY 10001"
198778,AAA Batteries (4-pack),1,2.99,05/26/19 20:38,"9 North St, San Francisco, CA 94016"
198779,iPhone,1,700,05/10/19 16:53,"265 Willow St, San Francisco, CA 94016"
198780,Macbook Pro Laptop,1,1700,05/13/19 22:55,"868 4th St, Los Angeles, CA 90001"
198781,AA Batteries (4-pack),1,3.84,05/16/19 07:27,"195 Willow St, San Francisco, CA 94016"
198782,20in Monitor,1,109.99,05/09/19 23:05,"679 Hickory St, Atlanta, GA 30301"
198783,AAA Batteries (4-pack),1,2.99,05/24/19 06:06,"722 Highland St, Boston, MA 02215"
198784,Lightning Charging Cable,1,14.95,05/25/19 11:13,"227 Washington St, Los Angeles, CA 90001"
198785,Google Phone,1,600,05/20/19 11:01,"662 2nd St, Austin, TX 73301"
198786,Bose SoundSport Headphones,1,99.99,05/11/19 01:10,"300 Meadow St, San Francisco, CA 94016"
198787,27in FHD Monitor,1,149.99,05/13/19 13:15,"347 Forest St, Los Angeles, CA 90001"
198788,Lightning Charging Cable,2,14.95,05/24/19 17:53,"313 8th St, San Francisco, CA 94016"
198789,USB-C Charging Cable,1,11.95,05/05/19 19:52,"439 2nd St, San Francisco, CA 94016"
198790,Macbook Pro Laptop,1,1700,05/11/19 08:45,"709 Highland St, Dallas, TX 75001"
198791,iPhone,1,700,05/26/19 17:58,"27 Meadow St, New York City, NY 10001"
198792,iPhone,1,700,05/19/19 08:58,"622 Pine St, Seattle, WA 98101"
198793,20in Monitor,1,109.99,05/07/19 08:58,"672 West St, San Francisco, CA 94016"
198794,AAA Batteries (4-pack),1,2.99,05/03/19 14:46,"337 River St, San Francisco, CA 94016"
198795,Google Phone,1,600,05/08/19 12:58,"547 River St, Dallas, TX 75001"
198795,AAA Batteries (4-pack),1,2.99,05/08/19 12:58,"547 River St, Dallas, TX 75001"
198796,USB-C Charging Cable,1,11.95,05/04/19 00:03,"224 Madison St, Portland, OR 97035"
198797,Bose SoundSport Headphones,1,99.99,05/11/19 20:05,"599 11th St, Atlanta, GA 30301"
198798,Lightning Charging Cable,1,14.95,05/25/19 13:23,"532 Jefferson St, Atlanta, GA 30301"
198799,AA Batteries (4-pack),1,3.84,05/11/19 20:48,"425 Hill St, Austin, TX 73301"
198800,Macbook Pro Laptop,1,1700,05/01/19 06:39,"659 Jefferson St, Seattle, WA 98101"
198801,Lightning Charging Cable,1,14.95,05/22/19 14:13,"727 Lake St, Dallas, TX 75001"
198802,Apple Airpods Headphones,1,150,05/16/19 10:17,"769 2nd St, Los Angeles, CA 90001"
198803,AAA Batteries (4-pack),1,2.99,05/10/19 09:12,"884 Lincoln St, San Francisco, CA 94016"
198804,Lightning Charging Cable,1,14.95,05/07/19 12:52,"63 Walnut St, New York City, NY 10001"
198805,Vareebadd Phone,1,400,05/08/19 04:45,"811 9th St, Seattle, WA 98101"
198806,Lightning Charging Cable,1,14.95,05/18/19 12:10,"234 Ridge St, San Francisco, CA 94016"
198807,Google Phone,1,600,05/30/19 11:33,"656 Hill St, Los Angeles, CA 90001"
198808,USB-C Charging Cable,1,11.95,05/06/19 12:43,"655 Forest St, New York City, NY 10001"
198809,ThinkPad Laptop,1,999.99,05/10/19 16:48,"259 Spruce St, San Francisco, CA 94016"
198810,Apple Airpods Headphones,1,150,05/04/19 08:32,"915 11th St, New York City, NY 10001"
198811,Apple Airpods Headphones,1,150,05/28/19 09:05,"357 Cedar St, Los Angeles, CA 90001"
198811,27in 4K Gaming Monitor,1,389.99,05/28/19 09:05,"357 Cedar St, Los Angeles, CA 90001"
198812,Lightning Charging Cable,1,14.95,05/24/19 12:47,"72 North St, Boston, MA 02215"
198813,USB-C Charging Cable,1,11.95,05/23/19 16:23,"697 Jackson St, San Francisco, CA 94016"
198814,Lightning Charging Cable,1,14.95,05/22/19 15:37,"458 Ridge St, San Francisco, CA 94016"
198815,Wired Headphones,1,11.99,05/12/19 09:08,"695 Elm St, New York City, NY 10001"
198816,AA Batteries (4-pack),1,3.84,05/29/19 13:28,"538 Adams St, Boston, MA 02215"
198817,AAA Batteries (4-pack),1,2.99,05/05/19 19:19,"575 Chestnut St, San Francisco, CA 94016"
198818,USB-C Charging Cable,1,11.95,05/14/19 22:06,"499 5th St, Austin, TX 73301"
198819,Macbook Pro Laptop,1,1700,05/18/19 18:53,"805 Cedar St, Atlanta, GA 30301"
198820,Wired Headphones,1,11.99,05/09/19 10:38,"277 Ridge St, San Francisco, CA 94016"
198821,AAA Batteries (4-pack),2,2.99,05/19/19 22:19,"597 Center St, Boston, MA 02215"
198822,Lightning Charging Cable,1,14.95,05/25/19 07:40,"869 Adams St, Atlanta, GA 30301"
198823,AA Batteries (4-pack),1,3.84,05/01/19 18:35,"375 Cherry St, Boston, MA 02215"
198824,ThinkPad Laptop,1,999.99,05/13/19 17:48,"993 4th St, New York City, NY 10001"
198825,20in Monitor,1,109.99,05/19/19 06:29,"581 Adams St, Dallas, TX 75001"
198826,AAA Batteries (4-pack),1,2.99,05/14/19 18:56,"678 13th St, Austin, TX 73301"
198827,AA Batteries (4-pack),1,3.84,05/25/19 17:22,"825 Madison St, San Francisco, CA 94016"
198828,27in FHD Monitor,1,149.99,05/02/19 18:52,"673 Church St, San Francisco, CA 94016"
198829,USB-C Charging Cable,1,11.95,05/20/19 21:36,"68 Lincoln St, Dallas, TX 75001"
198830,Apple Airpods Headphones,1,150,05/13/19 18:50,"816 Willow St, Boston, MA 02215"
198831,Lightning Charging Cable,1,14.95,05/31/19 17:41,"911 Pine St, New York City, NY 10001"
198832,Bose SoundSport Headphones,1,99.99,05/15/19 10:08,"443 Pine St, San Francisco, CA 94016"
198833,27in 4K Gaming Monitor,1,389.99,05/13/19 20:45,"879 6th St, New York City, NY 10001"
198834,ThinkPad Laptop,1,999.99,05/11/19 09:35,"926 Elm St, San Francisco, CA 94016"
198835,Wired Headphones,1,11.99,05/25/19 14:12,"861 Pine St, San Francisco, CA 94016"
198836,AAA Batteries (4-pack),1,2.99,05/15/19 16:23,"746 Lake St, New York City, NY 10001"
198837,27in FHD Monitor,1,149.99,05/02/19 20:45,"143 12th St, New York City, NY 10001"
198838,20in Monitor,1,109.99,05/25/19 17:25,"212 North St, Portland, OR 97035"
198839,AAA Batteries (4-pack),2,2.99,05/06/19 17:48,"303 6th St, Boston, MA 02215"
198840,AA Batteries (4-pack),1,3.84,05/07/19 15:35,"865 South St, Portland, OR 97035"
198841,Wired Headphones,1,11.99,05/16/19 20:36,"431 Wilson St, Seattle, WA 98101"
198842,Lightning Charging Cable,1,14.95,05/19/19 21:35,"275 Jackson St, Boston, MA 02215"
198843,USB-C Charging Cable,1,11.95,05/20/19 13:08,"726 6th St, Portland, OR 97035"
198844,Wired Headphones,1,11.99,05/17/19 10:04,"403 River St, San Francisco, CA 94016"
198845,AA Batteries (4-pack),1,3.84,05/02/19 16:09,"390 Chestnut St, Los Angeles, CA 90001"
198846,USB-C Charging Cable,1,11.95,05/09/19 13:01,"452 14th St, Seattle, WA 98101"
198847,Apple Airpods Headphones,1,150,05/04/19 00:54,"1 North St, Boston, MA 02215"
198847,Wired Headphones,1,11.99,05/04/19 00:54,"1 North St, Boston, MA 02215"
198848,AAA Batteries (4-pack),1,2.99,05/16/19 07:32,"398 13th St, San Francisco, CA 94016"
198849,AA Batteries (4-pack),2,3.84,05/08/19 23:04,"852 Main St, Seattle, WA 98101"
198850,Lightning Charging Cable,1,14.95,05/16/19 21:36,"422 West St, New York City, NY 10001"
198851,AA Batteries (4-pack),2,3.84,05/10/19 21:09,"965 4th St, Atlanta, GA 30301"
198852,AA Batteries (4-pack),1,3.84,05/28/19 12:50,"621 River St, Portland, OR 97035"
198853,Lightning Charging Cable,1,14.95,05/14/19 20:06,"448 Hill St, Atlanta, GA 30301"
198854,Wired Headphones,1,11.99,05/10/19 07:38,"976 Cherry St, Portland, OR 97035"
198855,Lightning Charging Cable,1,14.95,05/05/19 20:44,"946 12th St, Dallas, TX 75001"
198856,Apple Airpods Headphones,1,150,05/20/19 09:07,"874 13th St, Portland, ME 04101"
198857,Bose SoundSport Headphones,1,99.99,05/03/19 21:05,"223 Elm St, Los Angeles, CA 90001"
198858,USB-C Charging Cable,1,11.95,05/27/19 19:40,"834 Adams St, Atlanta, GA 30301"
198859,34in Ultrawide Monitor,1,379.99,05/27/19 12:45,"267 6th St, San Francisco, CA 94016"
198860,AA Batteries (4-pack),1,3.84,05/22/19 02:26,"70 Adams St, San Francisco, CA 94016"
198861,AA Batteries (4-pack),1,3.84,05/14/19 12:38,"367 Park St, Los Angeles, CA 90001"
198862,20in Monitor,1,109.99,05/12/19 22:50,"508 13th St, Boston, MA 02215"
198863,Bose SoundSport Headphones,1,99.99,05/14/19 23:37,"743 Adams St, Atlanta, GA 30301"
198864,Bose SoundSport Headphones,1,99.99,05/24/19 05:47,"494 Cedar St, Boston, MA 02215"
198865,Wired Headphones,1,11.99,05/25/19 17:47,"844 4th St, Boston, MA 02215"
198866,USB-C Charging Cable,1,11.95,05/04/19 22:17,"145 Main St, Austin, TX 73301"
198867,USB-C Charging Cable,2,11.95,05/15/19 10:09,"874 13th St, New York City, NY 10001"
198868,Bose SoundSport Headphones,1,99.99,05/29/19 03:58,"558 4th St, Boston, MA 02215"
198869,Apple Airpods Headphones,1,150,05/08/19 15:29,"627 Washington St, Austin, TX 73301"
198870,AAA Batteries (4-pack),2,2.99,05/02/19 22:51,"771 West St, Portland, OR 97035"
198871,ThinkPad Laptop,1,999.99,05/01/19 16:19,"510 12th St, Portland, OR 97035"
198872,AAA Batteries (4-pack),1,2.99,05/08/19 12:40,"998 Hickory St, San Francisco, CA 94016"
198873,Lightning Charging Cable,1,14.95,05/09/19 03:01,"459 5th St, Portland, OR 97035"
198874,AAA Batteries (4-pack),1,2.99,05/03/19 12:28,"306 West St, Portland, OR 97035"
198875,Wired Headphones,1,11.99,05/31/19 22:30,"638 2nd St, Boston, MA 02215"
198876,AA Batteries (4-pack),1,3.84,05/25/19 13:42,"546 Ridge St, San Francisco, CA 94016"
198877,Lightning Charging Cable,1,14.95,05/10/19 15:08,"83 Meadow St, Dallas, TX 75001"
198878,USB-C Charging Cable,1,11.95,05/11/19 16:56,"239 Lakeview St, New York City, NY 10001"
198879,Wired Headphones,2,11.99,05/24/19 12:42,"12 Pine St, Portland, OR 97035"
198880,Wired Headphones,1,11.99,05/06/19 19:02,"146 7th St, Los Angeles, CA 90001"
198881,AAA Batteries (4-pack),1,2.99,05/16/19 11:56,"981 Forest St, Los Angeles, CA 90001"
198882,Macbook Pro Laptop,1,1700,05/28/19 12:57,"787 Park St, Los Angeles, CA 90001"
198883,AAA Batteries (4-pack),1,2.99,05/18/19 09:01,"963 West St, Seattle, WA 98101"
198884,Google Phone,1,600,05/31/19 20:04,"919 Cedar St, Boston, MA 02215"
198885,ThinkPad Laptop,1,999.99,05/18/19 16:13,"671 12th St, San Francisco, CA 94016"
198886,ThinkPad Laptop,1,999.99,05/18/19 14:10,"226 Meadow St, Atlanta, GA 30301"
198887,AA Batteries (4-pack),1,3.84,05/30/19 10:51,"722 Dogwood St, Boston, MA 02215"
198888,Google Phone,1,600,05/30/19 14:44,"427 Adams St, New York City, NY 10001"
198889,AAA Batteries (4-pack),2,2.99,05/10/19 19:35,"573 Wilson St, Austin, TX 73301"
198890,AAA Batteries (4-pack),1,2.99,05/26/19 13:47,"509 Elm St, Portland, OR 97035"
198891,Lightning Charging Cable,1,14.95,05/13/19 11:43,"356 Lakeview St, Los Angeles, CA 90001"
198892,Apple Airpods Headphones,1,150,05/12/19 14:06,"662 Washington St, San Francisco, CA 94016"
198893,Google Phone,1,600,05/02/19 21:44,"945 Chestnut St, Boston, MA 02215"
198894,ThinkPad Laptop,1,999.99,05/30/19 19:29,"971 5th St, New York City, NY 10001"
198895,Lightning Charging Cable,1,14.95,05/02/19 01:13,"343 14th St, Dallas, TX 75001"
198896,Wired Headphones,1,11.99,05/04/19 00:46,"615 Meadow St, San Francisco, CA 94016"
198897,USB-C Charging Cable,3,11.95,05/31/19 15:39,"401 Chestnut St, Dallas, TX 75001"
198898,Apple Airpods Headphones,1,150,05/16/19 18:24,"796 Cedar St, San Francisco, CA 94016"
198899,Apple Airpods Headphones,1,150,05/13/19 13:28,"654 Lincoln St, Los Angeles, CA 90001"
198900,AA Batteries (4-pack),2,3.84,05/15/19 21:07,"441 South St, Los Angeles, CA 90001"
198901,Bose SoundSport Headphones,1,99.99,05/14/19 14:06,"179 Adams St, Austin, TX 73301"
198902,ThinkPad Laptop,1,999.99,05/03/19 17:26,"721 Chestnut St, Los Angeles, CA 90001"
198903,AA Batteries (4-pack),2,3.84,05/11/19 20:42,"536 Ridge St, Boston, MA 02215"
198904,USB-C Charging Cable,1,11.95,05/27/19 22:33,"266 Church St, Portland, OR 97035"
198905,Lightning Charging Cable,1,14.95,05/21/19 20:46,"953 5th St, San Francisco, CA 94016"
198906,AAA Batteries (4-pack),1,2.99,05/02/19 13:29,"796 2nd St, New York City, NY 10001"
198907,AA Batteries (4-pack),1,3.84,05/09/19 20:11,"894 South St, San Francisco, CA 94016"
198908,AAA Batteries (4-pack),2,2.99,05/30/19 10:41,"202 South St, San Francisco, CA 94016"
198909,Lightning Charging Cable,1,14.95,05/14/19 19:18,"949 Cedar St, San Francisco, CA 94016"
198910,Wired Headphones,1,11.99,05/19/19 08:47,"375 5th St, New York City, NY 10001"
198911,Apple Airpods Headphones,1,150,05/07/19 09:41,"508 Chestnut St, Dallas, TX 75001"
198912,Apple Airpods Headphones,1,150,05/08/19 09:02,"85 Jackson St, Dallas, TX 75001"
Order ID,Product,Quantity Ordered,Price Each,Order Date,Purchase Address
198913,Google Phone,1,600,05/24/19 10:41,"286 10th St, Seattle, WA 98101"
198914,AA Batteries (4-pack),1,3.84,05/15/19 14:56,"815 Wilson St, Seattle, WA 98101"
198915,USB-C Charging Cable,1,11.95,05/09/19 15:39,"207 Willow St, Los Angeles, CA 90001"
198916,USB-C Charging Cable,1,11.95,05/09/19 20:39,"203 1st St, Dallas, TX 75001"
198917,ThinkPad Laptop,1,999.99,05/03/19 15:39,"404 12th St, San Francisco, CA 94016"
198918,AA Batteries (4-pack),1,3.84,05/22/19 11:25,"499 Center St, Los Angeles, CA 90001"
198919,Flatscreen TV,1,300,05/18/19 09:12,"84 Hill St, Boston, MA 02215"
198920,Bose SoundSport Headphones,1,99.99,05/22/19 20:48,"378 South St, Dallas, TX 75001"
198921,Bose SoundSport Headphones,1,99.99,05/31/19 13:03,"888 Chestnut St, Dallas, TX 75001"
198922,Wired Headphones,1,11.99,05/13/19 07:00,"411 Elm St, Austin, TX 73301"
198923,AA Batteries (4-pack),1,3.84,05/07/19 19:17,"695 6th St, Seattle, WA 98101"
198924,USB-C Charging Cable,1,11.95,05/13/19 21:17,"946 6th St, New York City, NY 10001"
198925,27in FHD Monitor,1,149.99,05/10/19 17:17,"135 Lakeview St, New York City, NY 10001"
198926,USB-C Charging Cable,2,11.95,05/06/19 00:20,"827 Pine St, San Francisco, CA 94016"
198927,AA Batteries (4-pack),1,3.84,05/25/19 16:19,"521 Cedar St, San Francisco, CA 94016"
198928,34in Ultrawide Monitor,1,379.99,05/08/19 22:46,"31 Pine St, Boston, MA 02215"
198929,AAA Batteries (4-pack),5,2.99,05/22/19 00:41,"934 Forest St, Seattle, WA 98101"
198930,AAA Batteries (4-pack),2,2.99,05/17/19 18:40,"236 7th St, San Francisco, CA 94016"
198931,AA Batteries (4-pack),1,3.84,05/24/19 05:45,"462 7th St, Portland, OR 97035"
198932,USB-C Charging Cable,1,11.95,05/08/19 20:48,"528 North St, San Francisco, CA 94016"
198933,Lightning Charging Cable,1,14.95,05/25/19 20:09,"822 Forest St, San Francisco, CA 94016"
198934,27in 4K Gaming Monitor,1,389.99,05/20/19 14:17,"592 10th St, San Francisco, CA 94016"
198935,Lightning Charging Cable,2,14.95,05/02/19 19:20,"528 Johnson St, Los Angeles, CA 90001"
198936,Lightning Charging Cable,1,14.95,05/03/19 05:50,"919 Meadow St, Atlanta, GA 30301"
198937,27in 4K Gaming Monitor,1,389.99,05/05/19 19:42,"820 Jackson St, Los Angeles, CA 90001"
198938,Wired Headphones,1,11.99,05/04/19 08:34,"768 Wilson St, Atlanta, GA 30301"
198939,27in 4K Gaming Monitor,1,389.99,05/18/19 12:41,"365 Jackson St, San Francisco, CA 94016"
198940,USB-C Charging Cable,1,11.95,05/27/19 15:50,"92 6th St, Dallas, TX 75001"
198941,AA Batteries (4-pack),1,3.84,05/07/19 21:56,"291 Hill St, Los Angeles, CA 90001"
198942,Bose SoundSport Headphones,1,99.99,05/17/19 21:03,"232 12th St, Austin, TX 73301"
198943,Bose SoundSport Headphones,1,99.99,05/16/19 10:50,"118 Madison St, San Francisco, CA 94016"
198944,USB-C Charging Cable,1,11.95,05/05/19 01:36,"430 Park St, San Francisco, CA 94016"
198945,27in FHD Monitor,1,149.99,05/20/19 13:59,"162 2nd St, New York City, NY 10001"
198946,27in 4K Gaming Monitor,1,389.99,05/31/19 16:54,"421 Elm St, Boston, MA 02215"
198947,27in 4K Gaming Monitor,1,389.99,05/10/19 14:22,"509 River St, San Francisco, CA 94016"
198948,Apple Airpods Headphones,2,150,05/18/19 00:22,"862 Cherry St, San Francisco, CA 94016"
198949,Lightning Charging Cable,1,14.95,05/28/19 15:54,"138 North St, New York City, NY 10001"
198950,USB-C Charging Cable,1,11.95,05/25/19 13:01,"548 Church St, Seattle, WA 98101"
198951,AA Batteries (4-pack),2,3.84,05/18/19 11:56,"377 Elm St, New York City, NY 10001"
198952,Wired Headphones,1,11.99,05/18/19 13:37,"951 Willow St, Atlanta, GA 30301"
198953,Lightning Charging Cable,1,14.95,05/29/19 18:53,"476 Wilson St, Atlanta, GA 30301"
198954,AA Batteries (4-pack),1,3.84,05/30/19 10:23,"72 5th St, San Francisco, CA 94016"
198955,Lightning Charging Cable,1,14.95,05/08/19 01:42,"437 5th St, Boston, MA 02215"
198956,AA Batteries (4-pack),3,3.84,05/15/19 06:39,"561 Madison St, New York City, NY 10001"
198957,AA Batteries (4-pack),1,3.84,05/22/19 12:41,"895 Madison St, San Francisco, CA 94016"
198958,Lightning Charging Cable,1,14.95,05/12/19 02:14,"556 Lincoln St, New York City, NY 10001"
198959,AAA Batteries (4-pack),2,2.99,05/06/19 16:14,"69 Jefferson St, San Francisco, CA 94016"
198960,Bose SoundSport Headphones,1,99.99,05/06/19 10:57,"597 Jackson St, Los Angeles, CA 90001"
198961,Vareebadd Phone,1,400,05/14/19 13:56,"301 Cherry St, Atlanta, GA 30301"
198962,Apple Airpods Headphones,1,150,05/29/19 13:58,"670 14th St, Seattle, WA 98101"
198963,USB-C Charging Cable,1,11.95,05/30/19 14:39,"293 Highland St, San Francisco, CA 94016"
198964,AAA Batteries (4-pack),2,2.99,05/30/19 15:56,"238 14th St, Austin, TX 73301"
198965,Lightning Charging Cable,1,14.95,05/15/19 19:13,"147 Center St, Los Angeles, CA 90001"
198966,AA Batteries (4-pack),2,3.84,05/26/19 11:25,"489 Willow St, Boston, MA 02215"
198967,Bose SoundSport Headphones,1,99.99,05/07/19 10:04,"82 West St, Portland, OR 97035"
198968,Lightning Charging Cable,1,14.95,05/25/19 18:34,"578 Adams St, Los Angeles, CA 90001"
198969,AA Batteries (4-pack),2,3.84,05/20/19 13:23,"202 14th St, San Francisco, CA 94016"
198970,USB-C Charging Cable,1,11.95,05/27/19 13:50,"763 Cherry St, Los Angeles, CA 90001"
198971,27in FHD Monitor,1,149.99,05/01/19 22:20,"244 9th St, Los Angeles, CA 90001"
198972,AAA Batteries (4-pack),1,2.99,05/19/19 19:44,"519 Lakeview St, San Francisco, CA 94016"
198973,Bose SoundSport Headphones,1,99.99,05/14/19 17:31,"379 Hickory St, San Francisco, CA 94016"
198974,27in FHD Monitor,1,149.99,05/13/19 08:34,"868 Park St, Dallas, TX 75001"
198975,Apple Airpods Headphones,1,150,05/05/19 18:09,"876 Lakeview St, Los Angeles, CA 90001"
198976,27in FHD Monitor,1,149.99,05/26/19 19:31,"692 9th St, Seattle, WA 98101"
198977,27in FHD Monitor,1,149.99,05/22/19 16:15,"38 13th St, Dallas, TX 75001"
198978,AA Batteries (4-pack),1,3.84,05/02/19 11:06,"602 South St, San Francisco, CA 94016"
198979,AA Batteries (4-pack),1,3.84,05/25/19 21:54,"376 8th St, Dallas, TX 75001"
198980,Apple Airpods Headphones,1,150,05/25/19 16:47,"532 7th St, Seattle, WA 98101"
198981,Wired Headphones,1,11.99,05/15/19 10:51,"102 Hickory St, San Francisco, CA 94016"
198982,iPhone,1,700,05/26/19 19:19,"761 Willow St, Austin, TX 73301"
198982,Lightning Charging Cable,1,14.95,05/26/19 19:19,"761 Willow St, Austin, TX 73301"
198983,AA Batteries (4-pack),1,3.84,05/09/19 10:53,"192 Meadow St, San Francisco, CA 94016"
198984,AAA Batteries (4-pack),1,2.99,05/01/19 07:32,"596 Elm St, San Francisco, CA 94016"
198985,USB-C Charging Cable,1,11.95,05/15/19 12:03,"162 Chestnut St, Seattle, WA 98101"
198986,USB-C Charging Cable,1,11.95,05/13/19 10:15,"320 Washington St, Dallas, TX 75001"
,,,,,
198987,Wired Headphones,1,11.99,05/25/19 15:25,"601 Sunset St, Boston, MA 02215"
198988,USB-C Charging Cable,1,11.95,05/15/19 17:45,"148 Lincoln St, Atlanta, GA 30301"
198989,USB-C Charging Cable,1,11.95,05/01/19 16:55,"54 Center St, New York City, NY 10001"
198990,Lightning Charging Cable,1,14.95,05/13/19 07:04,"596 Ridge St, New York City, NY 10001"
198991,Bose SoundSport Headphones,1,99.99,05/12/19 13:09,"31 Lake St, Dallas, TX 75001"
198992,Bose SoundSport Headphones,1,99.99,05/27/19 12:07,"430 8th St, Seattle, WA 98101"
198993,Bose SoundSport Headphones,1,99.99,05/09/19 19:36,"368 Cedar St, Los Angeles, CA 90001"
198994,USB-C Charging Cable,1,11.95,05/30/19 11:21,"912 Spruce St, Los Angeles, CA 90001"
198995,AA Batteries (4-pack),1,3.84,05/23/19 00:29,"895 Dogwood St, Boston, MA 02215"
198996,iPhone,1,700,05/30/19 13:49,"283 Lakeview St, San Francisco, CA 94016"
198996,Wired Headphones,1,11.99,05/30/19 13:49,"283 Lakeview St, San Francisco, CA 94016"
198997,Wired Headphones,1,11.99,05/09/19 19:15,"466 6th St, Boston, MA 02215"
198998,USB-C Charging Cable,1,11.95,05/09/19 17:43,"541 Dogwood St, San Francisco, CA 94016"
198999,Macbook Pro Laptop,1,1700,05/16/19 06:11,"273 5th St, Los Angeles, CA 90001"
199000,AA Batteries (4-pack),1,3.84,05/31/19 14:55,"882 Lake St, San Francisco, CA 94016"
199001,Lightning Charging Cable,1,14.95,05/31/19 13:27,"330 2nd St, Boston, MA 02215"
199002,Lightning Charging Cable,1,14.95,05/29/19 11:03,"105 Jefferson St, New York City, NY 10001"
199003,Lightning Charging Cable,1,14.95,05/16/19 18:34,"208 West St, San Francisco, CA 94016"
199004,USB-C Charging Cable,1,11.95,05/29/19 01:21,"503 6th St, Atlanta, GA 30301"
199005,Apple Airpods Headphones,1,150,05/19/19 10:58,"685 1st St, New York City, NY 10001"
199006,Macbook Pro Laptop,1,1700,05/04/19 20:59,"465 11th St, Seattle, WA 98101"
199007,LG Washing Machine,1,600.0,05/02/19 20:47,"967 Walnut St, San Francisco, CA 94016"
Order ID,Product,Quantity Ordered,Price Each,Order Date,Purchase Address
199008,USB-C Charging Cable,2,11.95,05/07/19 19:01,"870 1st St, Los Angeles, CA 90001"
199009,USB-C Charging Cable,1,11.95,05/28/19 10:31,"938 10th St, Los Angeles, CA 90001"
199010,USB-C Charging Cable,1,11.95,05/10/19 08:18,"668 10th St, Los Angeles, CA 90001"
199011,USB-C Charging Cable,1,11.95,05/19/19 12:26,"89 Pine St, Seattle, WA 98101"
199012,Macbook Pro Laptop,1,1700,05/05/19 00:51,"422 2nd St, Los Angeles, CA 90001"
199013,USB-C Charging Cable,1,11.95,05/29/19 11:31,"691 Center St, Los Angeles, CA 90001"
199014,27in FHD Monitor,1,149.99,05/14/19 11:45,"823 Pine St, Los Angeles, CA 90001"
199015,27in 4K Gaming Monitor,1,389.99,05/24/19 10:43,"182 Johnson St, San Francisco, CA 94016"
199016,Apple Airpods Headphones,1,150,05/02/19 13:33,"579 Washington St, New York City, NY 10001"
199017,AAA Batteries (4-pack),1,2.99,05/15/19 19:04,"323 North St, New York City, NY 10001"
199017,Apple Airpods Headphones,1,150,05/15/19 19:04,"323 North St, New York City, NY 10001"
199018,iPhone,1,700,05/11/19 13:15,"363 Jefferson St, Los Angeles, CA 90001"
199018,Wired Headphones,1,11.99,05/11/19 13:15,"363 Jefferson St, Los Angeles, CA 90001"
199019,AA Batteries (4-pack),1,3.84,05/18/19 10:52,"431 Sunset St, San Francisco, CA 94016"
199020,AAA Batteries (4-pack),4,2.99,05/13/19 13:58,"689 Chestnut St, Austin, TX 73301"
199021,Bose SoundSport Headphones,1,99.99,05/24/19 02:33,"713 Washington St, New York City, NY 10001"
199022,ThinkPad Laptop,1,999.99,05/06/19 23:37,"251 Cherry St, San Francisco, CA 94016"
199023,20in Monitor,1,109.99,05/22/19 19:12,"204 West St, Los Angeles, CA 90001"
199024,27in 4K Gaming Monitor,1,389.99,05/22/19 11:24,"143 Willow St, Dallas, TX 75001"
199025,Apple Airpods Headphones,1,150,05/13/19 10:59,"606 11th St, Los Angeles, CA 90001"
199026,20in Monitor,1,109.99,05/22/19 17:29,"418 7th St, San Francisco, CA 94016"
199027,Vareebadd Phone,1,400,05/18/19 12:46,"140 Jefferson St, San Francisco, CA 94016"
199028,Google Phone,1,600,05/18/19 18:43,"386 Park St, Atlanta, GA 30301"
199029,34in Ultrawide Monitor,1,379.99,05/15/19 15:38,"793 Hickory St, Portland, OR 97035"
199030,AAA Batteries (4-pack),1,2.99,05/02/19 20:46,"276 12th St, Los Angeles, CA 90001"
199031,34in Ultrawide Monitor,1,379.99,05/05/19 11:55,"71 Madison St, Boston, MA 02215"
199032,Wired Headphones,1,11.99,05/23/19 14:02,"880 Madison St, San Francisco, CA 94016"
199033,27in FHD Monitor,1,149.99,05/25/19 10:24,"772 Sunset St, San Francisco, CA 94016"
199034,Bose SoundSport Headphones,1,99.99,05/25/19 19:30,"702 Jackson St, San Francisco, CA 94016"
199035,Lightning Charging Cable,1,14.95,05/08/19 23:14,"300 Lakeview St, Atlanta, GA 30301"
199036,27in FHD Monitor,1,149.99,05/04/19 18:22,"925 Elm St, New York City, NY 10001"
199037,Flatscreen TV,1,300,05/03/19 14:24,"292 North St, Boston, MA 02215"
199038,Google Phone,1,600,05/31/19 16:50,"238 1st St, Seattle, WA 98101"
199039,AA Batteries (4-pack),1,3.84,05/17/19 17:25,"728 Cherry St, Atlanta, GA 30301"
199040,Bose SoundSport Headphones,1,99.99,05/11/19 19:45,"267 Washington St, Los Angeles, CA 90001"
199041,AA Batteries (4-pack),1,3.84,05/30/19 11:06,"519 Pine St, Boston, MA 02215"
199042,iPhone,1,700,05/12/19 09:40,"130 Chestnut St, New York City, NY 10001"
199043,Wired Headphones,1,11.99,05/01/19 20:48,"904 West St, Austin, TX 73301"
199044,Lightning Charging Cable,1,14.95,05/11/19 17:49,"666 13th St, Boston, MA 02215"
199045,Apple Airpods Headphones,1,150,05/02/19 17:28,"581 2nd St, San Francisco, CA 94016"
199046,AA Batteries (4-pack),1,3.84,05/29/19 15:59,"189 6th St, San Francisco, CA 94016"
199047,34in Ultrawide Monitor,1,379.99,05/26/19 17:35,"182 Center St, New York City, NY 10001"
199048,Lightning Charging Cable,1,14.95,05/23/19 16:55,"175 Maple St, San Francisco, CA 94016"
199049,Wired Headphones,1,11.99,05/02/19 23:00,"853 7th St, Seattle, WA 98101"
199050,34in Ultrawide Monitor,1,379.99,05/06/19 19:55,"176 Lincoln St, Boston, MA 02215"
199051,20in Monitor,1,109.99,05/06/19 12:04,"435 Willow St, Seattle, WA 98101"
199052,AAA Batteries (4-pack),1,2.99,05/11/19 06:36,"703 Maple St, Portland, OR 97035"
199053,Apple Airpods Headphones,1,150,05/11/19 15:15,"905 1st St, San Francisco, CA 94016"
199054,AAA Batteries (4-pack),1,2.99,05/27/19 11:43,"308 1st St, San Francisco, CA 94016"
199055,Wired Headphones,1,11.99,05/04/19 15:04,"684 11th St, Dallas, TX 75001"
199056,27in FHD Monitor,1,149.99,05/10/19 14:23,"139 Main St, Atlanta, GA 30301"
199057,27in 4K Gaming Monitor,1,389.99,05/31/19 20:09,"240 Jackson St, Portland, ME 04101"
199058,Wired Headphones,1,11.99,05/23/19 15:36,"899 Ridge St, Los Angeles, CA 90001"
199059,iPhone,1,700,05/29/19 12:53,"496 Elm St, Atlanta, GA 30301"
199060,Bose SoundSport Headphones,1,99.99,05/28/19 11:37,"75 Washington St, Boston, MA 02215"
199061,Bose SoundSport Headphones,1,99.99,05/26/19 19:28,"744 Park St, Boston, MA 02215"
199062,27in 4K Gaming Monitor,1,389.99,05/10/19 17:58,"413 Walnut St, New York City, NY 10001"
199063,USB-C Charging Cable,1,11.95,05/18/19 18:54,"316 Wilson St, Los Angeles, CA 90001"
199064,Google Phone,1,600,05/12/19 14:08,"984 Cherry St, Los Angeles, CA 90001"
199064,USB-C Charging Cable,1,11.95,05/12/19 14:08,"984 Cherry St, Los Angeles, CA 90001"
199065,Apple Airpods Headphones,1,150,05/30/19 23:23,"824 9th St, San Francisco, CA 94016"
199066,27in FHD Monitor,1,149.99,05/14/19 21:44,"667 Center St, Los Angeles, CA 90001"
199067,AAA Batteries (4-pack),2,2.99,05/17/19 13:25,"483 Church St, Dallas, TX 75001"
199068,Wired Headphones,1,11.99,05/17/19 19:50,"165 Lakeview St, New York City, NY 10001"
199069,Bose SoundSport Headphones,1,99.99,05/28/19 09:51,"758 Maple St, Los Angeles, CA 90001"
199070,20in Monitor,1,109.99,05/04/19 19:19,"198 Lincoln St, Los Angeles, CA 90001"
199071,AA Batteries (4-pack),1,3.84,05/27/19 20:23,"604 Park St, Dallas, TX 75001"
199072,Bose SoundSport Headphones,1,99.99,05/22/19 14:40,"315 Lake St, Portland, ME 04101"
199073,Wired Headphones,1,11.99,05/04/19 11:09,"584 Center St, Los Angeles, CA 90001"
199074,AAA Batteries (4-pack),3,2.99,05/01/19 14:29,"62 Jefferson St, New York City, NY 10001"
199075,Apple Airpods Headphones,1,150,05/19/19 21:07,"240 Adams St, New York City, NY 10001"
199076,27in FHD Monitor,1,149.99,05/29/19 12:48,"599 Cedar St, Los Angeles, CA 90001"
199077,27in 4K Gaming Monitor,1,389.99,05/30/19 22:47,"257 Ridge St, New York City, NY 10001"
199078,27in 4K Gaming Monitor,1,389.99,05/23/19 11:01,"459 Cedar St, San Francisco, CA 94016"
199079,Bose SoundSport Headphones,1,99.99,05/21/19 01:44,"612 Jefferson St, Los Angeles, CA 90001"
199080,AA Batteries (4-pack),1,3.84,05/05/19 18:42,"87 Hickory St, San Francisco, CA 94016"
199081,Wired Headphones,1,11.99,05/29/19 12:04,"576 Meadow St, Portland, OR 97035"
199082,Apple Airpods Headphones,1,150,05/13/19 19:55,"751 Pine St, Dallas, TX 75001"
199083,Lightning Charging Cable,1,14.95,05/23/19 09:49,"754 14th St, New York City, NY 10001"
199084,USB-C Charging Cable,1,11.95,05/22/19 19:52,"786 Madison St, New York City, NY 10001"
199085,Wired Headphones,1,11.99,05/01/19 21:51,"936 Sunset St, Austin, TX 73301"
199086,Bose SoundSport Headphones,1,99.99,05/22/19 13:24,"184 13th St, San Francisco, CA 94016"
199087,AAA Batteries (4-pack),2,2.99,05/09/19 18:09,"429 9th St, Seattle, WA 98101"
199088,AAA Batteries (4-pack),2,2.99,05/29/19 22:06,"29 Lake St, San Francisco, CA 94016"
199089,Lightning Charging Cable,1,14.95,05/05/19 23:31,"593 Cedar St, Boston, MA 02215"
199090,Lightning Charging Cable,1,14.95,05/06/19 11:40,"591 Lakeview St, New York City, NY 10001"
199091,27in 4K Gaming Monitor,1,389.99,05/11/19 14:57,"910 Maple St, Los Angeles, CA 90001"
199092,Lightning Charging Cable,1,14.95,05/31/19 10:54,"104 Church St, Dallas, TX 75001"
199093,USB-C Charging Cable,1,11.95,05/29/19 12:08,"611 Cedar St, Los Angeles, CA 90001"
199094,iPhone,1,700,05/17/19 08:35,"213 Wilson St, Portland, OR 97035"
199095,ThinkPad Laptop,1,999.99,05/20/19 22:13,"122 Forest St, Atlanta, GA 30301"
199096,iPhone,1,700,05/23/19 16:07,"547 5th St, Austin, TX 73301"
199097,AAA Batteries (4-pack),1,2.99,05/04/19 04:57,"579 Sunset St, New York City, NY 10001"
199098,AA Batteries (4-pack),2,3.84,06/01/19 00:50,"924 1st St, Los Angeles, CA 90001"
199099,AA Batteries (4-pack),1,3.84,05/08/19 17:10,"149 11th St, Atlanta, GA 30301"
199100,USB-C Charging Cable,1,11.95,05/26/19 14:23,"804 Walnut St, Los Angeles, CA 90001"
199101,Lightning Charging Cable,1,14.95,05/13/19 17:32,"181 Hickory St, Austin, TX 73301"
199102,Lightning Charging Cable,1,14.95,05/20/19 08:52,"428 Madison St, San Francisco, CA 94016"
199103,Wired Headphones,1,11.99,05/06/19 10:38,"211 Willow St, Los Angeles, CA 90001"
199104,USB-C Charging Cable,1,11.95,05/26/19 10:24,"192 Maple St, Boston, MA 02215"
199105,27in FHD Monitor,1,149.99,05/28/19 08:45,"536 14th St, San Francisco, CA 94016"
199106,Flatscreen TV,1,300,05/10/19 12:36,"82 Lakeview St, Portland, OR 97035"
199107,USB-C Charging Cable,1,11.95,05/13/19 09:20,"252 Jackson St, San Francisco, CA 94016"
199108,Macbook Pro Laptop,1,1700,05/21/19 17:53,"373 South St, San Francisco, CA 94016"
199109,Wired Headphones,1,11.99,05/07/19 14:46,"586 Spruce St, San Francisco, CA 94016"
199110,Wired Headphones,1,11.99,05/28/19 12:26,"763 Willow St, New York City, NY 10001"
199111,Lightning Charging Cable,1,14.95,05/17/19 15:10,"642 North St, San Francisco, CA 94016"
199112,Apple Airpods Headphones,1,150,05/13/19 14:48,"716 Adams St, New York City, NY 10001"
199113,27in FHD Monitor,1,149.99,05/26/19 14:37,"769 Lakeview St, San Francisco, CA 94016"
199114,Apple Airpods Headphones,1,150,05/23/19 22:46,"3 Ridge St, Boston, MA 02215"
199115,AAA Batteries (4-pack),1,2.99,05/07/19 12:32,"506 Forest St, San Francisco, CA 94016"
199116,Lightning Charging Cable,2,14.95,05/29/19 17:46,"117 1st St, San Francisco, CA 94016"
199117,AAA Batteries (4-pack),1,2.99,05/02/19 15:58,"789 Spruce St, San Francisco, CA 94016"
199118,Wired Headphones,1,11.99,05/11/19 13:11,"324 5th St, Boston, MA 02215"
199119,USB-C Charging Cable,1,11.95,05/10/19 21:06,"716 Washington St, Boston, MA 02215"
199120,Flatscreen TV,1,300,05/30/19 22:37,"78 Spruce St, Los Angeles, CA 90001"
199121,Bose SoundSport Headphones,1,99.99,05/07/19 21:07,"606 Cherry St, Boston, MA 02215"
199122,USB-C Charging Cable,1,11.95,05/09/19 15:02,"549 Willow St, Portland, OR 97035"
199123,27in 4K Gaming Monitor,1,389.99,05/05/19 08:31,"917 Church St, Los Angeles, CA 90001"
199124,Apple Airpods Headphones,1,150,05/31/19 18:15,"686 12th St, San Francisco, CA 94016"
199125,Lightning Charging Cable,1,14.95,05/12/19 06:49,"191 9th St, Portland, ME 04101"
199126,27in FHD Monitor,1,149.99,05/02/19 00:20,"816 4th St, Atlanta, GA 30301"
199127,AA Batteries (4-pack),1,3.84,05/02/19 11:47,"853 Church St, Los Angeles, CA 90001"
199128,Lightning Charging Cable,1,14.95,05/01/19 23:13,"781 14th St, San Francisco, CA 94016"
199129,20in Monitor,1,109.99,05/13/19 14:58,"958 Cedar St, Los Angeles, CA 90001"
199130,34in Ultrawide Monitor,1,379.99,05/26/19 00:23,"538 12th St, San Francisco, CA 94016"
199131,Lightning Charging Cable,1,14.95,05/26/19 15:15,"859 Johnson St, Los Angeles, CA 90001"
199132,USB-C Charging Cable,1,11.95,05/13/19 18:01,"493 Washington St, San Francisco, CA 94016"
199133,AAA Batteries (4-pack),1,2.99,05/11/19 13:22,"136 North St, San Francisco, CA 94016"
199134,20in Monitor,1,109.99,05/24/19 08:34,"355 Madison St, Boston, MA 02215"
199135,Macbook Pro Laptop,1,1700,05/15/19 19:18,"564 Church St, Boston, MA 02215"
199136,Apple Airpods Headphones,1,150,05/29/19 02:06,"839 Park St, Los Angeles, CA 90001"
199137,AA Batteries (4-pack),1,3.84,05/05/19 10:18,"370 Cedar St, San Francisco, CA 94016"
199138,Google Phone,1,600,05/22/19 05:00,"265 Dogwood St, Dallas, TX 75001"
199139,Lightning Charging Cable,1,14.95,05/23/19 19:05,"390 Jefferson St, Portland, OR 97035"
199140,Bose SoundSport Headphones,1,99.99,05/04/19 18:37,"731 Lincoln St, Seattle, WA 98101"
199141,AA Batteries (4-pack),1,3.84,05/22/19 14:27,"743 Maple St, San Francisco, CA 94016"
199142,AA Batteries (4-pack),1,3.84,05/10/19 17:57,"939 Jackson St, Atlanta, GA 30301"
199143,AAA Batteries (4-pack),2,2.99,05/21/19 14:02,"798 Willow St, San Francisco, CA 94016"
199144,20in Monitor,1,109.99,05/25/19 18:28,"977 6th St, San Francisco, CA 94016"
199145,20in Monitor,1,109.99,05/29/19 18:11,"775 10th St, Boston, MA 02215"
199146,AA Batteries (4-pack),1,3.84,05/10/19 09:00,"255 4th St, San Francisco, CA 94016"
199147,AAA Batteries (4-pack),1,2.99,05/25/19 20:56,"621 10th St, San Francisco, CA 94016"
199148,Lightning Charging Cable,1,14.95,05/24/19 16:26,"824 Adams St, Los Angeles, CA 90001"
199149,Lightning Charging Cable,1,14.95,05/14/19 19:55,"548 Maple St, New York City, NY 10001"
199150,AAA Batteries (4-pack),2,2.99,05/08/19 19:12,"717 9th St, San Francisco, CA 94016"
199151,Bose SoundSport Headphones,1,99.99,05/23/19 19:03,"997 Lincoln St, San Francisco, CA 94016"
199152,27in FHD Monitor,1,149.99,05/10/19 19:56,"635 Adams St, New York City, NY 10001"
199153,Bose SoundSport Headphones,1,99.99,05/25/19 17:24,"487 Hickory St, Los Angeles, CA 90001"
199154,Wired Headphones,1,11.99,05/20/19 13:41,"960 Meadow St, San Francisco, CA 94016"
199155,USB-C Charging Cable,1,11.95,05/21/19 10:36,"166 Highland St, San Francisco, CA 94016"
199156,34in Ultrawide Monitor,1,379.99,05/13/19 21:58,"57 8th St, Atlanta, GA 30301"
199157,Bose SoundSport Headphones,1,99.99,05/15/19 00:33,"661 Center St, San Francisco, CA 94016"
199158,Lightning Charging Cable,1,14.95,05/13/19 12:31,"834 12th St, San Francisco, CA 94016"
199159,AA Batteries (4-pack),2,3.84,05/06/19 20:47,"972 Maple St, Atlanta, GA 30301"
199160,Bose SoundSport Headphones,1,99.99,05/04/19 22:44,"650 Sunset St, Seattle, WA 98101"
199161,AAA Batteries (4-pack),1,2.99,05/25/19 16:46,"813 Jefferson St, Portland, OR 97035"
199162,Google Phone,1,600,05/20/19 21:22,"132 Adams St, Seattle, WA 98101"
199163,Bose SoundSport Headphones,1,99.99,05/18/19 21:44,"48 Adams St, Los Angeles, CA 90001"
199164,Bose SoundSport Headphones,1,99.99,05/16/19 14:54,"146 Ridge St, San Francisco, CA 94016"
199165,AA Batteries (4-pack),1,3.84,05/22/19 06:36,"116 Meadow St, New York City, NY 10001"
199166,Apple Airpods Headphones,1,150,05/10/19 22:54,"86 Chestnut St, Los Angeles, CA 90001"
199167,ThinkPad Laptop,1,999.99,05/29/19 20:44,"648 Adams St, San Francisco, CA 94016"
199168,Bose SoundSport Headphones,1,99.99,05/16/19 17:41,"196 Jefferson St, San Francisco, CA 94016"
199169,34in Ultrawide Monitor,1,379.99,05/03/19 09:06,"596 Johnson St, Portland, OR 97035"
199170,Bose SoundSport Headphones,1,99.99,05/14/19 15:03,"374 1st St, Austin, TX 73301"
199171,Apple Airpods Headphones,1,150,05/02/19 15:36,"984 Washington St, Seattle, WA 98101"
199172,Wired Headphones,1,11.99,05/08/19 12:18,"318 Hill St, Los Angeles, CA 90001"
199173,AA Batteries (4-pack),1,3.84,05/23/19 16:03,"57 Johnson St, New York City, NY 10001"
199174,iPhone,1,700,05/22/19 10:29,"997 Willow St, San Francisco, CA 94016"
199175,20in Monitor,1,109.99,05/28/19 22:25,"900 Pine St, Los Angeles, CA 90001"
199176,27in 4K Gaming Monitor,1,389.99,05/01/19 20:31,"634 7th St, Boston, MA 02215"
199177,Lightning Charging Cable,1,14.95,05/18/19 10:31,"137 8th St, New York City, NY 10001"
199178,27in FHD Monitor,1,149.99,05/14/19 09:13,"456 Willow St, Los Angeles, CA 90001"
199179,Lightning Charging Cable,1,14.95,05/04/19 11:52,"452 North St, Portland, OR 97035"
199180,iPhone,1,700,05/08/19 01:14,"786 Elm St, New York City, NY 10001"
199181,AAA Batteries (4-pack),1,2.99,05/30/19 16:59,"739 Ridge St, Dallas, TX 75001"
199182,AAA Batteries (4-pack),1,2.99,05/22/19 20:17,"32 8th St, San Francisco, CA 94016"
199183,Lightning Charging Cable,1,14.95,05/05/19 13:50,"239 Church St, Atlanta, GA 30301"
199184,27in 4K Gaming Monitor,1,389.99,05/17/19 21:57,"914 7th St, Los Angeles, CA 90001"
199185,AA Batteries (4-pack),1,3.84,05/07/19 10:53,"713 River St, Los Angeles, CA 90001"
199186,AA Batteries (4-pack),1,3.84,05/13/19 17:40,"971 Johnson St, San Francisco, CA 94016"
199187,AAA Batteries (4-pack),1,2.99,05/12/19 17:09,"788 Cherry St, Dallas, TX 75001"
199188,USB-C Charging Cable,1,11.95,05/09/19 20:26,"262 River St, Los Angeles, CA 90001"
199189,Apple Airpods Headphones,1,150,05/22/19 22:01,"523 Willow St, San Francisco, CA 94016"
199190,Bose SoundSport Headphones,1,99.99,05/26/19 18:10,"505 12th St, San Francisco, CA 94016"
199191,AAA Batteries (4-pack),3,2.99,05/29/19 21:33,"377 12th St, Portland, OR 97035"
199192,Google Phone,2,600,05/27/19 18:22,"290 Highland St, San Francisco, CA 94016"
199193,Wired Headphones,1,11.99,05/29/19 22:59,"710 Cherry St, San Francisco, CA 94016"
199194,Flatscreen TV,1,300,05/06/19 07:24,"965 Hill St, Boston, MA 02215"
199195,Bose SoundSport Headphones,1,99.99,05/18/19 15:55,"279 Wilson St, Los Angeles, CA 90001"
199196,Google Phone,1,600,05/13/19 22:03,"577 South St, Seattle, WA 98101"
199197,AA Batteries (4-pack),1,3.84,05/20/19 20:16,"397 Elm St, Los Angeles, CA 90001"
199198,USB-C Charging Cable,1,11.95,05/25/19 21:28,"857 Dogwood St, San Francisco, CA 94016"
199199,34in Ultrawide Monitor,1,379.99,05/26/19 12:01,"190 2nd St, Boston, MA 02215"
199200,AAA Batteries (4-pack),3,2.99,05/05/19 11:13,"876 Pine St, San Francisco, CA 94016"
199201,AA Batteries (4-pack),1,3.84,05/08/19 11:44,"766 Lincoln St, New York City, NY 10001"
199202,Macbook Pro Laptop,1,1700,05/21/19 09:13,"466 Spruce St, San Francisco, CA 94016"
199203,Flatscreen TV,1,300,05/01/19 11:46,"298 Ridge St, Los Angeles, CA 90001"
199204,AA Batteries (4-pack),2,3.84,05/16/19 09:29,"948 Jackson St, Los Angeles, CA 90001"
199205,34in Ultrawide Monitor,1,379.99,05/31/19 14:18,"383 Ridge St, San Francisco, CA 94016"
199206,Wired Headphones,1,11.99,05/25/19 19:16,"103 Dogwood St, Portland, OR 97035"
199207,Bose SoundSport Headphones,1,99.99,05/15/19 11:41,"691 Jackson St, Portland, OR 97035"
199208,USB-C Charging Cable,2,11.95,05/12/19 12:09,"504 Dogwood St, Dallas, TX 75001"
199209,USB-C Charging Cable,1,11.95,05/05/19 08:43,"983 Lincoln St, New York City, NY 10001"
199210,AA Batteries (4-pack),3,3.84,05/28/19 21:39,"399 South St, Portland, OR 97035"
199211,iPhone,1,700,05/25/19 11:45,"120 Lakeview St, San Francisco, CA 94016"
199211,Lightning Charging Cable,1,14.95,05/25/19 11:45,"120 Lakeview St, San Francisco, CA 94016"
199212,Lightning Charging Cable,1,14.95,05/06/19 17:47,"93 12th St, Los Angeles, CA 90001"
199213,Bose SoundSport Headphones,1,99.99,05/10/19 12:58,"216 6th St, San Francisco, CA 94016"
199214,Lightning Charging Cable,1,14.95,05/21/19 20:39,"190 Jefferson St, Boston, MA 02215"
199215,Vareebadd Phone,1,400,05/18/19 14:00,"311 Wilson St, Seattle, WA 98101"
199216,AAA Batteries (4-pack),1,2.99,05/28/19 20:34,"772 7th St, Atlanta, GA 30301"
199217,USB-C Charging Cable,1,11.95,05/21/19 14:15,"153 Hill St, Austin, TX 73301"
199218,27in FHD Monitor,1,149.99,05/04/19 18:15,"89 Walnut St, New York City, NY 10001"
199219,Wired Headphones,1,11.99,05/07/19 21:46,"394 Forest St, Austin, TX 73301"
199220,AAA Batteries (4-pack),1,2.99,05/20/19 21:14,"966 Chestnut St, San Francisco, CA 94016"
199221,USB-C Charging Cable,1,11.95,05/02/19 16:10,"443 Washington St, San Francisco, CA 94016"
199222,Bose SoundSport Headphones,1,99.99,05/28/19 13:54,"2 6th St, New York City, NY 10001"
199223,Flatscreen TV,1,300,05/03/19 19:50,"807 6th St, San Francisco, CA 94016"
199224,USB-C Charging Cable,1,11.95,05/23/19 13:02,"669 12th St, San Francisco, CA 94016"
199225,Apple Airpods Headphones,1,150,05/19/19 18:10,"845 Hickory St, Seattle, WA 98101"
199226,AA Batteries (4-pack),1,3.84,05/19/19 12:40,"140 Park St, Seattle, WA 98101"
199227,27in FHD Monitor,1,149.99,05/02/19 13:23,"146 Elm St, Seattle, WA 98101"
199228,Bose SoundSport Headphones,1,99.99,05/15/19 15:06,"685 Center St, Dallas, TX 75001"
199229,Bose SoundSport Headphones,1,99.99,05/22/19 11:18,"823 2nd St, San Francisco, CA 94016"
199230,iPhone,1,700,05/08/19 09:09,"398 Cedar St, Portland, OR 97035"
199230,Vareebadd Phone,1,400,05/08/19 09:09,"398 Cedar St, Portland, OR 97035"
199231,Macbook Pro Laptop,1,1700,05/08/19 12:23,"169 14th St, Dallas, TX 75001"
,,,,,
199232,Lightning Charging Cable,1,14.95,05/10/19 17:42,"105 Sunset St, Los Angeles, CA 90001"
199233,Wired Headphones,1,11.99,05/22/19 12:24,"57 Church St, New York City, NY 10001"
199234,Vareebadd Phone,1,400,05/11/19 13:09,"944 8th St, San Francisco, CA 94016"
199235,27in FHD Monitor,1,149.99,05/23/19 14:30,"626 12th St, Dallas, TX 75001"
199236,Google Phone,1,600,05/05/19 20:57,"733 6th St, Los Angeles, CA 90001"
199237,Lightning Charging Cable,1,14.95,05/31/19 11:54,"483 Wilson St, Seattle, WA 98101"
199238,Wired Headphones,1,11.99,05/17/19 10:54,"740 Park St, New York City, NY 10001"
199239,ThinkPad Laptop,1,999.99,05/19/19 18:26,"743 Pine St, San Francisco, CA 94016"
199240,Macbook Pro Laptop,1,1700,05/16/19 19:12,"555 10th St, New York City, NY 10001"
199241,AA Batteries (4-pack),2,3.84,05/12/19 04:23,"297 Lake St, Los Angeles, CA 90001"
199242,Apple Airpods Headphones,1,150,05/12/19 18:47,"869 Maple St, Seattle, WA 98101"
199243,ThinkPad Laptop,1,999.99,05/07/19 17:42,"983 Cherry St, Boston, MA 02215"
199244,AA Batteries (4-pack),1,3.84,05/05/19 08:40,"882 Elm St, San Francisco, CA 94016"
199245,AAA Batteries (4-pack),1,2.99,05/05/19 12:17,"467 Madison St, Seattle, WA 98101"
199246,ThinkPad Laptop,1,999.99,05/08/19 14:51,"310 1st St, Atlanta, GA 30301"
199247,Wired Headphones,1,11.99,05/30/19 20:26,"728 Ridge St, Atlanta, GA 30301"
199248,AA Batteries (4-pack),1,3.84,05/16/19 11:24,"771 6th St, Boston, MA 02215"
199249,AA Batteries (4-pack),1,3.84,05/03/19 22:50,"237 5th St, Portland, OR 97035"
199250,34in Ultrawide Monitor,1,379.99,05/03/19 14:06,"845 Madison St, Boston, MA 02215"
199251,Bose SoundSport Headphones,1,99.99,05/05/19 09:23,"418 5th St, San Francisco, CA 94016"
199252,AA Batteries (4-pack),1,3.84,05/23/19 15:15,"399 Lakeview St, San Francisco, CA 94016"
199253,20in Monitor,1,109.99,05/22/19 18:10,"69 Main St, Boston, MA 02215"
199254,AA Batteries (4-pack),2,3.84,05/12/19 10:57,"535 Willow St, Boston, MA 02215"
199255,Bose SoundSport Headphones,1,99.99,05/26/19 10:52,"930 Lake St, San Francisco, CA 94016"
199256,USB-C Charging Cable,1,11.95,05/21/19 22:04,"359 Pine St, Portland, OR 97035"
199257,AAA Batteries (4-pack),1,2.99,05/08/19 18:14,"88 Lake St, Los Angeles, CA 90001"
199258,AA Batteries (4-pack),1,3.84,05/15/19 13:56,"191 North St, Atlanta, GA 30301"
199259,Apple Airpods Headphones,1,150,05/25/19 06:10,"490 Highland St, San Francisco, CA 94016"
199260,27in 4K Gaming Monitor,1,389.99,05/17/19 16:09,"916 Madison St, Portland, OR 97035"
199261,AAA Batteries (4-pack),1,2.99,05/12/19 14:24,"178 Park St, Seattle, WA 98101"
199262,AAA Batteries (4-pack),3,2.99,05/06/19 12:16,"925 Ridge St, Dallas, TX 75001"
199263,Vareebadd Phone,1,400,05/28/19 20:44,"563 5th St, San Francisco, CA 94016"
199264,AAA Batteries (4-pack),2,2.99,05/08/19 14:45,"719 13th St, Boston, MA 02215"
199265,LG Dryer,1,600.0,05/30/19 18:23,"777 Church St, Austin, TX 73301"
199266,Flatscreen TV,1,300,05/26/19 08:35,"950 Hill St, Boston, MA 02215"
199267,AA Batteries (4-pack),1,3.84,05/17/19 01:46,"444 Johnson St, Los Angeles, CA 90001"
199268,Flatscreen TV,1,300,05/12/19 09:59,"655 Sunset St, Boston, MA 02215"
199269,AA Batteries (4-pack),1,3.84,05/09/19 15:12,"717 13th St, Portland, ME 04101"
199270,ThinkPad Laptop,1,999.99,05/05/19 04:31,"458 Ridge St, San Francisco, CA 94016"
199271,Apple Airpods Headphones,1,150,05/30/19 00:40,"938 6th St, New York City, NY 10001"
199272,27in 4K Gaming Monitor,1,389.99,05/31/19 11:44,"37 7th St, Dallas, TX 75001"
199273,AAA Batteries (4-pack),1,2.99,05/07/19 12:34,"948 6th St, Boston, MA 02215"
199274,Wired Headphones,1,11.99,05/17/19 18:02,"312 10th St, San Francisco, CA 94016"
199275,Google Phone,1,600,05/01/19 18:31,"776 Center St, Boston, MA 02215"
199275,USB-C Charging Cable,1,11.95,05/01/19 18:31,"776 Center St, Boston, MA 02215"
199276,20in Monitor,1,109.99,05/04/19 13:45,"889 Lakeview St, San Francisco, CA 94016"
199277,Wired Headphones,1,11.99,05/16/19 08:29,"610 Lincoln St, Atlanta, GA 30301"
199278,Vareebadd Phone,1,400,05/28/19 12:33,"715 Dogwood St, Atlanta, GA 30301"
199279,AA Batteries (4-pack),1,3.84,05/31/19 15:50,"408 Cedar St, San Francisco, CA 94016"
199280,iPhone,1,700,05/15/19 13:14,"324 Washington St, Boston, MA 02215"
199281,Wired Headphones,1,11.99,05/13/19 11:28,"304 11th St, San Francisco, CA 94016"
199282,Google Phone,1,600,05/27/19 18:53,"931 Lakeview St, Seattle, WA 98101"
199282,USB-C Charging Cable,1,11.95,05/27/19 18:53,"931 Lakeview St, Seattle, WA 98101"
199282,Bose SoundSport Headphones,1,99.99,05/27/19 18:53,"931 Lakeview St, Seattle, WA 98101"
199283,AAA Batteries (4-pack),1,2.99,05/18/19 19:20,"672 South St, San Francisco, CA 94016"
199284,Flatscreen TV,1,300,05/04/19 12:35,"96 Church St, Boston, MA 02215"
199285,Lightning Charging Cable,1,14.95,05/05/19 12:00,"412 7th St, Los Angeles, CA 90001"
199286,Wired Headphones,1,11.99,05/15/19 07:52,"699 Hickory St, Austin, TX 73301"
199287,27in FHD Monitor,1,149.99,05/07/19 10:43,"205 Wilson St, Seattle, WA 98101"
199288,Flatscreen TV,1,300,05/10/19 06:53,"733 Park St, San Francisco, CA 94016"
199289,Lightning Charging Cable,2,14.95,05/04/19 07:59,"425 Hickory St, New York City, NY 10001"
199290,Wired Headphones,1,11.99,05/29/19 10:09,"749 Walnut St, Boston, MA 02215"
199291,AAA Batteries (4-pack),2,2.99,05/31/19 19:06,"833 South St, San Francisco, CA 94016"
199292,27in FHD Monitor,1,149.99,05/29/19 14:37,"404 5th St, San Francisco, CA 94016"
199293,34in Ultrawide Monitor,1,379.99,05/18/19 19:22,"302 Jackson St, San Francisco, CA 94016"
199294,AAA Batteries (4-pack),2,2.99,05/11/19 18:34,"852 Main St, Los Angeles, CA 90001"
199295,Apple Airpods Headphones,1,150,05/19/19 09:46,"96 Church St, Boston, MA 02215"
199296,Wired Headphones,1,11.99,05/17/19 08:25,"977 11th St, San Francisco, CA 94016"
199297,USB-C Charging Cable,2,11.95,05/15/19 20:42,"614 2nd St, Los Angeles, CA 90001"
199298,AAA Batteries (4-pack),2,2.99,05/16/19 15:00,"483 Johnson St, Los Angeles, CA 90001"
199299,USB-C Charging Cable,1,11.95,05/29/19 18:55,"752 Meadow St, Atlanta, GA 30301"
199300,AAA Batteries (4-pack),4,2.99,05/07/19 20:48,"413 1st St, New York City, NY 10001"
199301,Lightning Charging Cable,1,14.95,05/03/19 12:02,"164 14th St, San Francisco, CA 94016"
199302,AAA Batteries (4-pack),4,2.99,05/05/19 19:25,"83 Wilson St, New York City, NY 10001"
199303,AA Batteries (4-pack),1,3.84,05/04/19 16:50,"556 Lakeview St, Boston, MA 02215"
199304,Bose SoundSport Headphones,1,99.99,05/28/19 18:24,"754 Hill St, Boston, MA 02215"
199304,Lightning Charging Cable,1,14.95,05/28/19 18:24,"754 Hill St, Boston, MA 02215"
199305,Lightning Charging Cable,1,14.95,05/02/19 10:49,"393 Chestnut St, Los Angeles, CA 90001"
199306,AAA Batteries (4-pack),1,2.99,05/03/19 02:01,"285 5th St, New York City, NY 10001"
199307,Wired Headphones,1,11.99,05/19/19 17:20,"844 5th St, New York City, NY 10001"
199308,AA Batteries (4-pack),1,3.84,05/10/19 14:46,"147 Willow St, Los Angeles, CA 90001"
199309,USB-C Charging Cable,1,11.95,05/14/19 11:13,"396 13th St, New York City, NY 10001"
199310,Bose SoundSport Headphones,1,99.99,05/27/19 19:00,"238 South St, San Francisco, CA 94016"
199311,Apple Airpods Headphones,1,150,05/19/19 00:18,"993 Church St, Atlanta, GA 30301"
199312,Lightning Charging Cable,1,14.95,05/28/19 14:48,"853 Chestnut St, Portland, OR 97035"
199313,34in Ultrawide Monitor,1,379.99,05/09/19 19:26,"255 North St, Atlanta, GA 30301"
199314,iPhone,1,700,05/17/19 00:09,"773 8th St, New York City, NY 10001"
199314,Lightning Charging Cable,1,14.95,05/17/19 00:09,"773 8th St, New York City, NY 10001"
199314,Apple Airpods Headphones,1,150,05/17/19 00:09,"773 8th St, New York City, NY 10001"
199315,AA Batteries (4-pack),1,3.84,05/02/19 09:12,"146 1st St, New York City, NY 10001"
199316,Bose SoundSport Headphones,1,99.99,05/23/19 09:36,"119 Main St, Atlanta, GA 30301"
199317,Wired Headphones,1,11.99,05/11/19 12:25,"571 Willow St, San Francisco, CA 94016"
199318,AAA Batteries (4-pack),1,2.99,05/06/19 14:11,"195 Jefferson St, Los Angeles, CA 90001"
199319,Lightning Charging Cable,1,14.95,05/28/19 08:28,"997 Jefferson St, Portland, OR 97035"
199320,Bose SoundSport Headphones,1,99.99,05/24/19 22:13,"788 North St, Dallas, TX 75001"
199321,LG Dryer,1,600.0,05/23/19 05:45,"718 Main St, Atlanta, GA 30301"
199322,34in Ultrawide Monitor,1,379.99,05/11/19 12:50,"704 Lake St, New York City, NY 10001"
199323,AAA Batteries (4-pack),1,2.99,05/24/19 21:04,"356 Jefferson St, New York City, NY 10001"
199324,27in 4K Gaming Monitor,1,389.99,05/27/19 13:03,"607 5th St, Atlanta, GA 30301"
199325,AAA Batteries (4-pack),2,2.99,05/14/19 20:24,"767 Cherry St, New York City, NY 10001"
199326,Lightning Charging Cable,1,14.95,05/28/19 13:54,"277 10th St, San Francisco, CA 94016"
199327,AA Batteries (4-pack),1,3.84,05/10/19 13:13,"386 Lakeview St, New York City, NY 10001"
199328,AA Batteries (4-pack),2,3.84,05/24/19 10:31,"423 Main St, Boston, MA 02215"
199329,AAA Batteries (4-pack),1,2.99,05/23/19 07:26,"250 Highland St, San Francisco, CA 94016"
199330,AAA Batteries (4-pack),1,2.99,05/21/19 18:12,"515 Spruce St, San Francisco, CA 94016"
199331,Vareebadd Phone,1,400,05/22/19 14:11,"996 Willow St, New York City, NY 10001"
199331,USB-C Charging Cable,1,11.95,05/22/19 14:11,"996 Willow St, New York City, NY 10001"
199332,Wired Headphones,1,11.99,05/13/19 20:35,"488 Cherry St, San Francisco, CA 94016"
199333,Bose SoundSport Headphones,1,99.99,05/12/19 07:57,"977 Elm St, San Francisco, CA 94016"
199334,iPhone,1,700,05/17/19 19:27,"570 6th St, Los Angeles, CA 90001"
199334,Lightning Charging Cable,1,14.95,05/17/19 19:27,"570 6th St, Los Angeles, CA 90001"
199335,Lightning Charging Cable,1,14.95,05/22/19 10:09,"149 Jefferson St, Austin, TX 73301"
199336,Macbook Pro Laptop,1,1700,05/29/19 22:40,"237 6th St, New York City, NY 10001"
199337,Lightning Charging Cable,1,14.95,05/15/19 08:30,"47 Hill St, Los Angeles, CA 90001"
199338,Wired Headphones,1,11.99,05/05/19 23:41,"152 11th St, Dallas, TX 75001"
199339,Google Phone,1,600,05/27/19 14:02,"738 2nd St, Atlanta, GA 30301"
199339,USB-C Charging Cable,1,11.95,05/27/19 14:02,"738 2nd St, Atlanta, GA 30301"
Order ID,Product,Quantity Ordered,Price Each,Order Date,Purchase Address
199340,AAA Batteries (4-pack),1,2.99,05/01/19 18:32,"849 Hickory St, San Francisco, CA 94016"
199341,iPhone,1,700,05/19/19 22:53,"198 6th St, Atlanta, GA 30301"
199342,Bose SoundSport Headphones,1,99.99,05/31/19 13:27,"707 Walnut St, San Francisco, CA 94016"
199343,27in 4K Gaming Monitor,1,389.99,05/07/19 10:49,"36 Maple St, New York City, NY 10001"
199344,Lightning Charging Cable,1,14.95,05/25/19 13:26,"501 5th St, San Francisco, CA 94016"
199345,Wired Headphones,1,11.99,05/08/19 19:22,"813 Hickory St, San Francisco, CA 94016"
199346,USB-C Charging Cable,1,11.95,05/17/19 13:31,"775 Lakeview St, Dallas, TX 75001"
199346,27in FHD Monitor,1,149.99,05/17/19 13:31,"775 Lakeview St, Dallas, TX 75001"
199347,Lightning Charging Cable,1,14.95,05/05/19 20:09,"188 Lake St, Atlanta, GA 30301"
199348,USB-C Charging Cable,1,11.95,05/31/19 15:11,"838 Church St, Dallas, TX 75001"
199349,Bose SoundSport Headphones,1,99.99,05/14/19 14:52,"440 5th St, Portland, OR 97035"
199350,AA Batteries (4-pack),1,3.84,05/06/19 19:37,"597 Spruce St, San Francisco, CA 94016"
199351,Lightning Charging Cable,1,14.95,05/31/19 17:44,"982 Sunset St, Boston, MA 02215"
199352,Wired Headphones,1,11.99,05/20/19 20:15,"141 Ridge St, New York City, NY 10001"
199353,27in 4K Gaming Monitor,1,389.99,05/24/19 21:29,"662 14th St, Dallas, TX 75001"
199354,ThinkPad Laptop,1,999.99,05/14/19 18:14,"557 10th St, Dallas, TX 75001"
199355,Lightning Charging Cable,1,14.95,05/28/19 06:44,"649 Walnut St, Dallas, TX 75001"
199356,Flatscreen TV,1,300,05/18/19 09:23,"911 10th St, Portland, OR 97035"
199357,Apple Airpods Headphones,1,150,05/19/19 21:23,"317 1st St, San Francisco, CA 94016"
199358,27in 4K Gaming Monitor,1,389.99,05/29/19 19:17,"724 10th St, Boston, MA 02215"
199359,Wired Headphones,1,11.99,05/21/19 15:22,"55 11th St, San Francisco, CA 94016"
199360,AAA Batteries (4-pack),1,2.99,05/28/19 13:58,"725 North St, New York City, NY 10001"
199361,AA Batteries (4-pack),1,3.84,05/11/19 11:27,"558 North St, Portland, OR 97035"
199362,27in 4K Gaming Monitor,1,389.99,05/24/19 23:56,"28 Cedar St, New York City, NY 10001"
199363,Lightning Charging Cable,1,14.95,05/05/19 18:45,"239 8th St, Los Angeles, CA 90001"
199364,AA Batteries (4-pack),1,3.84,05/13/19 08:48,"218 West St, Los Angeles, CA 90001"
199365,Apple Airpods Headphones,1,150,05/06/19 20:31,"254 North St, Los Angeles, CA 90001"
199366,Bose SoundSport Headphones,1,99.99,05/01/19 22:46,"380 5th St, Boston, MA 02215"
199367,AAA Batteries (4-pack),1,2.99,05/27/19 13:20,"179 Washington St, San Francisco, CA 94016"
199368,Bose SoundSport Headphones,1,99.99,05/20/19 08:45,"462 Madison St, Los Angeles, CA 90001"
199369,Google Phone,1,600,05/29/19 15:30,"438 Hickory St, Los Angeles, CA 90001"
199369,USB-C Charging Cable,1,11.95,05/29/19 15:30,"438 Hickory St, Los Angeles, CA 90001"
199370,AA Batteries (4-pack),1,3.84,05/29/19 19:51,"338 9th St, New York City, NY 10001"
199371,34in Ultrawide Monitor,1,379.99,05/10/19 11:46,"261 Wilson St, Boston, MA 02215"
199372,Wired Headphones,1,11.99,05/14/19 20:11,"987 Lake St, New York City, NY 10001"
199373,27in FHD Monitor,1,149.99,05/23/19 17:03,"58 9th St, Boston, MA 02215"
199374,Wired Headphones,2,11.99,05/14/19 10:13,"284 Washington St, New York City, NY 10001"
199374,AAA Batteries (4-pack),1,2.99,05/14/19 10:13,"284 Washington St, New York City, NY 10001"
199375,AA Batteries (4-pack),1,3.84,05/10/19 20:54,"760 Washington St, Atlanta, GA 30301"
199376,Flatscreen TV,1,300,05/05/19 18:50,"841 Lakeview St, Seattle, WA 98101"
199377,USB-C Charging Cable,1,11.95,05/25/19 12:17,"450 Park St, New York City, NY 10001"
199378,Wired Headphones,1,11.99,05/11/19 23:25,"375 Jackson St, Seattle, WA 98101"
199379,AAA Batteries (4-pack),1,2.99,05/23/19 14:33,"286 6th St, Portland, OR 97035"
199380,27in 4K Gaming Monitor,1,389.99,05/19/19 18:40,"188 Cedar St, Los Angeles, CA 90001"
199381,34in Ultrawide Monitor,1,379.99,05/29/19 07:38,"298 Pine St, Dallas, TX 75001"
199382,Apple Airpods Headphones,1,150,05/05/19 14:58,"38 Cherry St, Boston, MA 02215"
199383,Wired Headphones,1,11.99,05/29/19 18:06,"362 Hickory St, San Francisco, CA 94016"
199384,27in 4K Gaming Monitor,1,389.99,05/23/19 11:10,"791 Spruce St, Los Angeles, CA 90001"
199385,Bose SoundSport Headphones,1,99.99,05/25/19 14:02,"404 Cedar St, Seattle, WA 98101"
199386,Lightning Charging Cable,1,14.95,05/26/19 18:32,"439 13th St, San Francisco, CA 94016"
199387,Bose SoundSport Headphones,1,99.99,05/07/19 06:17,"681 Center St, Boston, MA 02215"
199388,Bose SoundSport Headphones,1,99.99,05/29/19 06:37,"936 Adams St, Boston, MA 02215"
199389,Bose SoundSport Headphones,1,99.99,05/09/19 09:02,"794 Church St, Atlanta, GA 30301"
199390,USB-C Charging Cable,1,11.95,05/12/19 22:23,"423 Park St, Boston, MA 02215"
199391,Wired Headphones,1,11.99,05/01/19 17:38,"711 Pine St, Dallas, TX 75001"
199392,Google Phone,1,600,05/04/19 21:12,"254 Meadow St, San Francisco, CA 94016"
199392,Lightning Charging Cable,1,14.95,05/04/19 21:12,"254 Meadow St, San Francisco, CA 94016"
199393,AAA Batteries (4-pack),1,2.99,05/22/19 21:59,"726 10th St, Los Angeles, CA 90001"
199394,Wired Headphones,2,11.99,05/03/19 17:22,"940 Madison St, Atlanta, GA 30301"
199395,Wired Headphones,1,11.99,05/05/19 17:41,"249 1st St, Atlanta, GA 30301"
199396,Bose SoundSport Headphones,1,99.99,05/18/19 19:39,"532 4th St, Atlanta, GA 30301"
199397,iPhone,1,700,05/26/19 21:27,"91 Jefferson St, San Francisco, CA 94016"
199397,Lightning Charging Cable,1,14.95,05/26/19 21:27,"91 Jefferson St, San Francisco, CA 94016"
199398,Macbook Pro Laptop,1,1700,05/14/19 18:26,"92 Highland St, Dallas, TX 75001"
199399,iPhone,1,700,05/31/19 09:46,"183 5th St, Portland, OR 97035"
199399,Lightning Charging Cable,1,14.95,05/31/19 09:46,"183 5th St, Portland, OR 97035"
199400,AAA Batteries (4-pack),1,2.99,05/24/19 16:02,"572 4th St, Seattle, WA 98101"
199401,27in FHD Monitor,1,149.99,05/22/19 19:01,"713 8th St, New York City, NY 10001"
199402,USB-C Charging Cable,1,11.95,05/27/19 00:56,"775 Adams St, San Francisco, CA 94016"
199403,Lightning Charging Cable,1,14.95,05/03/19 15:27,"616 West St, Seattle, WA 98101"
199404,AA Batteries (4-pack),4,3.84,05/14/19 12:28,"285 Washington St, Austin, TX 73301"
199405,ThinkPad Laptop,1,999.99,05/10/19 13:18,"462 Church St, Los Angeles, CA 90001"
199406,USB-C Charging Cable,1,11.95,05/26/19 13:09,"141 Forest St, Atlanta, GA 30301"
199407,USB-C Charging Cable,1,11.95,05/22/19 06:59,"564 8th St, Dallas, TX 75001"
199407,Bose SoundSport Headphones,1,99.99,05/22/19 06:59,"564 8th St, Dallas, TX 75001"
199408,USB-C Charging Cable,1,11.95,05/02/19 17:59,"696 Lake St, Seattle, WA 98101"
199409,AAA Batteries (4-pack),1,2.99,05/18/19 19:37,"49 12th St, Seattle, WA 98101"
199410,USB-C Charging Cable,2,11.95,05/21/19 21:22,"224 South St, New York City, NY 10001"
199411,ThinkPad Laptop,1,999.99,05/24/19 16:12,"841 West St, San Francisco, CA 94016"
199412,AA Batteries (4-pack),4,3.84,05/28/19 10:08,"32 Hickory St, New York City, NY 10001"
199413,Flatscreen TV,1,300,05/16/19 23:36,"585 North St, Los Angeles, CA 90001"
199414,27in FHD Monitor,1,149.99,05/15/19 11:16,"427 River St, Los Angeles, CA 90001"
199415,27in FHD Monitor,1,149.99,05/05/19 17:25,"562 Sunset St, Atlanta, GA 30301"
199416,AAA Batteries (4-pack),1,2.99,05/06/19 19:33,"404 Dogwood St, Dallas, TX 75001"
199417,Bose SoundSport Headphones,1,99.99,05/03/19 20:12,"673 Wilson St, Los Angeles, CA 90001"
199418,Wired Headphones,1,11.99,05/05/19 22:55,"209 Main St, Los Angeles, CA 90001"
199419,ThinkPad Laptop,1,999.99,05/23/19 22:45,"830 Jefferson St, Austin, TX 73301"
199420,USB-C Charging Cable,2,11.95,05/10/19 17:03,"179 Johnson St, Los Angeles, CA 90001"
199421,ThinkPad Laptop,1,999.99,05/11/19 12:44,"484 Madison St, San Francisco, CA 94016"
199422,Bose SoundSport Headphones,1,99.99,05/08/19 14:10,"583 2nd St, Dallas, TX 75001"
199423,Apple Airpods Headphones,1,150,05/03/19 17:16,"494 Spruce St, Seattle, WA 98101"
199424,Wired Headphones,1,11.99,05/10/19 13:35,"209 Hickory St, Portland, OR 97035"
199425,USB-C Charging Cable,1,11.95,05/09/19 13:28,"243 Ridge St, Los Angeles, CA 90001"
199426,Apple Airpods Headphones,1,150,05/05/19 10:13,"206 Adams St, Boston, MA 02215"
199427,Flatscreen TV,1,300,05/17/19 18:17,"47 Adams St, Seattle, WA 98101"
199428,AAA Batteries (4-pack),4,2.99,05/21/19 06:26,"421 Meadow St, Los Angeles, CA 90001"
199429,USB-C Charging Cable,1,11.95,05/29/19 12:39,"560 Highland St, New York City, NY 10001"
199430,34in Ultrawide Monitor,1,379.99,05/24/19 08:55,"911 Chestnut St, Portland, ME 04101"
199431,AA Batteries (4-pack),1,3.84,05/24/19 19:50,"227 Pine St, Atlanta, GA 30301"
199431,AAA Batteries (4-pack),2,2.99,05/24/19 19:50,"227 Pine St, Atlanta, GA 30301"
Order ID,Product,Quantity Ordered,Price Each,Order Date,Purchase Address
199432,Lightning Charging Cable,1,14.95,05/21/19 16:48,"657 Adams St, Los Angeles, CA 90001"
199433,Apple Airpods Headphones,1,150,05/15/19 12:49,"277 River St, New York City, NY 10001"
199434,USB-C Charging Cable,1,11.95,05/03/19 11:30,"396 10th St, San Francisco, CA 94016"
199435,Apple Airpods Headphones,1,150,05/08/19 22:38,"941 North St, Atlanta, GA 30301"
199436,27in FHD Monitor,1,149.99,05/18/19 14:28,"445 Spruce St, San Francisco, CA 94016"
199437,Lightning Charging Cable,2,14.95,05/23/19 23:23,"538 Cedar St, San Francisco, CA 94016"
199438,Flatscreen TV,1,300,05/02/19 17:24,"171 Walnut St, Boston, MA 02215"
199439,AAA Batteries (4-pack),1,2.99,05/23/19 10:17,"398 Lincoln St, Austin, TX 73301"
199440,Wired Headphones,1,11.99,05/23/19 09:02,"707 1st St, San Francisco, CA 94016"
199441,LG Dryer,1,600.0,05/01/19 18:31,"564 Johnson St, Portland, OR 97035"
199442,USB-C Charging Cable,1,11.95,05/29/19 19:51,"985 6th St, New York City, NY 10001"
199443,Lightning Charging Cable,2,14.95,05/30/19 20:15,"822 Pine St, San Francisco, CA 94016"
199444,AA Batteries (4-pack),1,3.84,05/28/19 12:38,"218 North St, Portland, OR 97035"
199445,Bose SoundSport Headphones,1,99.99,05/18/19 06:49,"876 14th St, Dallas, TX 75001"
199446,34in Ultrawide Monitor,1,379.99,05/22/19 22:54,"415 Spruce St, Austin, TX 73301"
199447,27in FHD Monitor,1,149.99,05/18/19 07:31,"309 Jefferson St, San Francisco, CA 94016"
199448,Lightning Charging Cable,1,14.95,05/31/19 09:19,"971 Main St, San Francisco, CA 94016"
199449,Flatscreen TV,1,300,05/11/19 13:26,"3 7th St, New York City, NY 10001"
199450,Wired Headphones,1,11.99,05/08/19 09:57,"531 10th St, Boston, MA 02215"
199451,Lightning Charging Cable,1,14.95,05/09/19 20:08,"689 Jackson St, Los Angeles, CA 90001"
199452,27in FHD Monitor,1,149.99,05/23/19 10:59,"200 Meadow St, Los Angeles, CA 90001"
199453,Apple Airpods Headphones,1,150,05/31/19 11:26,"468 5th St, Portland, OR 97035"
199454,LG Dryer,1,600.0,05/23/19 13:58,"611 Cedar St, Dallas, TX 75001"
199455,iPhone,1,700,05/11/19 21:10,"422 6th St, Atlanta, GA 30301"
199455,Wired Headphones,1,11.99,05/11/19 21:10,"422 6th St, Atlanta, GA 30301"
199456,AAA Batteries (4-pack),2,2.99,05/26/19 00:31,"884 Church St, Austin, TX 73301"
199457,Apple Airpods Headphones,1,150,05/11/19 06:59,"394 Park St, Boston, MA 02215"
199458,Lightning Charging Cable,1,14.95,05/18/19 22:15,"85 Jefferson St, Portland, OR 97035"
199459,Vareebadd Phone,1,400,05/21/19 18:51,"656 12th St, Seattle, WA 98101"
199459,USB-C Charging Cable,1,11.95,05/21/19 18:51,"656 12th St, Seattle, WA 98101"
199460,Flatscreen TV,1,300,05/28/19 15:07,"488 Spruce St, San Francisco, CA 94016"
199461,AAA Batteries (4-pack),1,2.99,05/19/19 10:19,"510 Walnut St, Los Angeles, CA 90001"
199462,Google Phone,1,600,05/05/19 18:56,"716 Meadow St, San Francisco, CA 94016"
199462,Bose SoundSport Headphones,1,99.99,05/05/19 18:56,"716 Meadow St, San Francisco, CA 94016"
199463,20in Monitor,1,109.99,05/29/19 11:03,"882 1st St, Dallas, TX 75001"
199464,Wired Headphones,1,11.99,05/09/19 00:59,"854 Maple St, San Francisco, CA 94016"
199465,USB-C Charging Cable,1,11.95,05/16/19 14:50,"903 Maple St, Los Angeles, CA 90001"
199466,USB-C Charging Cable,1,11.95,05/14/19 09:15,"250 8th St, Atlanta, GA 30301"
199467,AA Batteries (4-pack),2,3.84,05/03/19 10:53,"224 4th St, San Francisco, CA 94016"
199468,Google Phone,1,600,05/21/19 09:54,"82 2nd St, San Francisco, CA 94016"
199468,AAA Batteries (4-pack),1,2.99,05/21/19 09:54,"82 2nd St, San Francisco, CA 94016"
199469,Lightning Charging Cable,1,14.95,05/03/19 21:06,"874 Jefferson St, Dallas, TX 75001"
199470,Wired Headphones,1,11.99,05/12/19 17:12,"483 9th St, San Francisco, CA 94016"
199471,Wired Headphones,1,11.99,05/28/19 08:44,"409 Elm St, Seattle, WA 98101"
199472,Apple Airpods Headphones,1,150,05/27/19 13:12,"155 4th St, New York City, NY 10001"
199473,AA Batteries (4-pack),1,3.84,05/13/19 15:43,"960 4th St, Boston, MA 02215"
199474,Macbook Pro Laptop,1,1700,05/23/19 07:25,"55 Lake St, San Francisco, CA 94016"
199475,Lightning Charging Cable,1,14.95,05/31/19 20:57,"541 13th St, New York City, NY 10001"
199476,Google Phone,1,600,05/03/19 13:59,"879 Highland St, New York City, NY 10001"
199477,27in FHD Monitor,1,149.99,05/30/19 16:30,"309 Spruce St, Portland, OR 97035"
199478,Google Phone,1,600,05/14/19 09:30,"59 Ridge St, Boston, MA 02215"
199479,Lightning Charging Cable,1,14.95,05/06/19 23:23,"546 1st St, New York City, NY 10001"
199480,AA Batteries (4-pack),1,3.84,05/26/19 07:59,"937 Meadow St, New York City, NY 10001"
199481,USB-C Charging Cable,1,11.95,05/02/19 20:48,"280 Madison St, New York City, NY 10001"
199482,ThinkPad Laptop,1,999.99,05/06/19 15:51,"778 7th St, Dallas, TX 75001"
199483,AA Batteries (4-pack),1,3.84,05/19/19 20:44,"766 Wilson St, San Francisco, CA 94016"
199484,Lightning Charging Cable,1,14.95,05/19/19 22:11,"140 Spruce St, Los Angeles, CA 90001"
199485,Lightning Charging Cable,1,14.95,05/19/19 17:34,"979 Elm St, San Francisco, CA 94016"
199486,34in Ultrawide Monitor,1,379.99,05/22/19 03:50,"800 Forest St, Seattle, WA 98101"
199487,Macbook Pro Laptop,1,1700,05/07/19 15:24,"947 Lake St, Boston, MA 02215"
199488,Lightning Charging Cable,1,14.95,05/03/19 14:24,"636 Adams St, New York City, NY 10001"
199489,Wired Headphones,1,11.99,05/08/19 12:42,"333 Spruce St, San Francisco, CA 94016"
199490,Wired Headphones,1,11.99,05/23/19 13:23,"484 13th St, Boston, MA 02215"
199491,Flatscreen TV,1,300,05/21/19 06:00,"75 Church St, San Francisco, CA 94016"
199492,Macbook Pro Laptop,1,1700,05/09/19 19:46,"807 Hickory St, Atlanta, GA 30301"
199493,AA Batteries (4-pack),1,3.84,05/29/19 21:21,"191 12th St, Dallas, TX 75001"
199494,20in Monitor,1,109.99,05/07/19 19:29,"371 Maple St, Los Angeles, CA 90001"
199495,USB-C Charging Cable,1,11.95,05/12/19 08:11,"474 Lincoln St, San Francisco, CA 94016"
199496,USB-C Charging Cable,1,11.95,05/25/19 08:48,"94 9th St, Dallas, TX 75001"
199497,34in Ultrawide Monitor,1,379.99,05/12/19 01:25,"47 Cherry St, Austin, TX 73301"
199498,20in Monitor,1,109.99,05/27/19 16:57,"600 Dogwood St, Portland, OR 97035"
199498,USB-C Charging Cable,1,11.95,05/27/19 16:57,"600 Dogwood St, Portland, OR 97035"
199499,Lightning Charging Cable,1,14.95,05/20/19 23:18,"595 13th St, Seattle, WA 98101"
199500,Wired Headphones,2,11.99,05/19/19 20:44,"613 Elm St, San Francisco, CA 94016"
199501,Bose SoundSport Headphones,1,99.99,05/03/19 20:38,"643 Church St, Los Angeles, CA 90001"
199502,Google Phone,1,600,05/20/19 07:52,"112 Park St, Seattle, WA 98101"
199503,iPhone,1,700,05/24/19 18:04,"79 North St, New York City, NY 10001"
199504,LG Washing Machine,1,600.0,05/19/19 08:16,"654 12th St, Boston, MA 02215"
199505,iPhone,1,700,05/28/19 00:37,"826 Lake St, San Francisco, CA 94016"
199506,Macbook Pro Laptop,1,1700,05/26/19 21:16,"636 Forest St, San Francisco, CA 94016"
199507,20in Monitor,1,109.99,05/09/19 14:06,"592 Lake St, Los Angeles, CA 90001"
199508,Bose SoundSport Headphones,1,99.99,05/08/19 17:45,"149 Highland St, New York City, NY 10001"
199509,27in FHD Monitor,1,149.99,05/25/19 15:51,"970 Johnson St, Boston, MA 02215"
199510,27in 4K Gaming Monitor,1,389.99,05/10/19 22:33,"764 North St, Seattle, WA 98101"
199511,AA Batteries (4-pack),1,3.84,05/16/19 21:33,"658 13th St, Portland, OR 97035"
199512,Apple Airpods Headphones,1,150,05/31/19 19:13,"709 Main St, Boston, MA 02215"
199513,iPhone,1,700,05/22/19 13:49,"741 Main St, Atlanta, GA 30301"
199514,Wired Headphones,1,11.99,05/03/19 13:02,"647 Wilson St, New York City, NY 10001"
199515,USB-C Charging Cable,1,11.95,05/31/19 02:23,"955 12th St, Seattle, WA 98101"
199516,USB-C Charging Cable,2,11.95,05/10/19 23:35,"48 12th St, Portland, OR 97035"
199517,Flatscreen TV,1,300,05/18/19 18:02,"459 Meadow St, Los Angeles, CA 90001"
199518,Google Phone,1,600,05/12/19 16:00,"684 Madison St, San Francisco, CA 94016"
199518,USB-C Charging Cable,1,11.95,05/12/19 16:00,"684 Madison St, San Francisco, CA 94016"
199519,AA Batteries (4-pack),1,3.84,05/05/19 19:58,"436 Cedar St, San Francisco, CA 94016"
199520,Wired Headphones,1,11.99,05/14/19 12:52,"659 Park St, Dallas, TX 75001"
199521,USB-C Charging Cable,1,11.95,05/19/19 12:39,"218 River St, Austin, TX 73301"
199522,34in Ultrawide Monitor,1,379.99,05/18/19 12:08,"326 Main St, San Francisco, CA 94016"
199523,ThinkPad Laptop,1,999.99,05/14/19 18:48,"539 Pine St, Portland, OR 97035"
199524,27in 4K Gaming Monitor,1,389.99,05/13/19 23:27,"264 10th St, San Francisco, CA 94016"
199525,Wired Headphones,1,11.99,05/28/19 18:31,"566 Elm St, Seattle, WA 98101"
199526,USB-C Charging Cable,1,11.95,05/20/19 10:07,"243 Forest St, Austin, TX 73301"
199527,USB-C Charging Cable,2,11.95,05/07/19 17:35,"471 Madison St, Los Angeles, CA 90001"
199528,AAA Batteries (4-pack),2,2.99,05/07/19 15:18,"827 13th St, Atlanta, GA 30301"
199529,34in Ultrawide Monitor,1,379.99,05/03/19 16:38,"860 10th St, San Francisco, CA 94016"
199530,Wired Headphones,1,11.99,05/28/19 13:24,"584 Jefferson St, Dallas, TX 75001"
199531,Wired Headphones,1,11.99,05/11/19 19:28,"653 Walnut St, Dallas, TX 75001"
199532,AAA Batteries (4-pack),1,2.99,05/07/19 13:10,"370 Forest St, Boston, MA 02215"
199533,ThinkPad Laptop,1,999.99,05/05/19 10:36,"142 Wilson St, Seattle, WA 98101"
199534,Bose SoundSport Headphones,1,99.99,05/31/19 08:05,"395 Forest St, Los Angeles, CA 90001"
199535,USB-C Charging Cable,1,11.95,05/26/19 10:12,"513 Adams St, Boston, MA 02215"
199536,Bose SoundSport Headphones,1,99.99,05/07/19 18:50,"682 13th St, San Francisco, CA 94016"
199537,USB-C Charging Cable,1,11.95,05/10/19 04:34,"906 Spruce St, New York City, NY 10001"
199538,Wired Headphones,1,11.99,05/18/19 15:49,"62 9th St, Seattle, WA 98101"
199539,Wired Headphones,1,11.99,05/19/19 14:01,"985 Maple St, Los Angeles, CA 90001"
199540,AAA Batteries (4-pack),1,2.99,05/10/19 16:10,"753 5th St, San Francisco, CA 94016"
199541,27in 4K Gaming Monitor,1,389.99,05/14/19 17:06,"403 Chestnut St, Dallas, TX 75001"
199542,AAA Batteries (4-pack),1,2.99,05/14/19 14:11,"949 Wilson St, Atlanta, GA 30301"
199543,iPhone,1,700,05/30/19 09:52,"339 Meadow St, Los Angeles, CA 90001"
199544,Bose SoundSport Headphones,1,99.99,05/27/19 08:56,"390 West St, Portland, ME 04101"
199545,Bose SoundSport Headphones,1,99.99,05/04/19 22:51,"624 Jefferson St, New York City, NY 10001"
199546,Wired Headphones,1,11.99,05/19/19 23:05,"590 Meadow St, Los Angeles, CA 90001"
199547,USB-C Charging Cable,1,11.95,05/16/19 12:17,"891 2nd St, Portland, OR 97035"
199548,Apple Airpods Headphones,1,150,05/19/19 15:56,"236 11th St, Portland, OR 97035"
199549,Flatscreen TV,1,300,05/29/19 19:10,"7 14th St, Seattle, WA 98101"
199550,iPhone,1,700,05/18/19 18:04,"437 West St, Los Angeles, CA 90001"
199551,USB-C Charging Cable,1,11.95,05/24/19 20:16,"234 Elm St, Seattle, WA 98101"
199552,Lightning Charging Cable,1,14.95,05/04/19 18:44,"313 Cedar St, Atlanta, GA 30301"
199553,Wired Headphones,1,11.99,05/30/19 17:05,"761 Washington St, Atlanta, GA 30301"
199554,AA Batteries (4-pack),1,3.84,05/26/19 18:25,"904 Cedar St, San Francisco, CA 94016"
199555,Lightning Charging Cable,1,14.95,05/30/19 10:50,"530 Johnson St, Boston, MA 02215"
199556,Macbook Pro Laptop,1,1700,05/06/19 22:49,"521 Lincoln St, Atlanta, GA 30301"
199557,USB-C Charging Cable,1,11.95,05/15/19 13:02,"695 Cherry St, Boston, MA 02215"
199558,AAA Batteries (4-pack),4,2.99,05/22/19 14:25,"364 Washington St, New York City, NY 10001"
199559,Lightning Charging Cable,1,14.95,05/24/19 15:48,"221 Lincoln St, Atlanta, GA 30301"
199560,AAA Batteries (4-pack),1,2.99,05/22/19 12:17,"367 Park St, Atlanta, GA 30301"
199561,USB-C Charging Cable,1,11.95,05/12/19 19:30,"754 Wilson St, San Francisco, CA 94016"
199562,Google Phone,1,600,05/16/19 12:50,"811 Madison St, New York City, NY 10001"
199563,AAA Batteries (4-pack),1,2.99,05/29/19 17:22,"810 Forest St, San Francisco, CA 94016"
199564,Lightning Charging Cable,1,14.95,05/31/19 20:44,"130 10th St, Atlanta, GA 30301"
199565,USB-C Charging Cable,1,11.95,05/15/19 10:36,"225 12th St, Los Angeles, CA 90001"
199566,AAA Batteries (4-pack),2,2.99,05/03/19 21:11,"837 10th St, Los Angeles, CA 90001"
199567,AAA Batteries (4-pack),2,2.99,05/09/19 01:59,"589 9th St, Los Angeles, CA 90001"
199568,Apple Airpods Headphones,1,150,05/14/19 15:36,"301 14th St, Atlanta, GA 30301"
199569,Macbook Pro Laptop,1,1700,05/08/19 19:59,"645 Walnut St, San Francisco, CA 94016"
199570,34in Ultrawide Monitor,1,379.99,05/29/19 08:17,"875 Lake St, San Francisco, CA 94016"
199571,Lightning Charging Cable,1,14.95,05/30/19 19:00,"286 6th St, Atlanta, GA 30301"
199572,Lightning Charging Cable,1,14.95,05/03/19 21:51,"297 1st St, San Francisco, CA 94016"
199573,Apple Airpods Headphones,1,150,05/22/19 11:00,"895 Elm St, Dallas, TX 75001"
199574,Lightning Charging Cable,1,14.95,05/01/19 15:47,"949 Hill St, Los Angeles, CA 90001"
199575,34in Ultrawide Monitor,1,379.99,05/08/19 12:33,"249 Hickory St, Austin, TX 73301"
199576,AAA Batteries (4-pack),2,2.99,05/04/19 13:28,"481 Elm St, Seattle, WA 98101"
199577,AA Batteries (4-pack),1,3.84,05/04/19 00:48,"362 River St, San Francisco, CA 94016"
199578,Apple Airpods Headphones,1,150,05/05/19 13:12,"654 5th St, San Francisco, CA 94016"
199579,Lightning Charging Cable,1,14.95,05/15/19 08:58,"232 Washington St, Atlanta, GA 30301"
199580,Wired Headphones,1,11.99,05/02/19 20:58,"12 Johnson St, Austin, TX 73301"
199581,Bose SoundSport Headphones,1,99.99,05/20/19 18:07,"876 Wilson St, Austin, TX 73301"
199582,20in Monitor,1,109.99,05/17/19 10:23,"898 Johnson St, Atlanta, GA 30301"
199583,20in Monitor,1,109.99,05/17/19 10:39,"865 Highland St, Dallas, TX 75001"
199584,ThinkPad Laptop,1,999.99,05/19/19 07:54,"357 Maple St, Austin, TX 73301"
199585,Wired Headphones,1,11.99,05/19/19 17:08,"380 Main St, New York City, NY 10001"
199586,Lightning Charging Cable,2,14.95,05/26/19 17:09,"276 2nd St, Boston, MA 02215"
199587,AA Batteries (4-pack),1,3.84,05/04/19 21:37,"275 Willow St, Boston, MA 02215"
199588,20in Monitor,1,109.99,05/14/19 12:57,"193 Willow St, San Francisco, CA 94016"
199589,20in Monitor,1,109.99,05/07/19 19:22,"671 Jefferson St, New York City, NY 10001"
199590,Lightning Charging Cable,1,14.95,05/02/19 10:37,"815 Lake St, Seattle, WA 98101"
199591,AAA Batteries (4-pack),1,2.99,05/14/19 23:05,"541 Cherry St, Atlanta, GA 30301"
199592,27in 4K Gaming Monitor,1,389.99,05/30/19 23:06,"278 Ridge St, San Francisco, CA 94016"
199593,Flatscreen TV,1,300,05/15/19 13:20,"275 Lake St, San Francisco, CA 94016"
199594,USB-C Charging Cable,2,11.95,05/03/19 20:48,"638 Park St, San Francisco, CA 94016"
199595,Wired Headphones,1,11.99,05/05/19 08:32,"146 4th St, New York City, NY 10001"
199596,AA Batteries (4-pack),1,3.84,05/30/19 19:12,"634 8th St, New York City, NY 10001"
199597,Lightning Charging Cable,1,14.95,05/08/19 20:47,"883 6th St, Seattle, WA 98101"
199598,AAA Batteries (4-pack),2,2.99,05/26/19 16:02,"545 Pine St, Seattle, WA 98101"
199599,27in FHD Monitor,1,149.99,05/14/19 19:15,"85 Chestnut St, Los Angeles, CA 90001"
199600,27in FHD Monitor,1,149.99,05/16/19 18:38,"351 12th St, Los Angeles, CA 90001"
199601,AAA Batteries (4-pack),1,2.99,05/04/19 13:41,"95 1st St, San Francisco, CA 94016"
199602,Macbook Pro Laptop,1,1700,05/09/19 14:43,"617 North St, Dallas, TX 75001"
199603,27in FHD Monitor,1,149.99,05/13/19 08:58,"461 Maple St, Seattle, WA 98101"
199604,USB-C Charging Cable,1,11.95,05/18/19 21:18,"74 Center St, Dallas, TX 75001"
199605,Lightning Charging Cable,1,14.95,05/31/19 18:21,"425 Meadow St, San Francisco, CA 94016"
199606,AA Batteries (4-pack),1,3.84,05/15/19 17:31,"778 Lake St, Dallas, TX 75001"
199607,Bose SoundSport Headphones,1,99.99,05/07/19 17:02,"386 Meadow St, San Francisco, CA 94016"
199608,Lightning Charging Cable,1,14.95,05/05/19 22:08,"366 1st St, Los Angeles, CA 90001"
199609,Wired Headphones,1,11.99,05/20/19 20:49,"173 12th St, Boston, MA 02215"
199610,27in 4K Gaming Monitor,1,389.99,05/17/19 21:34,"470 Washington St, Boston, MA 02215"
199611,AA Batteries (4-pack),1,3.84,05/30/19 08:39,"142 Ridge St, Portland, OR 97035"
199612,AA Batteries (4-pack),1,3.84,05/06/19 14:34,"732 8th St, San Francisco, CA 94016"
199613,Wired Headphones,1,11.99,05/28/19 20:20,"510 Maple St, San Francisco, CA 94016"
199614,AA Batteries (4-pack),1,3.84,05/17/19 15:12,"293 13th St, Portland, OR 97035"
199615,AAA Batteries (4-pack),1,2.99,05/23/19 10:50,"594 Willow St, San Francisco, CA 94016"
199616,Wired Headphones,1,11.99,05/14/19 08:21,"911 Main St, Dallas, TX 75001"
199617,AA Batteries (4-pack),1,3.84,05/27/19 05:58,"822 Lakeview St, Seattle, WA 98101"
199618,AA Batteries (4-pack),1,3.84,05/15/19 10:17,"560 Adams St, New York City, NY 10001"
199619,USB-C Charging Cable,1,11.95,05/21/19 21:35,"154 Spruce St, Seattle, WA 98101"
199620,Bose SoundSport Headphones,1,99.99,05/14/19 19:40,"583 4th St, Dallas, TX 75001"
199621,Lightning Charging Cable,1,14.95,05/25/19 16:31,"86 Park St, Los Angeles, CA 90001"
199622,Wired Headphones,1,11.99,05/13/19 07:22,"806 Lakeview St, Portland, OR 97035"
199623,USB-C Charging Cable,1,11.95,05/11/19 07:44,"231 9th St, New York City, NY 10001"
199624,27in 4K Gaming Monitor,1,389.99,05/30/19 00:11,"132 South St, San Francisco, CA 94016"
199625,Apple Airpods Headphones,1,150,05/25/19 12:10,"213 Hill St, Portland, OR 97035"
199626,34in Ultrawide Monitor,1,379.99,05/25/19 20:34,"582 Wilson St, Dallas, TX 75001"
199627,AA Batteries (4-pack),2,3.84,05/01/19 10:50,"703 Madison St, Austin, TX 73301"
199628,USB-C Charging Cable,2,11.95,05/26/19 20:09,"912 10th St, New York City, NY 10001"
199629,USB-C Charging Cable,1,11.95,05/18/19 11:02,"701 Madison St, Austin, TX 73301"
199630,27in FHD Monitor,1,149.99,05/23/19 18:03,"718 Washington St, Portland, ME 04101"
199631,AA Batteries (4-pack),1,3.84,05/04/19 09:40,"848 Cherry St, San Francisco, CA 94016"
199632,Wired Headphones,1,11.99,05/19/19 16:08,"822 Elm St, New York City, NY 10001"
199633,AAA Batteries (4-pack),1,2.99,05/14/19 14:18,"798 11th St, Los Angeles, CA 90001"
199634,34in Ultrawide Monitor,1,379.99,05/07/19 14:33,"556 Jefferson St, Los Angeles, CA 90001"
199634,Lightning Charging Cable,1,14.95,05/07/19 14:33,"556 Jefferson St, Los Angeles, CA 90001"
199635,AA Batteries (4-pack),1,3.84,05/30/19 19:21,"359 Wilson St, Dallas, TX 75001"
199636,Google Phone,1,600,05/10/19 21:30,"592 Willow St, New York City, NY 10001"
199636,USB-C Charging Cable,1,11.95,05/10/19 21:30,"592 Willow St, New York City, NY 10001"
199637,AAA Batteries (4-pack),1,2.99,05/27/19 13:40,"669 Sunset St, Dallas, TX 75001"
199638,AAA Batteries (4-pack),1,2.99,05/13/19 13:13,"960 11th St, New York City, NY 10001"
199639,AAA Batteries (4-pack),4,2.99,05/08/19 12:32,"847 Highland St, Portland, OR 97035"
199640,Google Phone,1,600,05/01/19 21:25,"90 Willow St, Atlanta, GA 30301"
199641,Lightning Charging Cable,1,14.95,05/16/19 01:18,"445 Church St, San Francisco, CA 94016"
199642,Bose SoundSport Headphones,1,99.99,05/09/19 16:22,"346 Highland St, New York City, NY 10001"
199643,AA Batteries (4-pack),1,3.84,05/30/19 17:32,"180 Center St, Portland, OR 97035"
199644,27in FHD Monitor,1,149.99,05/21/19 18:13,"170 Center St, Austin, TX 73301"
199645,Bose SoundSport Headphones,1,99.99,05/14/19 13:55,"156 Lakeview St, San Francisco, CA 94016"
199646,34in Ultrawide Monitor,1,379.99,05/06/19 11:32,"227 6th St, Seattle, WA 98101"
199647,AAA Batteries (4-pack),1,2.99,05/27/19 15:11,"874 5th St, San Francisco, CA 94016"
199648,Wired Headphones,1,11.99,05/09/19 07:48,"509 South St, Atlanta, GA 30301"
199649,Apple Airpods Headphones,1,150,05/16/19 00:10,"847 Ridge St, Dallas, TX 75001"
199649,Lightning Charging Cable,1,14.95,05/16/19 00:10,"847 Ridge St, Dallas, TX 75001"
199650,Lightning Charging Cable,1,14.95,05/04/19 19:48,"519 Walnut St, San Francisco, CA 94016"
199651,AA Batteries (4-pack),1,3.84,05/09/19 16:03,"262 Chestnut St, New York City, NY 10001"
199652,Flatscreen TV,1,300,05/14/19 13:58,"254 South St, Boston, MA 02215"
199653,Flatscreen TV,1,300,05/02/19 11:20,"671 Lake St, Atlanta, GA 30301"
199654,27in 4K Gaming Monitor,1,389.99,05/15/19 08:19,"342 South St, New York City, NY 10001"
199655,Flatscreen TV,1,300,05/15/19 20:35,"580 River St, Los Angeles, CA 90001"
199656,27in FHD Monitor,1,149.99,05/06/19 17:02,"39 Lincoln St, Seattle, WA 98101"
199657,Bose SoundSport Headphones,1,99.99,05/13/19 15:40,"706 Church St, Los Angeles, CA 90001"
199658,AA Batteries (4-pack),2,3.84,05/01/19 20:15,"346 11th St, Portland, OR 97035"
199659,AAA Batteries (4-pack),1,2.99,05/18/19 08:35,"142 Wilson St, Boston, MA 02215"
199660,Bose SoundSport Headphones,1,99.99,05/27/19 08:37,"308 11th St, San Francisco, CA 94016"
199661,Wired Headphones,1,11.99,05/17/19 11:00,"131 Madison St, Los Angeles, CA 90001"
199662,34in Ultrawide Monitor,1,379.99,05/28/19 15:13,"768 Meadow St, San Francisco, CA 94016"
199663,Wired Headphones,1,11.99,05/23/19 17:01,"86 14th St, Los Angeles, CA 90001"
199664,Wired Headphones,1,11.99,05/02/19 10:20,"117 Lincoln St, Boston, MA 02215"
199664,iPhone,1,700,05/02/19 10:20,"117 Lincoln St, Boston, MA 02215"
199665,Lightning Charging Cable,1,14.95,05/22/19 01:16,"987 4th St, Portland, OR 97035"
199666,USB-C Charging Cable,1,11.95,05/19/19 22:56,"482 Lakeview St, New York City, NY 10001"
199667,AA Batteries (4-pack),2,3.84,05/05/19 18:36,"184 Meadow St, Dallas, TX 75001"
199668,AAA Batteries (4-pack),1,2.99,05/06/19 10:56,"903 Walnut St, Dallas, TX 75001"
199669,USB-C Charging Cable,1,11.95,05/13/19 16:16,"276 8th St, San Francisco, CA 94016"
199670,USB-C Charging Cable,1,11.95,05/26/19 05:13,"947 Lake St, San Francisco, CA 94016"
199671,Lightning Charging Cable,1,14.95,05/12/19 19:52,"497 Cedar St, San Francisco, CA 94016"
199672,27in 4K Gaming Monitor,1,389.99,05/01/19 19:14,"570 Hickory St, Atlanta, GA 30301"
199673,20in Monitor,1,109.99,05/19/19 11:06,"430 Sunset St, San Francisco, CA 94016"
199674,Wired Headphones,1,11.99,05/17/19 18:45,"472 Center St, Seattle, WA 98101"
199675,27in FHD Monitor,1,149.99,05/17/19 11:45,"84 Lake St, New York City, NY 10001"
199676,LG Washing Machine,1,600.0,05/06/19 23:10,"389 North St, San Francisco, CA 94016"
199677,USB-C Charging Cable,1,11.95,05/11/19 12:18,"874 Dogwood St, Dallas, TX 75001"
199678,AAA Batteries (4-pack),1,2.99,05/05/19 12:44,"177 Hill St, Seattle, WA 98101"
199679,AA Batteries (4-pack),1,3.84,05/07/19 18:36,"873 Hickory St, Boston, MA 02215"
199680,34in Ultrawide Monitor,1,379.99,05/09/19 10:19,"621 Sunset St, Atlanta, GA 30301"
199681,USB-C Charging Cable,1,11.95,05/15/19 11:09,"756 Jackson St, San Francisco, CA 94016"
199682,Wired Headphones,1,11.99,05/16/19 12:39,"871 Adams St, Boston, MA 02215"
199683,AAA Batteries (4-pack),5,2.99,05/07/19 10:49,"964 8th St, San Francisco, CA 94016"
199684,Lightning Charging Cable,1,14.95,05/23/19 22:25,"240 11th St, Boston, MA 02215"
199685,Bose SoundSport Headphones,1,99.99,05/23/19 13:04,"840 Chestnut St, Dallas, TX 75001"
199686,AAA Batteries (4-pack),1,2.99,05/23/19 19:53,"336 River St, Los Angeles, CA 90001"
199687,Bose SoundSport Headphones,1,99.99,05/03/19 10:38,"752 14th St, Los Angeles, CA 90001"
199688,iPhone,1,700,05/06/19 21:24,"59 7th St, Boston, MA 02215"
199689,Wired Headphones,1,11.99,05/09/19 23:04,"606 2nd St, New York City, NY 10001"
199690,34in Ultrawide Monitor,1,379.99,05/29/19 05:25,"445 Sunset St, San Francisco, CA 94016"
199691,USB-C Charging Cable,1,11.95,05/03/19 12:23,"264 Maple St, Los Angeles, CA 90001"
199692,Google Phone,1,600,05/16/19 17:38,"829 10th St, San Francisco, CA 94016"
199693,Bose SoundSport Headphones,1,99.99,05/22/19 18:36,"605 Madison St, Seattle, WA 98101"
199694,Wired Headphones,1,11.99,05/16/19 13:14,"945 River St, Seattle, WA 98101"
199695,USB-C Charging Cable,1,11.95,05/24/19 11:41,"845 Lincoln St, San Francisco, CA 94016"
199696,Wired Headphones,1,11.99,05/25/19 20:41,"49 Park St, Seattle, WA 98101"
199697,Google Phone,1,600,05/07/19 02:33,"288 Willow St, Boston, MA 02215"
199697,USB-C Charging Cable,1,11.95,05/07/19 02:33,"288 Willow St, Boston, MA 02215"
199698,Apple Airpods Headphones,1,150,05/19/19 16:59,"113 Jefferson St, Boston, MA 02215"
199699,iPhone,1,700,05/21/19 04:29,"255 Maple St, Atlanta, GA 30301"
199699,Lightning Charging Cable,1,14.95,05/21/19 04:29,"255 Maple St, Atlanta, GA 30301"
199700,AAA Batteries (4-pack),1,2.99,05/25/19 13:27,"669 6th St, Atlanta, GA 30301"
199701,Lightning Charging Cable,1,14.95,05/04/19 16:05,"268 Church St, Dallas, TX 75001"
199702,27in FHD Monitor,1,149.99,05/27/19 12:40,"289 Meadow St, Boston, MA 02215"
199703,Wired Headphones,1,11.99,05/09/19 18:32,"763 Lakeview St, Seattle, WA 98101"
199704,Bose SoundSport Headphones,1,99.99,05/02/19 10:14,"76 Lincoln St, New York City, NY 10001"
199705,27in FHD Monitor,1,149.99,05/22/19 11:29,"818 Chestnut St, Los Angeles, CA 90001"
199706,Lightning Charging Cable,1,14.95,05/07/19 18:55,"229 Highland St, Atlanta, GA 30301"
199707,AA Batteries (4-pack),1,3.84,05/10/19 20:46,"873 Center St, Los Angeles, CA 90001"
199708,Wired Headphones,1,11.99,05/21/19 21:53,"67 2nd St, Boston, MA 02215"
199709,34in Ultrawide Monitor,1,379.99,05/04/19 13:44,"473 Johnson St, Boston, MA 02215"
199710,USB-C Charging Cable,1,11.95,05/29/19 13:02,"806 Cedar St, Seattle, WA 98101"
199711,Lightning Charging Cable,1,14.95,05/14/19 00:46,"770 Lakeview St, Boston, MA 02215"
199712,USB-C Charging Cable,1,11.95,05/07/19 13:21,"900 North St, San Francisco, CA 94016"
199713,iPhone,1,700,05/08/19 15:26,"842 1st St, San Francisco, CA 94016"
199713,Lightning Charging Cable,1,14.95,05/08/19 15:26,"842 1st St, San Francisco, CA 94016"
199714,Wired Headphones,1,11.99,05/07/19 17:02,"367 6th St, Boston, MA 02215"
199715,AA Batteries (4-pack),1,3.84,05/08/19 11:50,"85 12th St, San Francisco, CA 94016"
199716,Macbook Pro Laptop,1,1700,05/04/19 12:27,"795 North St, New York City, NY 10001"
199717,AA Batteries (4-pack),1,3.84,05/16/19 17:57,"715 Dogwood St, Seattle, WA 98101"
199718,USB-C Charging Cable,1,11.95,05/25/19 16:27,"116 5th St, Los Angeles, CA 90001"
199719,27in FHD Monitor,1,149.99,05/07/19 02:01,"849 5th St, New York City, NY 10001"
199720,iPhone,1,700,05/29/19 23:27,"209 Walnut St, Boston, MA 02215"
199721,Wired Headphones,1,11.99,05/25/19 11:32,"677 Washington St, Portland, OR 97035"
199722,AA Batteries (4-pack),1,3.84,05/27/19 12:37,"61 Chestnut St, San Francisco, CA 94016"
199723,AAA Batteries (4-pack),1,2.99,05/07/19 19:25,"158 12th St, San Francisco, CA 94016"
199724,Lightning Charging Cable,1,14.95,05/02/19 22:35,"896 8th St, Portland, OR 97035"
199725,AAA Batteries (4-pack),1,2.99,05/22/19 20:50,"315 Willow St, San Francisco, CA 94016"
199726,AAA Batteries (4-pack),1,2.99,05/17/19 20:38,"636 Cedar St, Boston, MA 02215"
199727,Apple Airpods Headphones,1,150,05/18/19 23:16,"917 Walnut St, Dallas, TX 75001"
199728,Bose SoundSport Headphones,1,99.99,05/08/19 07:13,"407 2nd St, San Francisco, CA 94016"
199728,Macbook Pro Laptop,1,1700,05/08/19 07:13,"407 2nd St, San Francisco, CA 94016"
199729,AAA Batteries (4-pack),1,2.99,05/21/19 19:14,"875 North St, San Francisco, CA 94016"
199730,Lightning Charging Cable,1,14.95,05/25/19 12:45,"329 7th St, New York City, NY 10001"
199731,Bose SoundSport Headphones,1,99.99,05/01/19 13:37,"722 Lake St, San Francisco, CA 94016"
199732,Wired Headphones,1,11.99,05/04/19 17:47,"146 Wilson St, San Francisco, CA 94016"
199733,Lightning Charging Cable,1,14.95,05/27/19 23:48,"191 Willow St, San Francisco, CA 94016"
199734,AA Batteries (4-pack),1,3.84,05/03/19 19:44,"426 5th St, Austin, TX 73301"
199735,27in FHD Monitor,1,149.99,05/28/19 13:24,"729 Wilson St, Los Angeles, CA 90001"
199736,Macbook Pro Laptop,1,1700,05/12/19 10:43,"307 6th St, Boston, MA 02215"
199737,Bose SoundSport Headphones,1,99.99,05/13/19 20:30,"316 Cherry St, Dallas, TX 75001"
199738,20in Monitor,1,109.99,05/21/19 20:52,"621 Highland St, Dallas, TX 75001"
199738,Flatscreen TV,1,300,05/21/19 20:52,"621 Highland St, Dallas, TX 75001"
199739,Lightning Charging Cable,1,14.95,05/24/19 15:37,"144 Hickory St, San Francisco, CA 94016"
199740,Lightning Charging Cable,1,14.95,05/30/19 18:05,"802 4th St, New York City, NY 10001"
199741,Wired Headphones,1,11.99,05/18/19 09:42,"404 Center St, Los Angeles, CA 90001"
199742,AAA Batteries (4-pack),4,2.99,05/09/19 21:34,"666 Hill St, New York City, NY 10001"
199743,Apple Airpods Headphones,1,150,05/21/19 14:58,"605 River St, Seattle, WA 98101"
199744,USB-C Charging Cable,1,11.95,05/11/19 14:43,"612 Pine St, Los Angeles, CA 90001"
199745,Wired Headphones,1,11.99,05/27/19 10:54,"397 7th St, Los Angeles, CA 90001"
199746,iPhone,1,700,05/29/19 03:19,"572 1st St, Portland, ME 04101"
199746,Wired Headphones,1,11.99,05/29/19 03:19,"572 1st St, Portland, ME 04101"
199747,AAA Batteries (4-pack),1,2.99,05/02/19 13:13,"180 West St, San Francisco, CA 94016"
199748,AA Batteries (4-pack),1,3.84,05/11/19 08:30,"409 Main St, Atlanta, GA 30301"
199748,20in Monitor,1,109.99,05/11/19 08:30,"409 Main St, Atlanta, GA 30301"
199749,AA Batteries (4-pack),1,3.84,05/07/19 18:45,"931 12th St, Seattle, WA 98101"
199750,AA Batteries (4-pack),1,3.84,05/11/19 08:30,"190 River St, Portland, OR 97035"
199751,AAA Batteries (4-pack),2,2.99,05/05/19 19:04,"222 8th St, San Francisco, CA 94016"
199752,ThinkPad Laptop,1,999.99,05/20/19 22:28,"463 7th St, Boston, MA 02215"
199753,AAA Batteries (4-pack),5,2.99,05/20/19 21:00,"16 7th St, San Francisco, CA 94016"
199754,Lightning Charging Cable,1,14.95,05/28/19 10:24,"340 Lakeview St, Los Angeles, CA 90001"
199755,USB-C Charging Cable,1,11.95,05/15/19 21:41,"282 13th St, Boston, MA 02215"
199756,Wired Headphones,1,11.99,05/10/19 12:04,"20 West St, Los Angeles, CA 90001"
199757,AA Batteries (4-pack),1,3.84,05/08/19 18:56,"951 7th St, Dallas, TX 75001"
199758,Apple Airpods Headphones,1,150,05/19/19 18:17,"563 9th St, Dallas, TX 75001"
199759,Bose SoundSport Headphones,1,99.99,05/06/19 12:42,"546 Hill St, Dallas, TX 75001"
199760,Lightning Charging Cable,1,14.95,05/15/19 15:51,"316 Hill St, San Francisco, CA 94016"
199761,Apple Airpods Headphones,1,150,05/19/19 07:02,"858 Cherry St, Seattle, WA 98101"
199762,Lightning Charging Cable,1,14.95,05/21/19 10:01,"762 Washington St, Boston, MA 02215"
199763,AA Batteries (4-pack),2,3.84,05/16/19 12:53,"639 Walnut St, San Francisco, CA 94016"
199764,Lightning Charging Cable,1,14.95,05/20/19 10:20,"83 6th St, Los Angeles, CA 90001"
199765,Apple Airpods Headphones,1,150,05/31/19 11:20,"509 Dogwood St, New York City, NY 10001"
199766,iPhone,1,700,05/14/19 10:43,"451 Center St, Seattle, WA 98101"
199767,Wired Headphones,1,11.99,05/28/19 01:06,"661 Hill St, Portland, OR 97035"
199767,27in FHD Monitor,1,149.99,05/28/19 01:06,"661 Hill St, Portland, OR 97035"
199768,27in FHD Monitor,1,149.99,05/06/19 19:26,"127 Park St, Los Angeles, CA 90001"
199769,27in 4K Gaming Monitor,1,389.99,05/28/19 12:04,"132 West St, Los Angeles, CA 90001"
199770,Lightning Charging Cable,1,14.95,05/17/19 21:01,"2 Elm St, New York City, NY 10001"
199771,27in FHD Monitor,1,149.99,05/30/19 17:58,"764 Cedar St, Los Angeles, CA 90001"
199772,Lightning Charging Cable,1,14.95,05/07/19 16:53,"553 Meadow St, Seattle, WA 98101"
199773,Apple Airpods Headphones,1,150,05/29/19 15:23,"952 4th St, Los Angeles, CA 90001"
199774,Macbook Pro Laptop,1,1700,05/26/19 20:50,"849 Johnson St, Portland, OR 97035"
199775,Wired Headphones,1,11.99,05/30/19 17:54,"601 1st St, San Francisco, CA 94016"
199776,20in Monitor,1,109.99,05/12/19 19:18,"401 Willow St, Boston, MA 02215"
199777,Lightning Charging Cable,1,14.95,05/31/19 00:34,"317 11th St, New York City, NY 10001"
199778,Apple Airpods Headphones,1,150,05/23/19 16:55,"251 12th St, Atlanta, GA 30301"
199779,ThinkPad Laptop,1,999.99,05/01/19 22:38,"786 Lincoln St, Boston, MA 02215"
199780,Lightning Charging Cable,1,14.95,05/08/19 15:52,"404 Willow St, Los Angeles, CA 90001"
199781,AAA Batteries (4-pack),2,2.99,05/09/19 13:47,"151 Elm St, Portland, OR 97035"
199781,Apple Airpods Headphones,1,150,05/09/19 13:47,"151 Elm St, Portland, OR 97035"
199782,Bose SoundSport Headphones,1,99.99,05/07/19 08:39,"174 Sunset St, Atlanta, GA 30301"
199783,USB-C Charging Cable,1,11.95,05/03/19 09:30,"789 Chestnut St, San Francisco, CA 94016"
199784,Google Phone,1,600,05/01/19 18:32,"995 Center St, San Francisco, CA 94016"
199785,USB-C Charging Cable,1,11.95,05/06/19 14:59,"780 8th St, Dallas, TX 75001"
199786,AAA Batteries (4-pack),1,2.99,05/01/19 10:17,"190 Hickory St, Dallas, TX 75001"
199787,Lightning Charging Cable,1,14.95,05/18/19 07:15,"703 Washington St, Los Angeles, CA 90001"
199788,AA Batteries (4-pack),2,3.84,05/26/19 12:30,"153 South St, Seattle, WA 98101"
199789,20in Monitor,1,109.99,05/01/19 10:15,"625 13th St, Atlanta, GA 30301"
199790,USB-C Charging Cable,1,11.95,05/14/19 11:14,"666 Johnson St, Los Angeles, CA 90001"
199791,Apple Airpods Headphones,1,150,05/12/19 17:17,"19 Hill St, Portland, OR 97035"
199792,AA Batteries (4-pack),1,3.84,05/23/19 17:49,"675 Chestnut St, Seattle, WA 98101"
199793,USB-C Charging Cable,1,11.95,05/06/19 17:26,"831 Forest St, Dallas, TX 75001"
199794,34in Ultrawide Monitor,1,379.99,05/03/19 00:31,"451 Jackson St, Atlanta, GA 30301"
Order ID,Product,Quantity Ordered,Price Each,Order Date,Purchase Address
199795,iPhone,1,700,05/08/19 20:41,"178 Main St, Seattle, WA 98101"
199796,AAA Batteries (4-pack),1,2.99,05/31/19 10:35,"339 12th St, Austin, TX 73301"
199797,Lightning Charging Cable,1,14.95,05/23/19 23:37,"416 Meadow St, New York City, NY 10001"
199798,iPhone,1,700,05/28/19 21:42,"892 Johnson St, Los Angeles, CA 90001"
199799,Wired Headphones,1,11.99,05/02/19 23:06,"612 Lincoln St, Portland, OR 97035"
199800,AAA Batteries (4-pack),2,2.99,05/04/19 20:53,"511 11th St, Boston, MA 02215"
199801,Bose SoundSport Headphones,1,99.99,05/14/19 10:43,"606 Hickory St, Dallas, TX 75001"
199802,AA Batteries (4-pack),1,3.84,05/24/19 10:13,"579 Lake St, Seattle, WA 98101"
199803,AA Batteries (4-pack),1,3.84,05/06/19 22:51,"950 6th St, Boston, MA 02215"
199804,Lightning Charging Cable,1,14.95,05/30/19 20:45,"527 12th St, Boston, MA 02215"
199805,Bose SoundSport Headphones,1,99.99,05/11/19 10:04,"140 5th St, New York City, NY 10001"
199806,AA Batteries (4-pack),1,3.84,05/05/19 12:09,"387 Maple St, Atlanta, GA 30301"
199807,AAA Batteries (4-pack),1,2.99,05/26/19 13:00,"829 Ridge St, San Francisco, CA 94016"
199808,AAA Batteries (4-pack),5,2.99,05/08/19 09:51,"219 Lake St, Austin, TX 73301"
199809,Lightning Charging Cable,1,14.95,05/12/19 22:36,"180 Center St, Dallas, TX 75001"
199810,27in 4K Gaming Monitor,1,389.99,05/17/19 10:56,"581 Spruce St, San Francisco, CA 94016"
199811,27in 4K Gaming Monitor,1,389.99,05/29/19 19:10,"332 11th St, Atlanta, GA 30301"
199812,AAA Batteries (4-pack),1,2.99,05/08/19 15:51,"791 Jefferson St, San Francisco, CA 94016"
199813,iPhone,1,700,05/29/19 17:27,"989 2nd St, Los Angeles, CA 90001"
199814,Macbook Pro Laptop,1,1700,05/02/19 20:25,"709 North St, San Francisco, CA 94016"
199815,27in FHD Monitor,1,149.99,05/15/19 09:45,"817 7th St, San Francisco, CA 94016"
199816,AA Batteries (4-pack),1,3.84,05/07/19 12:24,"36 Walnut St, Los Angeles, CA 90001"
199817,Apple Airpods Headphones,1,150,05/30/19 21:23,"499 Maple St, Austin, TX 73301"
199818,Apple Airpods Headphones,1,150,05/09/19 23:26,"993 Willow St, New York City, NY 10001"
199819,Macbook Pro Laptop,1,1700,05/04/19 12:54,"820 North St, Dallas, TX 75001"
199820,Macbook Pro Laptop,1,1700,05/03/19 20:44,"286 4th St, San Francisco, CA 94016"
199821,34in Ultrawide Monitor,1,379.99,05/18/19 14:10,"721 Johnson St, Dallas, TX 75001"
199822,USB-C Charging Cable,1,11.95,05/21/19 14:51,"598 Pine St, Dallas, TX 75001"
199823,AA Batteries (4-pack),2,3.84,05/21/19 07:49,"73 Washington St, Boston, MA 02215"
199824,ThinkPad Laptop,1,999.99,05/03/19 07:45,"677 4th St, Dallas, TX 75001"
199825,34in Ultrawide Monitor,1,379.99,05/23/19 22:21,"467 5th St, Portland, ME 04101"
199826,Lightning Charging Cable,1,14.95,05/13/19 19:19,"123 2nd St, Austin, TX 73301"
199827,Wired Headphones,1,11.99,05/19/19 08:51,"258 Elm St, Austin, TX 73301"
199828,Wired Headphones,2,11.99,05/17/19 19:29,"575 13th St, Atlanta, GA 30301"
199829,AA Batteries (4-pack),2,3.84,05/15/19 02:33,"8 14th St, Seattle, WA 98101"
199830,ThinkPad Laptop,1,999.99,05/02/19 22:23,"436 Walnut St, San Francisco, CA 94016"
199831,34in Ultrawide Monitor,1,379.99,05/05/19 15:58,"310 2nd St, New York City, NY 10001"
199832,USB-C Charging Cable,1,11.95,05/09/19 00:28,"700 Jackson St, New York City, NY 10001"
199833,27in 4K Gaming Monitor,1,389.99,05/31/19 12:24,"306 West St, Boston, MA 02215"
199834,AAA Batteries (4-pack),5,2.99,05/07/19 11:34,"782 South St, Los Angeles, CA 90001"
199835,Wired Headphones,1,11.99,05/13/19 16:25,"467 12th St, Los Angeles, CA 90001"
199836,Bose SoundSport Headphones,1,99.99,05/26/19 10:57,"215 Sunset St, San Francisco, CA 94016"
199837,Lightning Charging Cable,1,14.95,05/08/19 13:17,"636 Washington St, San Francisco, CA 94016"
199838,USB-C Charging Cable,2,11.95,05/19/19 16:06,"929 Lincoln St, Seattle, WA 98101"
199839,USB-C Charging Cable,1,11.95,05/22/19 19:01,"918 1st St, San Francisco, CA 94016"
199840,AAA Batteries (4-pack),2,2.99,05/10/19 14:11,"596 Lakeview St, New York City, NY 10001"
199841,Wired Headphones,1,11.99,05/23/19 18:07,"978 Washington St, New York City, NY 10001"
199842,34in Ultrawide Monitor,1,379.99,05/13/19 11:55,"742 Sunset St, Boston, MA 02215"
199843,Lightning Charging Cable,1,14.95,05/09/19 11:38,"622 Dogwood St, San Francisco, CA 94016"
199844,20in Monitor,1,109.99,05/09/19 12:32,"124 1st St, New York City, NY 10001"
199845,AA Batteries (4-pack),1,3.84,05/27/19 14:11,"605 Jackson St, San Francisco, CA 94016"
199846,AAA Batteries (4-pack),2,2.99,05/11/19 19:17,"557 Lake St, San Francisco, CA 94016"
199847,AA Batteries (4-pack),1,3.84,05/08/19 21:20,"475 11th St, San Francisco, CA 94016"
199848,AA Batteries (4-pack),2,3.84,05/15/19 13:21,"205 Main St, Seattle, WA 98101"
199849,Vareebadd Phone,1,400,05/07/19 13:57,"786 West St, Seattle, WA 98101"
199849,USB-C Charging Cable,1,11.95,05/07/19 13:57,"786 West St, Seattle, WA 98101"
199850,ThinkPad Laptop,1,999.99,05/25/19 21:56,"62 Washington St, Los Angeles, CA 90001"
199851,27in 4K Gaming Monitor,1,389.99,05/28/19 21:39,"858 Church St, New York City, NY 10001"
199852,AAA Batteries (4-pack),1,2.99,05/03/19 21:07,"18 River St, San Francisco, CA 94016"
199853,Bose SoundSport Headphones,1,99.99,05/27/19 11:14,"932 Chestnut St, New York City, NY 10001"
199854,Apple Airpods Headphones,1,150,05/26/19 19:24,"812 2nd St, Los Angeles, CA 90001"
199855,Bose SoundSport Headphones,1,99.99,05/23/19 10:39,"836 Meadow St, Portland, OR 97035"
199856,Apple Airpods Headphones,1,150,05/10/19 18:58,"348 5th St, Portland, ME 04101"
199857,Lightning Charging Cable,1,14.95,05/01/19 11:08,"448 Lincoln St, San Francisco, CA 94016"
199858,34in Ultrawide Monitor,1,379.99,05/04/19 13:13,"867 13th St, Boston, MA 02215"
199859,USB-C Charging Cable,2,11.95,05/03/19 08:43,"315 Highland St, San Francisco, CA 94016"
199860,27in FHD Monitor,1,149.99,05/17/19 10:12,"870 Spruce St, Los Angeles, CA 90001"
199861,Lightning Charging Cable,1,14.95,05/05/19 20:46,"537 Center St, San Francisco, CA 94016"
199862,27in FHD Monitor,1,149.99,05/25/19 20:40,"882 Lincoln St, Los Angeles, CA 90001"
199863,Lightning Charging Cable,1,14.95,05/10/19 10:35,"219 Walnut St, San Francisco, CA 94016"
199864,iPhone,1,700,05/03/19 11:35,"821 Dogwood St, Los Angeles, CA 90001"
199865,AAA Batteries (4-pack),1,2.99,05/13/19 21:03,"197 5th St, Los Angeles, CA 90001"
199866,Apple Airpods Headphones,1,150,05/02/19 22:42,"56 Center St, San Francisco, CA 94016"
199867,AAA Batteries (4-pack),2,2.99,05/25/19 21:49,"607 9th St, Los Angeles, CA 90001"
199868,34in Ultrawide Monitor,1,379.99,05/12/19 23:18,"572 8th St, Los Angeles, CA 90001"
199869,Apple Airpods Headphones,1,150,05/01/19 21:19,"681 Jackson St, New York City, NY 10001"
199870,Wired Headphones,1,11.99,05/09/19 09:37,"16 14th St, Los Angeles, CA 90001"
199871,LG Washing Machine,1,600.0,05/10/19 15:11,"721 Hickory St, Portland, OR 97035"
199872,Wired Headphones,1,11.99,05/07/19 22:26,"771 13th St, Los Angeles, CA 90001"
199873,iPhone,1,700,05/20/19 13:18,"439 Highland St, San Francisco, CA 94016"
199874,AA Batteries (4-pack),1,3.84,05/28/19 20:02,"217 Cedar St, Portland, OR 97035"
199875,Lightning Charging Cable,1,14.95,05/19/19 12:13,"593 Lakeview St, Dallas, TX 75001"
199876,Lightning Charging Cable,1,14.95,05/18/19 18:16,"673 12th St, San Francisco, CA 94016"
199877,20in Monitor,1,109.99,05/08/19 20:45,"719 Park St, New York City, NY 10001"
199878,Google Phone,1,600,05/10/19 23:42,"996 2nd St, Dallas, TX 75001"
199878,Wired Headphones,1,11.99,05/10/19 23:42,"996 2nd St, Dallas, TX 75001"
199879,AAA Batteries (4-pack),1,2.99,05/20/19 10:38,"824 Park St, Los Angeles, CA 90001"
199880,Lightning Charging Cable,1,14.95,05/25/19 11:25,"743 9th St, Austin, TX 73301"
199881,ThinkPad Laptop,1,999.99,05/24/19 19:10,"429 Forest St, Boston, MA 02215"
199882,20in Monitor,1,109.99,05/25/19 09:07,"190 Park St, San Francisco, CA 94016"
199883,AA Batteries (4-pack),1,3.84,05/24/19 08:57,"761 Jackson St, Atlanta, GA 30301"
199884,AA Batteries (4-pack),1,3.84,05/23/19 18:29,"96 Wilson St, Los Angeles, CA 90001"
199885,27in 4K Gaming Monitor,1,389.99,05/02/19 11:04,"297 Lincoln St, New York City, NY 10001"
199886,Lightning Charging Cable,1,14.95,05/02/19 18:42,"452 Church St, Dallas, TX 75001"
199887,AA Batteries (4-pack),1,3.84,05/17/19 08:53,"185 Church St, New York City, NY 10001"
199888,Lightning Charging Cable,1,14.95,05/09/19 08:35,"491 Highland St, San Francisco, CA 94016"
199889,34in Ultrawide Monitor,1,379.99,05/15/19 07:53,"664 11th St, Austin, TX 73301"
199890,USB-C Charging Cable,1,11.95,05/31/19 18:28,"783 Adams St, Boston, MA 02215"
199891,34in Ultrawide Monitor,1,379.99,05/30/19 17:39,"252 Adams St, Boston, MA 02215"
199892,LG Dryer,1,600.0,05/28/19 17:33,"125 14th St, Los Angeles, CA 90001"
199893,AAA Batteries (4-pack),1,2.99,05/23/19 14:50,"716 5th St, San Francisco, CA 94016"
199894,Wired Headphones,1,11.99,05/05/19 23:08,"428 14th St, Seattle, WA 98101"
199895,iPhone,1,700,05/29/19 16:16,"333 West St, San Francisco, CA 94016"
199896,Bose SoundSport Headphones,1,99.99,05/15/19 16:09,"734 Chestnut St, Dallas, TX 75001"
199897,Wired Headphones,1,11.99,05/13/19 20:32,"455 Washington St, San Francisco, CA 94016"
199898,ThinkPad Laptop,1,999.99,05/08/19 16:05,"249 12th St, Austin, TX 73301"
199899,Bose SoundSport Headphones,1,99.99,05/03/19 16:11,"395 Forest St, Austin, TX 73301"
199899,Flatscreen TV,1,300,05/03/19 16:11,"395 Forest St, Austin, TX 73301"
199900,27in 4K Gaming Monitor,1,389.99,05/02/19 08:25,"447 Ridge St, Dallas, TX 75001"
199901,Google Phone,1,600,05/30/19 00:01,"384 Maple St, Los Angeles, CA 90001"
199902,AA Batteries (4-pack),1,3.84,05/13/19 14:56,"721 Dogwood St, Los Angeles, CA 90001"
199903,Google Phone,1,600,05/22/19 16:49,"813 Hill St, New York City, NY 10001"
199904,AA Batteries (4-pack),1,3.84,05/08/19 12:07,"61 Cedar St, Atlanta, GA 30301"
199905,20in Monitor,1,109.99,05/09/19 07:12,"606 4th St, New York City, NY 10001"
199906,AA Batteries (4-pack),2,3.84,05/16/19 20:57,"60 7th St, New York City, NY 10001"
199907,Bose SoundSport Headphones,1,99.99,05/20/19 17:44,"252 Walnut St, Boston, MA 02215"
199908,Wired Headphones,1,11.99,05/30/19 17:33,"719 Church St, Dallas, TX 75001"
199909,AAA Batteries (4-pack),1,2.99,05/09/19 10:59,"322 Hill St, Boston, MA 02215"
199910,Wired Headphones,1,11.99,05/14/19 07:45,"758 Highland St, New York City, NY 10001"
199911,Google Phone,1,600,05/29/19 19:28,"650 Cedar St, Boston, MA 02215"
199912,Wired Headphones,1,11.99,05/09/19 20:57,"948 Main St, Seattle, WA 98101"
199913,AA Batteries (4-pack),1,3.84,05/12/19 15:37,"543 Chestnut St, Los Angeles, CA 90001"
199914,Lightning Charging Cable,1,14.95,05/30/19 17:39,"753 12th St, New York City, NY 10001"
199915,AAA Batteries (4-pack),1,2.99,05/21/19 14:34,"318 Willow St, New York City, NY 10001"
199916,Bose SoundSport Headphones,1,99.99,05/20/19 12:34,"350 Dogwood St, Seattle, WA 98101"
199917,34in Ultrawide Monitor,1,379.99,05/10/19 16:01,"230 10th St, New York City, NY 10001"
199918,AAA Batteries (4-pack),1,2.99,05/30/19 11:18,"712 Maple St, New York City, NY 10001"
199919,USB-C Charging Cable,1,11.95,05/27/19 19:29,"405 Ridge St, Portland, OR 97035"
199920,Wired Headphones,1,11.99,05/12/19 22:34,"965 Pine St, Los Angeles, CA 90001"
199921,Lightning Charging Cable,1,14.95,05/03/19 08:46,"260 West St, Los Angeles, CA 90001"
199922,AA Batteries (4-pack),1,3.84,05/31/19 10:06,"521 Cherry St, San Francisco, CA 94016"
199923,AAA Batteries (4-pack),1,2.99,05/18/19 10:44,"350 Maple St, Los Angeles, CA 90001"
199924,iPhone,1,700,05/25/19 13:41,"498 9th St, San Francisco, CA 94016"
199924,Apple Airpods Headphones,1,150,05/25/19 13:41,"498 9th St, San Francisco, CA 94016"
199925,Bose SoundSport Headphones,1,99.99,05/19/19 13:59,"643 Forest St, New York City, NY 10001"
199926,27in FHD Monitor,1,149.99,05/08/19 21:07,"116 Pine St, San Francisco, CA 94016"
199927,USB-C Charging Cable,1,11.95,05/18/19 09:45,"481 Washington St, Los Angeles, CA 90001"
199928,Wired Headphones,1,11.99,05/17/19 13:30,"861 Highland St, Austin, TX 73301"
199929,Google Phone,1,600,05/02/19 15:34,"61 2nd St, San Francisco, CA 94016"
199930,Macbook Pro Laptop,1,1700,05/16/19 06:30,"916 Dogwood St, Dallas, TX 75001"
199931,USB-C Charging Cable,1,11.95,05/02/19 12:36,"23 2nd St, San Francisco, CA 94016"
199932,AAA Batteries (4-pack),1,2.99,05/31/19 17:24,"140 Ridge St, Boston, MA 02215"
199933,AA Batteries (4-pack),1,3.84,05/10/19 16:47,"773 River St, New York City, NY 10001"
199934,AAA Batteries (4-pack),1,2.99,05/09/19 23:01,"676 Ridge St, Dallas, TX 75001"
199935,Lightning Charging Cable,1,14.95,05/05/19 18:21,"3 Forest St, Atlanta, GA 30301"
199936,AAA Batteries (4-pack),4,2.99,05/09/19 08:51,"215 Elm St, Dallas, TX 75001"
199937,USB-C Charging Cable,1,11.95,05/13/19 17:00,"318 Lincoln St, Los Angeles, CA 90001"
199938,Apple Airpods Headphones,1,150,05/04/19 19:28,"657 Ridge St, New York City, NY 10001"
199939,20in Monitor,1,109.99,05/15/19 10:36,"131 Forest St, Boston, MA 02215"
199940,Lightning Charging Cable,1,14.95,05/21/19 18:24,"205 Ridge St, Los Angeles, CA 90001"
199941,AAA Batteries (4-pack),5,2.99,05/28/19 23:08,"622 Jackson St, Boston, MA 02215"
199942,Lightning Charging Cable,1,14.95,05/27/19 14:08,"35 Lake St, Boston, MA 02215"
199943,Apple Airpods Headphones,1,150,05/03/19 17:06,"713 14th St, Los Angeles, CA 90001"
199944,Google Phone,1,600,05/19/19 15:58,"862 Cherry St, Atlanta, GA 30301"
,,,,,
199945,iPhone,1,700,05/11/19 07:47,"600 Jackson St, Atlanta, GA 30301"
199946,20in Monitor,1,109.99,05/16/19 10:03,"132 Meadow St, San Francisco, CA 94016"
199947,USB-C Charging Cable,2,11.95,05/24/19 18:52,"881 Cedar St, Los Angeles, CA 90001"
199948,AAA Batteries (4-pack),1,2.99,05/09/19 16:02,"892 2nd St, Los Angeles, CA 90001"
199948,AAA Batteries (4-pack),1,2.99,05/09/19 16:02,"892 2nd St, Los Angeles, CA 90001"
199949,Apple Airpods Headphones,1,150,05/07/19 13:40,"944 10th St, New York City, NY 10001"
199950,Bose SoundSport Headphones,1,99.99,05/08/19 18:46,"444 Willow St, Boston, MA 02215"
199951,iPhone,1,700,05/23/19 18:44,"922 2nd St, San Francisco, CA 94016"
199951,Wired Headphones,1,11.99,05/23/19 18:44,"922 2nd St, San Francisco, CA 94016"
199952,27in FHD Monitor,1,149.99,05/23/19 09:12,"479 Willow St, San Francisco, CA 94016"
199953,Lightning Charging Cable,1,14.95,05/05/19 10:50,"436 Cedar St, Seattle, WA 98101"
199954,Wired Headphones,1,11.99,05/01/19 06:51,"424 North St, Los Angeles, CA 90001"
199955,27in 4K Gaming Monitor,1,389.99,05/03/19 16:33,"65 9th St, Seattle, WA 98101"
199956,iPhone,1,700,05/18/19 18:09,"472 Cedar St, Boston, MA 02215"
199957,20in Monitor,1,109.99,05/05/19 14:08,"793 1st St, San Francisco, CA 94016"
199958,Bose SoundSport Headphones,1,99.99,05/19/19 20:16,"361 River St, San Francisco, CA 94016"
199959,ThinkPad Laptop,1,999.99,05/17/19 10:19,"177 Pine St, San Francisco, CA 94016"
199960,USB-C Charging Cable,1,11.95,05/29/19 09:38,"770 Ridge St, San Francisco, CA 94016"
199961,USB-C Charging Cable,2,11.95,05/15/19 00:38,"505 5th St, Los Angeles, CA 90001"
199962,27in FHD Monitor,1,149.99,05/16/19 10:28,"70 5th St, Boston, MA 02215"
199963,27in FHD Monitor,1,149.99,05/05/19 14:18,"863 Church St, Los Angeles, CA 90001"
199964,27in 4K Gaming Monitor,1,389.99,05/10/19 12:17,"693 North St, San Francisco, CA 94016"
199965,Macbook Pro Laptop,1,1700,05/29/19 17:14,"241 Lake St, Los Angeles, CA 90001"
199966,34in Ultrawide Monitor,1,379.99,05/01/19 13:32,"350 Lincoln St, New York City, NY 10001"
199967,AA Batteries (4-pack),3,3.84,05/24/19 12:05,"603 Cedar St, Austin, TX 73301"
199968,Flatscreen TV,1,300,05/21/19 17:58,"564 Lakeview St, Dallas, TX 75001"
199969,Lightning Charging Cable,1,14.95,05/01/19 16:46,"415 12th St, Boston, MA 02215"
199970,USB-C Charging Cable,1,11.95,05/17/19 18:10,"125 Center St, Atlanta, GA 30301"
199971,Apple Airpods Headphones,1,150,05/10/19 23:15,"61 South St, Boston, MA 02215"
199972,Flatscreen TV,1,300,05/21/19 22:17,"190 South St, Portland, ME 04101"
199973,Apple Airpods Headphones,1,150,05/20/19 14:09,"485 Chestnut St, Atlanta, GA 30301"
199974,Wired Headphones,1,11.99,05/29/19 17:27,"140 Highland St, Boston, MA 02215"
199975,Wired Headphones,1,11.99,05/15/19 05:43,"161 10th St, San Francisco, CA 94016"
199976,LG Dryer,1,600.0,05/07/19 22:58,"214 Park St, Atlanta, GA 30301"
199977,Macbook Pro Laptop,1,1700,05/05/19 20:34,"741 8th St, San Francisco, CA 94016"
199978,27in FHD Monitor,1,149.99,05/20/19 18:54,"532 Madison St, New York City, NY 10001"
199979,Wired Headphones,1,11.99,05/13/19 14:39,"340 Meadow St, New York City, NY 10001"
199980,USB-C Charging Cable,1,11.95,05/01/19 23:53,"759 Center St, Dallas, TX 75001"
199981,iPhone,1,700,05/08/19 11:46,"225 Lake St, San Francisco, CA 94016"
199982,Google Phone,1,600,05/08/19 19:46,"566 7th St, New York City, NY 10001"
199982,USB-C Charging Cable,1,11.95,05/08/19 19:46,"566 7th St, New York City, NY 10001"
199983,Wired Headphones,1,11.99,05/16/19 11:01,"636 Elm St, Boston, MA 02215"
199984,Lightning Charging Cable,1,14.95,05/29/19 19:49,"119 North St, New York City, NY 10001"
199985,iPhone,1,700,05/17/19 12:30,"107 Meadow St, Los Angeles, CA 90001"
199986,Apple Airpods Headphones,1,150,05/17/19 20:31,"987 Cedar St, New York City, NY 10001"
199987,Lightning Charging Cable,1,14.95,05/07/19 02:40,"738 Johnson St, Atlanta, GA 30301"
199988,Wired Headphones,1,11.99,05/22/19 16:56,"81 Walnut St, Portland, OR 97035"
199989,Lightning Charging Cable,1,14.95,05/12/19 02:34,"615 Madison St, Seattle, WA 98101"
199990,AAA Batteries (4-pack),2,2.99,05/24/19 08:56,"519 Highland St, San Francisco, CA 94016"
199991,Lightning Charging Cable,1,14.95,05/01/19 12:24,"780 Johnson St, Austin, TX 73301"
199992,Wired Headphones,1,11.99,05/01/19 12:52,"658 Ridge St, Dallas, TX 75001"
199993,USB-C Charging Cable,1,11.95,05/13/19 12:57,"670 Lincoln St, New York City, NY 10001"
199994,Google Phone,1,600,05/05/19 12:27,"383 14th St, New York City, NY 10001"
199994,USB-C Charging Cable,1,11.95,05/05/19 12:27,"383 14th St, New York City, NY 10001"
199995,USB-C Charging Cable,1,11.95,05/15/19 11:22,"230 Center St, Los Angeles, CA 90001"
199996,Google Phone,1,600,05/26/19 15:16,"615 Highland St, San Francisco, CA 94016"
199997,Google Phone,1,600,05/10/19 17:18,"40 Madison St, Austin, TX 73301"
199998,AA Batteries (4-pack),1,3.84,05/06/19 15:40,"682 Ridge St, Portland, ME 04101"
199999,AA Batteries (4-pack),2,3.84,05/08/19 17:47,"339 North St, Portland, ME 04101"
200000,USB-C Charging Cable,1,11.95,05/31/19 21:24,"547 Jackson St, San Francisco, CA 94016"
200001,34in Ultrawide Monitor,1,379.99,05/17/19 12:50,"210 5th St, Atlanta, GA 30301"
200002,Vareebadd Phone,1,400,05/25/19 19:58,"71 Center St, Atlanta, GA 30301"
200003,Bose SoundSport Headphones,1,99.99,05/17/19 20:14,"328 8th St, San Francisco, CA 94016"
200004,iPhone,1,700,05/02/19 18:04,"74 River St, Los Angeles, CA 90001"
200005,USB-C Charging Cable,1,11.95,05/29/19 20:39,"461 6th St, Dallas, TX 75001"
200006,AA Batteries (4-pack),1,3.84,05/10/19 23:23,"629 14th St, Los Angeles, CA 90001"
200007,AAA Batteries (4-pack),1,2.99,05/22/19 02:17,"511 Lakeview St, Los Angeles, CA 90001"
200008,Lightning Charging Cable,1,14.95,05/23/19 19:53,"340 Johnson St, San Francisco, CA 94016"
200009,Macbook Pro Laptop,1,1700,05/15/19 01:34,"925 Madison St, Atlanta, GA 30301"
200010,Wired Headphones,1,11.99,05/15/19 17:31,"577 14th St, Dallas, TX 75001"
200011,Lightning Charging Cable,1,14.95,05/18/19 21:02,"693 Hill St, New York City, NY 10001"
200012,Wired Headphones,1,11.99,05/27/19 12:56,"739 Jackson St, San Francisco, CA 94016"
200013,AA Batteries (4-pack),1,3.84,05/15/19 11:05,"644 Highland St, San Francisco, CA 94016"
200014,USB-C Charging Cable,1,11.95,05/04/19 18:25,"17 Willow St, Atlanta, GA 30301"
200015,USB-C Charging Cable,1,11.95,05/01/19 15:19,"23 Johnson St, Atlanta, GA 30301"
200016,27in FHD Monitor,1,149.99,05/17/19 19:35,"437 1st St, Boston, MA 02215"
200017,AA Batteries (4-pack),1,3.84,05/23/19 15:15,"267 North St, Austin, TX 73301"
200018,AA Batteries (4-pack),1,3.84,05/03/19 22:34,"699 Main St, San Francisco, CA 94016"
200019,27in FHD Monitor,1,149.99,05/16/19 16:17,"987 Jefferson St, San Francisco, CA 94016"
200020,Lightning Charging Cable,1,14.95,05/16/19 09:12,"386 Spruce St, Seattle, WA 98101"
200021,Macbook Pro Laptop,1,1700,05/24/19 20:54,"333 Chestnut St, Boston, MA 02215"
200022,AAA Batteries (4-pack),2,2.99,05/22/19 22:44,"611 5th St, San Francisco, CA 94016"
200023,USB-C Charging Cable,1,11.95,05/07/19 12:19,"456 Chestnut St, Los Angeles, CA 90001"
200024,Wired Headphones,1,11.99,05/23/19 18:46,"222 Center St, Boston, MA 02215"
200025,Apple Airpods Headphones,1,150,05/19/19 15:24,"713 Cedar St, San Francisco, CA 94016"
200026,Bose SoundSport Headphones,1,99.99,05/11/19 13:28,"76 13th St, New York City, NY 10001"
200027,AA Batteries (4-pack),1,3.84,05/28/19 12:02,"868 13th St, Boston, MA 02215"
200028,USB-C Charging Cable,1,11.95,05/31/19 13:18,"591 Cedar St, New York City, NY 10001"
200029,Lightning Charging Cable,1,14.95,05/11/19 10:10,"702 9th St, Seattle, WA 98101"
200030,27in 4K Gaming Monitor,1,389.99,05/09/19 16:08,"218 Ridge St, San Francisco, CA 94016"
200031,Apple Airpods Headphones,1,150,05/04/19 15:57,"882 Chestnut St, Portland, OR 97035"
200032,Lightning Charging Cable,1,14.95,05/16/19 11:19,"252 13th St, Los Angeles, CA 90001"
200033,iPhone,1,700,05/11/19 23:03,"796 Hill St, Portland, OR 97035"
200034,AA Batteries (4-pack),1,3.84,05/15/19 14:33,"195 Forest St, Portland, OR 97035"
200035,AA Batteries (4-pack),4,3.84,05/26/19 14:50,"413 1st St, San Francisco, CA 94016"
200036,AAA Batteries (4-pack),2,2.99,05/11/19 15:13,"201 8th St, New York City, NY 10001"
200037,20in Monitor,1,109.99,05/01/19 21:47,"524 Church St, San Francisco, CA 94016"
200038,AA Batteries (4-pack),1,3.84,05/12/19 21:18,"947 West St, Dallas, TX 75001"
200039,Flatscreen TV,1,300,05/24/19 11:33,"918 12th St, Atlanta, GA 30301"
200040,Apple Airpods Headphones,1,150,05/04/19 22:24,"325 Madison St, Austin, TX 73301"
200041,USB-C Charging Cable,1,11.95,05/28/19 23:19,"563 Johnson St, Los Angeles, CA 90001"
200042,ThinkPad Laptop,1,999.99,05/25/19 13:04,"154 Hill St, Austin, TX 73301"
200043,USB-C Charging Cable,1,11.95,05/29/19 14:07,"512 Jackson St, Los Angeles, CA 90001"
200044,Lightning Charging Cable,2,14.95,05/18/19 15:29,"831 Main St, San Francisco, CA 94016"
200045,Wired Headphones,1,11.99,05/12/19 18:59,"72 2nd St, Dallas, TX 75001"
200046,27in FHD Monitor,1,149.99,05/16/19 14:49,"303 Washington St, New York City, NY 10001"
200047,iPhone,1,700,05/22/19 18:00,"272 Meadow St, San Francisco, CA 94016"
200048,AA Batteries (4-pack),2,3.84,05/26/19 21:50,"946 Willow St, Los Angeles, CA 90001"
200049,AAA Batteries (4-pack),1,2.99,05/25/19 17:35,"587 Dogwood St, Portland, OR 97035"
200050,27in FHD Monitor,1,149.99,05/29/19 15:05,"467 Maple St, Los Angeles, CA 90001"
200051,Wired Headphones,1,11.99,05/15/19 11:31,"446 Hickory St, Boston, MA 02215"
200052,Lightning Charging Cable,1,14.95,05/02/19 08:52,"692 Elm St, Seattle, WA 98101"
200053,Apple Airpods Headphones,1,150,05/16/19 23:10,"559 10th St, San Francisco, CA 94016"
200054,Flatscreen TV,1,300,05/02/19 14:24,"426 6th St, Los Angeles, CA 90001"
200055,AA Batteries (4-pack),1,3.84,05/19/19 16:14,"220 Park St, Portland, OR 97035"
200056,USB-C Charging Cable,1,11.95,05/22/19 15:50,"542 8th St, Seattle, WA 98101"
200057,Apple Airpods Headphones,1,150,05/23/19 21:42,"465 2nd St, Boston, MA 02215"
200058,Bose SoundSport Headphones,1,99.99,05/02/19 18:26,"414 Cherry St, Atlanta, GA 30301"
200059,Macbook Pro Laptop,1,1700,05/19/19 09:53,"746 Adams St, Los Angeles, CA 90001"
200060,USB-C Charging Cable,1,11.95,05/07/19 11:14,"616 Jefferson St, Los Angeles, CA 90001"
200061,Wired Headphones,1,11.99,05/03/19 15:06,"802 12th St, Atlanta, GA 30301"
200062,27in 4K Gaming Monitor,1,389.99,05/09/19 10:05,"644 Lincoln St, Austin, TX 73301"
200063,Bose SoundSport Headphones,1,99.99,05/11/19 09:36,"708 Dogwood St, Atlanta, GA 30301"
200064,AA Batteries (4-pack),1,3.84,05/27/19 21:44,"505 Lakeview St, San Francisco, CA 94016"
200065,Lightning Charging Cable,1,14.95,05/21/19 19:43,"585 Park St, Portland, OR 97035"
200066,Wired Headphones,2,11.99,05/04/19 16:10,"249 Hickory St, Los Angeles, CA 90001"
200067,Wired Headphones,1,11.99,05/07/19 01:09,"416 Lakeview St, San Francisco, CA 94016"
200068,Lightning Charging Cable,1,14.95,05/08/19 18:05,"167 10th St, Los Angeles, CA 90001"
200069,USB-C Charging Cable,1,11.95,05/12/19 14:53,"425 Dogwood St, Portland, OR 97035"
200070,Lightning Charging Cable,1,14.95,05/14/19 10:39,"728 10th St, Los Angeles, CA 90001"
200071,AA Batteries (4-pack),1,3.84,05/21/19 16:10,"667 Center St, Austin, TX 73301"
200071,AAA Batteries (4-pack),2,2.99,05/21/19 16:10,"667 Center St, Austin, TX 73301"
200072,AA Batteries (4-pack),1,3.84,05/20/19 12:01,"897 Washington St, Boston, MA 02215"
200073,LG Washing Machine,1,600.0,05/03/19 19:03,"794 13th St, New York City, NY 10001"
200074,Bose SoundSport Headphones,1,99.99,05/17/19 15:29,"117 Main St, Los Angeles, CA 90001"
200075,USB-C Charging Cable,2,11.95,05/24/19 13:34,"810 Dogwood St, Dallas, TX 75001"
200076,20in Monitor,1,109.99,05/31/19 15:03,"104 Walnut St, Atlanta, GA 30301"
200077,USB-C Charging Cable,1,11.95,05/02/19 23:16,"979 9th St, Seattle, WA 98101"
200078,USB-C Charging Cable,1,11.95,05/14/19 18:21,"807 Sunset St, Boston, MA 02215"
200079,Bose SoundSport Headphones,1,99.99,05/11/19 10:57,"907 North St, Dallas, TX 75001"
200079,AA Batteries (4-pack),1,3.84,05/11/19 10:57,"907 North St, Dallas, TX 75001"
200080,Lightning Charging Cable,1,14.95,05/23/19 19:53,"654 12th St, Seattle, WA 98101"
200081,Lightning Charging Cable,1,14.95,05/31/19 19:47,"692 Walnut St, Atlanta, GA 30301"
200082,Lightning Charging Cable,1,14.95,05/05/19 15:59,"558 5th St, Los Angeles, CA 90001"
200083,27in FHD Monitor,1,149.99,05/05/19 14:56,"579 5th St, Boston, MA 02215"
200084,Apple Airpods Headphones,1,150,05/27/19 16:07,"503 12th St, New York City, NY 10001"
200085,USB-C Charging Cable,1,11.95,05/25/19 22:34,"321 Lake St, San Francisco, CA 94016"
200086,Lightning Charging Cable,1,14.95,05/05/19 13:33,"7 7th St, Los Angeles, CA 90001"
200087,AAA Batteries (4-pack),1,2.99,05/23/19 20:34,"272 West St, New York City, NY 10001"
200088,iPhone,1,700,05/16/19 16:14,"48 Highland St, New York City, NY 10001"
200089,Wired Headphones,1,11.99,05/09/19 09:38,"546 Church St, Seattle, WA 98101"
200090,Wired Headphones,1,11.99,05/18/19 07:28,"256 Washington St, San Francisco, CA 94016"
200091,AAA Batteries (4-pack),1,2.99,05/05/19 18:52,"5 9th St, San Francisco, CA 94016"
200092,Apple Airpods Headphones,1,150,05/31/19 18:58,"398 Hill St, Dallas, TX 75001"
200093,Lightning Charging Cable,1,14.95,05/24/19 09:52,"249 Jackson St, San Francisco, CA 94016"
200094,Lightning Charging Cable,1,14.95,05/02/19 19:44,"71 11th St, San Francisco, CA 94016"
200095,Bose SoundSport Headphones,1,99.99,05/16/19 16:40,"262 5th St, Seattle, WA 98101"
200096,AA Batteries (4-pack),1,3.84,05/05/19 22:13,"721 Main St, Seattle, WA 98101"
200097,Bose SoundSport Headphones,1,99.99,05/18/19 14:10,"798 Highland St, Dallas, TX 75001"
200098,Lightning Charging Cable,1,14.95,05/02/19 08:43,"691 Elm St, San Francisco, CA 94016"
200099,AA Batteries (4-pack),1,3.84,05/08/19 16:51,"570 Sunset St, Los Angeles, CA 90001"
200100,Lightning Charging Cable,1,14.95,05/15/19 10:34,"950 River St, Portland, OR 97035"
200101,AA Batteries (4-pack),1,3.84,05/22/19 08:07,"902 Sunset St, New York City, NY 10001"
200102,27in 4K Gaming Monitor,1,389.99,05/06/19 13:12,"758 Madison St, Boston, MA 02215"
200103,Google Phone,1,600,05/22/19 21:34,"571 Meadow St, Dallas, TX 75001"
200103,Wired Headphones,1,11.99,05/22/19 21:34,"571 Meadow St, Dallas, TX 75001"
200104,Lightning Charging Cable,1,14.95,05/21/19 09:48,"360 Johnson St, Portland, OR 97035"
200105,Wired Headphones,1,11.99,05/28/19 00:32,"868 River St, Portland, OR 97035"
200106,Apple Airpods Headphones,1,150,05/07/19 22:39,"275 Wilson St, Los Angeles, CA 90001"
200107,Lightning Charging Cable,1,14.95,05/02/19 13:48,"335 8th St, Boston, MA 02215"
200108,Wired Headphones,1,11.99,05/30/19 11:20,"450 Main St, Portland, OR 97035"
200109,Lightning Charging Cable,2,14.95,05/08/19 12:51,"30 Jefferson St, Dallas, TX 75001"
200110,Vareebadd Phone,1,400,05/15/19 18:34,"723 Main St, San Francisco, CA 94016"
200111,Apple Airpods Headphones,1,150,05/29/19 19:48,"424 West St, Los Angeles, CA 90001"
200112,34in Ultrawide Monitor,1,379.99,05/10/19 12:31,"798 Jefferson St, Seattle, WA 98101"
200113,AA Batteries (4-pack),1,3.84,05/21/19 20:30,"614 Church St, Los Angeles, CA 90001"
200114,AAA Batteries (4-pack),1,2.99,05/02/19 01:08,"857 Main St, Los Angeles, CA 90001"
200115,Wired Headphones,1,11.99,05/31/19 23:41,"709 6th St, Atlanta, GA 30301"
200116,USB-C Charging Cable,1,11.95,05/02/19 23:59,"793 Church St, San Francisco, CA 94016"
200117,Wired Headphones,2,11.99,05/16/19 20:40,"380 Johnson St, San Francisco, CA 94016"
200118,Lightning Charging Cable,1,14.95,05/28/19 16:37,"875 Dogwood St, Los Angeles, CA 90001"
200119,USB-C Charging Cable,1,11.95,05/01/19 16:50,"451 Washington St, Boston, MA 02215"
200120,Bose SoundSport Headphones,1,99.99,05/06/19 10:02,"825 Lake St, Boston, MA 02215"
200121,AA Batteries (4-pack),1,3.84,05/07/19 00:25,"284 North St, Seattle, WA 98101"
200122,LG Dryer,1,600.0,05/07/19 18:16,"293 Maple St, San Francisco, CA 94016"
200123,Flatscreen TV,1,300,05/08/19 12:48,"413 Main St, Dallas, TX 75001"
200124,Lightning Charging Cable,1,14.95,05/26/19 16:30,"641 Cherry St, Austin, TX 73301"
200125,AA Batteries (4-pack),1,3.84,05/06/19 16:58,"560 Hickory St, New York City, NY 10001"
200126,Flatscreen TV,1,300,05/27/19 08:34,"884 Hill St, Atlanta, GA 30301"
200127,AA Batteries (4-pack),1,3.84,05/07/19 10:53,"718 River St, Boston, MA 02215"
200128,Lightning Charging Cable,2,14.95,05/27/19 12:28,"647 Walnut St, Dallas, TX 75001"
200129,USB-C Charging Cable,1,11.95,05/20/19 18:17,"891 Lake St, Los Angeles, CA 90001"
200130,Lightning Charging Cable,1,14.95,05/16/19 14:14,"434 9th St, Portland, OR 97035"
200131,AA Batteries (4-pack),1,3.84,05/07/19 18:23,"357 8th St, San Francisco, CA 94016"
200132,20in Monitor,1,109.99,05/02/19 12:28,"422 10th St, Portland, OR 97035"
200133,AA Batteries (4-pack),1,3.84,05/22/19 09:05,"39 Willow St, New York City, NY 10001"
200134,AAA Batteries (4-pack),2,2.99,05/13/19 18:24,"79 Ridge St, Boston, MA 02215"
200135,34in Ultrawide Monitor,1,379.99,05/29/19 16:05,"458 Walnut St, New York City, NY 10001"
200136,Wired Headphones,1,11.99,05/07/19 09:33,"912 12th St, San Francisco, CA 94016"
200137,USB-C Charging Cable,1,11.95,05/23/19 18:51,"998 Hickory St, San Francisco, CA 94016"
,,,,,
200138,AAA Batteries (4-pack),2,2.99,05/01/19 12:46,"856 Jackson St, Los Angeles, CA 90001"
200139,20in Monitor,1,109.99,05/08/19 22:48,"360 5th St, San Francisco, CA 94016"
200140,AAA Batteries (4-pack),1,2.99,05/14/19 11:08,"499 Johnson St, Seattle, WA 98101"
200141,Vareebadd Phone,1,400,05/27/19 16:47,"44 10th St, New York City, NY 10001"
200142,AAA Batteries (4-pack),3,2.99,05/04/19 11:24,"54 Washington St, Atlanta, GA 30301"
200143,Wired Headphones,1,11.99,05/06/19 23:16,"191 Lake St, New York City, NY 10001"
200144,20in Monitor,1,109.99,05/06/19 16:05,"469 Walnut St, Portland, ME 04101"
200144,USB-C Charging Cable,1,11.95,05/06/19 16:05,"469 Walnut St, Portland, ME 04101"
200145,Flatscreen TV,1,300,05/17/19 14:59,"135 Pine St, Boston, MA 02215"
200146,AAA Batteries (4-pack),2,2.99,05/12/19 23:10,"178 Lake St, Boston, MA 02215"
200147,AA Batteries (4-pack),1,3.84,05/15/19 19:18,"510 Madison St, Los Angeles, CA 90001"
200148,USB-C Charging Cable,1,11.95,05/22/19 05:37,"956 7th St, Dallas, TX 75001"
200149,Wired Headphones,1,11.99,05/05/19 10:57,"86 Park St, Dallas, TX 75001"
200150,Bose SoundSport Headphones,1,99.99,05/28/19 12:35,"850 Hill St, Seattle, WA 98101"
200151,Wired Headphones,1,11.99,05/02/19 16:18,"808 2nd St, New York City, NY 10001"
200152,27in 4K Gaming Monitor,1,389.99,05/05/19 06:24,"100 11th St, San Francisco, CA 94016"
200153,AAA Batteries (4-pack),4,2.99,05/24/19 12:41,"96 Lakeview St, Portland, OR 97035"
200154,Lightning Charging Cable,1,14.95,05/06/19 22:57,"249 South St, San Francisco, CA 94016"
200155,Macbook Pro Laptop,1,1700,05/14/19 14:33,"547 Jackson St, Los Angeles, CA 90001"
200156,USB-C Charging Cable,1,11.95,05/16/19 13:04,"252 Maple St, Portland, OR 97035"
200157,27in FHD Monitor,1,149.99,05/18/19 11:09,"668 13th St, Portland, OR 97035"
200158,iPhone,1,700,05/17/19 18:57,"805 Jefferson St, Los Angeles, CA 90001"
200159,27in 4K Gaming Monitor,1,389.99,05/07/19 12:54,"624 Lincoln St, Seattle, WA 98101"
200160,20in Monitor,1,109.99,05/23/19 16:53,"102 Center St, Los Angeles, CA 90001"
200161,USB-C Charging Cable,1,11.95,05/29/19 21:24,"693 Main St, San Francisco, CA 94016"
200162,AA Batteries (4-pack),1,3.84,05/22/19 21:08,"446 Adams St, New York City, NY 10001"
200163,Lightning Charging Cable,1,14.95,05/13/19 18:17,"19 2nd St, Seattle, WA 98101"
200164,AAA Batteries (4-pack),3,2.99,05/22/19 14:31,"440 Elm St, New York City, NY 10001"
200165,ThinkPad Laptop,1,999.99,05/07/19 22:36,"91 Jackson St, Seattle, WA 98101"
200166,Macbook Pro Laptop,1,1700,05/03/19 15:39,"532 Hill St, Boston, MA 02215"
200167,Flatscreen TV,1,300,05/03/19 13:03,"997 Highland St, Los Angeles, CA 90001"
200168,27in 4K Gaming Monitor,1,389.99,05/28/19 09:20,"989 Madison St, Seattle, WA 98101"
200169,Wired Headphones,1,11.99,05/02/19 20:18,"904 7th St, Atlanta, GA 30301"
200170,Flatscreen TV,1,300,05/08/19 22:55,"195 7th St, Seattle, WA 98101"
200171,Apple Airpods Headphones,1,150,05/10/19 18:11,"881 Sunset St, Portland, OR 97035"
200172,USB-C Charging Cable,1,11.95,05/09/19 09:51,"182 Main St, San Francisco, CA 94016"
200172,27in FHD Monitor,1,149.99,05/09/19 09:51,"182 Main St, San Francisco, CA 94016"
200173,27in FHD Monitor,1,149.99,05/26/19 17:52,"750 Meadow St, Austin, TX 73301"
200174,AAA Batteries (4-pack),2,2.99,05/02/19 06:39,"830 Walnut St, San Francisco, CA 94016"
200175,Google Phone,1,600,05/11/19 07:36,"489 Cherry St, Atlanta, GA 30301"
200176,Wired Headphones,1,11.99,05/05/19 14:04,"254 12th St, Los Angeles, CA 90001"
200177,AA Batteries (4-pack),1,3.84,05/02/19 12:32,"611 North St, Los Angeles, CA 90001"
200178,Google Phone,1,600,05/25/19 11:35,"607 5th St, Portland, ME 04101"
200179,USB-C Charging Cable,1,11.95,05/16/19 16:47,"174 Forest St, Los Angeles, CA 90001"
200180,Wired Headphones,1,11.99,05/23/19 11:25,"305 4th St, Boston, MA 02215"
200181,20in Monitor,1,109.99,05/02/19 13:09,"991 Lake St, Dallas, TX 75001"
200182,Apple Airpods Headphones,1,150,05/04/19 13:26,"541 7th St, Seattle, WA 98101"
200183,34in Ultrawide Monitor,1,379.99,05/16/19 15:07,"167 Hickory St, Los Angeles, CA 90001"
200184,Apple Airpods Headphones,1,150,05/25/19 14:10,"878 Dogwood St, Atlanta, GA 30301"
200185,Apple Airpods Headphones,1,150,05/28/19 10:05,"838 Cedar St, Atlanta, GA 30301"
200186,Lightning Charging Cable,1,14.95,05/19/19 18:02,"862 Johnson St, Boston, MA 02215"
200187,USB-C Charging Cable,1,11.95,05/28/19 16:38,"863 Park St, Austin, TX 73301"
200188,AAA Batteries (4-pack),1,2.99,05/08/19 09:02,"570 Jefferson St, Atlanta, GA 30301"
200189,Lightning Charging Cable,1,14.95,05/18/19 15:00,"19 Willow St, San Francisco, CA 94016"
200190,Lightning Charging Cable,1,14.95,05/04/19 19:53,"268 Cherry St, Atlanta, GA 30301"
200191,Apple Airpods Headphones,1,150,05/23/19 11:14,"965 West St, Atlanta, GA 30301"
200192,Lightning Charging Cable,2,14.95,05/01/19 12:03,"330 Forest St, Los Angeles, CA 90001"
200193,Vareebadd Phone,1,400,05/30/19 19:35,"279 11th St, Los Angeles, CA 90001"
,,,,,
200194,Bose SoundSport Headphones,1,99.99,05/14/19 15:58,"956 5th St, Los Angeles, CA 90001"
200195,Google Phone,1,600,05/28/19 12:12,"744 13th St, San Francisco, CA 94016"
200196,Lightning Charging Cable,1,14.95,05/12/19 17:05,"569 14th St, San Francisco, CA 94016"
200197,Lightning Charging Cable,1,14.95,05/07/19 08:45,"674 Jackson St, Atlanta, GA 30301"
200198,Lightning Charging Cable,1,14.95,05/13/19 09:41,"205 Washington St, Portland, OR 97035"
200199,Apple Airpods Headphones,1,150,05/06/19 12:42,"561 Chestnut St, Dallas, TX 75001"
200200,AA Batteries (4-pack),1,3.84,05/21/19 16:41,"148 4th St, Portland, ME 04101"
200201,Lightning Charging Cable,1,14.95,05/29/19 14:13,"123 12th St, New York City, NY 10001"
200202,Macbook Pro Laptop,1,1700,05/19/19 23:19,"829 14th St, New York City, NY 10001"
200203,Bose SoundSport Headphones,1,99.99,05/12/19 13:57,"712 4th St, Los Angeles, CA 90001"
200204,AAA Batteries (4-pack),1,2.99,05/10/19 16:36,"733 9th St, Atlanta, GA 30301"
200205,Bose SoundSport Headphones,1,99.99,05/17/19 11:15,"938 Elm St, New York City, NY 10001"
200206,AA Batteries (4-pack),1,3.84,05/19/19 09:47,"304 Wilson St, San Francisco, CA 94016"
200207,USB-C Charging Cable,1,11.95,05/30/19 18:42,"262 Walnut St, San Francisco, CA 94016"
200208,AA Batteries (4-pack),1,3.84,05/04/19 21:30,"125 South St, San Francisco, CA 94016"
200209,Apple Airpods Headphones,1,150,05/30/19 23:00,"213 Center St, San Francisco, CA 94016"
200210,Lightning Charging Cable,1,14.95,05/14/19 22:35,"901 Walnut St, Seattle, WA 98101"
200211,ThinkPad Laptop,1,999.99,05/02/19 21:41,"238 11th St, Portland, OR 97035"
200212,AAA Batteries (4-pack),1,2.99,05/11/19 11:33,"418 Lincoln St, Dallas, TX 75001"
200213,USB-C Charging Cable,1,11.95,05/11/19 12:16,"547 Willow St, San Francisco, CA 94016"
200214,20in Monitor,1,109.99,05/26/19 18:00,"226 7th St, Los Angeles, CA 90001"
200215,ThinkPad Laptop,1,999.99,05/07/19 12:28,"979 Johnson St, Atlanta, GA 30301"
200216,AA Batteries (4-pack),2,3.84,05/20/19 18:47,"968 Ridge St, Boston, MA 02215"
200217,Apple Airpods Headphones,1,150,05/25/19 11:39,"294 Hickory St, New York City, NY 10001"
200218,Macbook Pro Laptop,1,1700,05/17/19 17:16,"356 9th St, San Francisco, CA 94016"
200219,27in 4K Gaming Monitor,1,389.99,05/26/19 13:29,"399 Cherry St, Boston, MA 02215"
200220,Bose SoundSport Headphones,1,99.99,05/14/19 11:47,"618 Pine St, Boston, MA 02215"
200221,AAA Batteries (4-pack),1,2.99,05/18/19 10:54,"281 River St, Austin, TX 73301"
200222,Lightning Charging Cable,1,14.95,05/30/19 16:55,"92 9th St, Los Angeles, CA 90001"
200223,Apple Airpods Headphones,1,150,05/02/19 23:03,"465 Dogwood St, Seattle, WA 98101"
200224,ThinkPad Laptop,1,999.99,05/05/19 22:36,"261 Dogwood St, Boston, MA 02215"
200225,iPhone,1,700,05/30/19 11:07,"331 10th St, New York City, NY 10001"
200225,Lightning Charging Cable,1,14.95,05/30/19 11:07,"331 10th St, New York City, NY 10001"
200226,Flatscreen TV,1,300,05/27/19 08:00,"569 13th St, Boston, MA 02215"
200227,AA Batteries (4-pack),1,3.84,05/08/19 19:50,"289 Wilson St, San Francisco, CA 94016"
200228,Flatscreen TV,1,300,05/13/19 19:57,"515 Madison St, Seattle, WA 98101"
200229,Wired Headphones,1,11.99,05/21/19 05:28,"347 10th St, Boston, MA 02215"
200230,20in Monitor,1,109.99,05/20/19 12:44,"232 13th St, Los Angeles, CA 90001"
200231,AAA Batteries (4-pack),1,2.99,05/19/19 12:16,"655 Dogwood St, Los Angeles, CA 90001"
200232,Wired Headphones,1,11.99,05/04/19 12:03,"760 Willow St, Austin, TX 73301"
200233,Vareebadd Phone,1,400,05/16/19 23:07,"778 Main St, San Francisco, CA 94016"
200234,Bose SoundSport Headphones,1,99.99,05/14/19 02:08,"904 4th St, Dallas, TX 75001"
200235,USB-C Charging Cable,1,11.95,05/30/19 13:44,"55 9th St, New York City, NY 10001"
200236,iPhone,1,700,05/18/19 21:28,"179 Adams St, New York City, NY 10001"
200236,Lightning Charging Cable,1,14.95,05/18/19 21:28,"179 Adams St, New York City, NY 10001"
200237,Lightning Charging Cable,1,14.95,05/22/19 15:44,"774 4th St, Los Angeles, CA 90001"
200238,AA Batteries (4-pack),1,3.84,05/01/19 16:08,"399 Church St, Los Angeles, CA 90001"
200239,AAA Batteries (4-pack),2,2.99,05/04/19 15:35,"830 Cherry St, New York City, NY 10001"
200240,Google Phone,1,600,05/26/19 01:48,"81 Madison St, Dallas, TX 75001"
200240,USB-C Charging Cable,1,11.95,05/26/19 01:48,"81 Madison St, Dallas, TX 75001"
200241,iPhone,1,700,05/21/19 17:37,"185 Madison St, San Francisco, CA 94016"
200241,Lightning Charging Cable,1,14.95,05/21/19 17:37,"185 Madison St, San Francisco, CA 94016"
200241,Wired Headphones,1,11.99,05/21/19 17:37,"185 Madison St, San Francisco, CA 94016"
200242,34in Ultrawide Monitor,1,379.99,05/30/19 21:20,"823 Elm St, Los Angeles, CA 90001"
200243,Apple Airpods Headphones,1,150,05/04/19 18:17,"350 1st St, Dallas, TX 75001"
200244,Bose SoundSport Headphones,1,99.99,05/07/19 22:42,"541 Cedar St, Seattle, WA 98101"
200245,Apple Airpods Headphones,1,150,05/13/19 17:02,"831 Center St, Portland, OR 97035"
200246,Lightning Charging Cable,1,14.95,05/26/19 16:51,"390 5th St, Los Angeles, CA 90001"
200247,USB-C Charging Cable,2,11.95,05/02/19 11:10,"309 South St, New York City, NY 10001"
200248,Apple Airpods Headphones,1,150,05/14/19 17:22,"529 Hill St, Atlanta, GA 30301"
200249,Wired Headphones,2,11.99,05/22/19 09:45,"267 Church St, Portland, OR 97035"
200250,AAA Batteries (4-pack),1,2.99,05/18/19 17:54,"455 Hill St, Austin, TX 73301"
200251,AAA Batteries (4-pack),1,2.99,05/10/19 23:05,"603 Ridge St, Los Angeles, CA 90001"
200252,Bose SoundSport Headphones,1,99.99,05/14/19 14:27,"3 12th St, San Francisco, CA 94016"
200253,Apple Airpods Headphones,1,150,05/10/19 17:57,"810 Meadow St, New York City, NY 10001"
200254,Apple Airpods Headphones,1,150,05/21/19 10:32,"450 South St, New York City, NY 10001"
200255,Apple Airpods Headphones,1,150,05/01/19 14:26,"183 West St, San Francisco, CA 94016"
200256,AAA Batteries (4-pack),1,2.99,05/09/19 20:15,"342 14th St, Boston, MA 02215"
200257,USB-C Charging Cable,1,11.95,05/11/19 18:22,"634 Adams St, Los Angeles, CA 90001"
200258,Bose SoundSport Headphones,1,99.99,05/21/19 09:52,"541 Cedar St, Seattle, WA 98101"
200259,USB-C Charging Cable,1,11.95,05/14/19 10:47,"270 Washington St, Los Angeles, CA 90001"
200260,Wired Headphones,1,11.99,05/18/19 19:52,"314 Park St, Austin, TX 73301"
200261,AAA Batteries (4-pack),1,2.99,05/08/19 16:34,"435 Dogwood St, Los Angeles, CA 90001"
200262,USB-C Charging Cable,1,11.95,05/17/19 09:56,"291 River St, Boston, MA 02215"
200263,USB-C Charging Cable,1,11.95,05/24/19 00:54,"624 Pine St, Portland, ME 04101"
200264,27in 4K Gaming Monitor,1,389.99,05/14/19 17:01,"630 Spruce St, Seattle, WA 98101"
200265,Wired Headphones,1,11.99,05/20/19 09:52,"389 South St, San Francisco, CA 94016"
200266,AA Batteries (4-pack),2,3.84,05/31/19 10:46,"208 North St, New York City, NY 10001"
200267,27in 4K Gaming Monitor,1,389.99,05/09/19 20:51,"599 South St, San Francisco, CA 94016"
200268,USB-C Charging Cable,1,11.95,05/04/19 09:04,"341 13th St, Dallas, TX 75001"
200269,27in 4K Gaming Monitor,1,389.99,05/03/19 23:19,"294 Dogwood St, New York City, NY 10001"
200270,Lightning Charging Cable,1,14.95,05/28/19 15:09,"367 6th St, Boston, MA 02215"
200271,Bose SoundSport Headphones,1,99.99,05/28/19 12:52,"498 Ridge St, San Francisco, CA 94016"
200272,20in Monitor,1,109.99,05/04/19 14:22,"295 Highland St, Seattle, WA 98101"
200273,Wired Headphones,1,11.99,05/18/19 21:53,"984 Lincoln St, San Francisco, CA 94016"
200274,AAA Batteries (4-pack),2,2.99,05/08/19 12:48,"620 North St, San Francisco, CA 94016"
200275,Apple Airpods Headphones,1,150,05/17/19 09:37,"63 11th St, New York City, NY 10001"
200276,AAA Batteries (4-pack),1,2.99,05/14/19 17:12,"926 5th St, San Francisco, CA 94016"
200277,AAA Batteries (4-pack),1,2.99,05/19/19 20:30,"920 12th St, Seattle, WA 98101"
200278,Flatscreen TV,1,300,05/30/19 10:48,"131 2nd St, San Francisco, CA 94016"
200278,AA Batteries (4-pack),2,3.84,05/30/19 10:48,"131 2nd St, San Francisco, CA 94016"
200279,Lightning Charging Cable,1,14.95,05/30/19 12:45,"502 13th St, San Francisco, CA 94016"
200280,Apple Airpods Headphones,1,150,05/26/19 20:27,"466 6th St, Atlanta, GA 30301"
200281,27in 4K Gaming Monitor,1,389.99,05/08/19 18:08,"925 Spruce St, San Francisco, CA 94016"
200282,AA Batteries (4-pack),4,3.84,05/16/19 08:41,"613 Hill St, San Francisco, CA 94016"
200283,USB-C Charging Cable,1,11.95,05/16/19 16:05,"965 Willow St, San Francisco, CA 94016"
200284,20in Monitor,1,109.99,05/16/19 13:00,"202 Hill St, Austin, TX 73301"
200285,Macbook Pro Laptop,1,1700,05/20/19 17:17,"925 Jefferson St, Dallas, TX 75001"
200286,Lightning Charging Cable,1,14.95,05/14/19 23:35,"94 11th St, Dallas, TX 75001"
200287,AAA Batteries (4-pack),1,2.99,05/06/19 19:19,"517 14th St, Austin, TX 73301"
200288,Lightning Charging Cable,1,14.95,05/31/19 12:29,"156 River St, Atlanta, GA 30301"
200289,Google Phone,1,600,05/14/19 11:26,"713 West St, Boston, MA 02215"
200289,Wired Headphones,1,11.99,05/14/19 11:26,"713 West St, Boston, MA 02215"
200290,Wired Headphones,2,11.99,05/13/19 00:50,"858 Washington St, San Francisco, CA 94016"
200291,Wired Headphones,2,11.99,05/03/19 23:36,"676 Ridge St, San Francisco, CA 94016"
200292,USB-C Charging Cable,1,11.95,05/28/19 17:48,"908 10th St, Atlanta, GA 30301"
200293,Macbook Pro Laptop,1,1700,05/21/19 11:06,"549 4th St, San Francisco, CA 94016"
200294,Apple Airpods Headphones,1,150,05/21/19 20:22,"17 Jackson St, San Francisco, CA 94016"
200295,34in Ultrawide Monitor,1,379.99,05/31/19 12:48,"801 Lakeview St, San Francisco, CA 94016"
200296,27in FHD Monitor,1,149.99,05/16/19 12:09,"26 7th St, Austin, TX 73301"
200297,USB-C Charging Cable,1,11.95,05/17/19 18:00,"570 Dogwood St, Los Angeles, CA 90001"
200298,27in FHD Monitor,1,149.99,05/03/19 00:44,"746 River St, San Francisco, CA 94016"
200299,Bose SoundSport Headphones,1,99.99,05/31/19 07:44,"991 4th St, San Francisco, CA 94016"
200300,AA Batteries (4-pack),5,3.84,05/12/19 12:41,"987 6th St, San Francisco, CA 94016"
200301,27in FHD Monitor,1,149.99,05/01/19 20:47,"604 Center St, Seattle, WA 98101"
200301,Lightning Charging Cable,1,14.95,05/01/19 20:47,"604 Center St, Seattle, WA 98101"
200302,ThinkPad Laptop,1,999.99,05/15/19 13:05,"371 Pine St, Dallas, TX 75001"
200303,Bose SoundSport Headphones,1,99.99,05/29/19 06:35,"705 Cherry St, Atlanta, GA 30301"
200304,AAA Batteries (4-pack),1,2.99,05/29/19 19:36,"663 Center St, New York City, NY 10001"
200305,Lightning Charging Cable,1,14.95,05/03/19 14:30,"927 12th St, Los Angeles, CA 90001"
200306,iPhone,1,700,05/15/19 13:46,"905 Adams St, San Francisco, CA 94016"
200307,AA Batteries (4-pack),1,3.84,05/21/19 21:17,"224 10th St, Los Angeles, CA 90001"
200308,Apple Airpods Headphones,1,150,05/02/19 00:28,"700 West St, Atlanta, GA 30301"
200309,iPhone,1,700,05/21/19 11:19,"692 Park St, Portland, OR 97035"
200310,AAA Batteries (4-pack),3,2.99,05/13/19 10:33,"390 Cedar St, Los Angeles, CA 90001"
200311,Vareebadd Phone,1,400,05/01/19 20:49,"11 Wilson St, San Francisco, CA 94016"
200311,USB-C Charging Cable,1,11.95,05/01/19 20:49,"11 Wilson St, San Francisco, CA 94016"
200312,Apple Airpods Headphones,1,150,05/22/19 08:34,"67 River St, Dallas, TX 75001"
200313,AA Batteries (4-pack),2,3.84,05/12/19 11:00,"518 Sunset St, Seattle, WA 98101"
200314,Apple Airpods Headphones,1,150,05/14/19 18:44,"980 Lincoln St, Boston, MA 02215"
200315,Wired Headphones,1,11.99,05/24/19 22:46,"220 Highland St, Boston, MA 02215"
200316,Lightning Charging Cable,1,14.95,05/13/19 22:44,"814 Ridge St, Seattle, WA 98101"
200317,Lightning Charging Cable,2,14.95,05/06/19 19:09,"370 13th St, Los Angeles, CA 90001"
200318,Macbook Pro Laptop,1,1700,05/03/19 14:17,"310 5th St, New York City, NY 10001"
200319,27in FHD Monitor,1,149.99,05/23/19 18:13,"783 Sunset St, San Francisco, CA 94016"
200320,Bose SoundSport Headphones,1,99.99,05/27/19 22:29,"911 River St, New York City, NY 10001"
200321,27in 4K Gaming Monitor,1,389.99,05/02/19 20:55,"279 5th St, Austin, TX 73301"
200322,USB-C Charging Cable,1,11.95,05/27/19 19:42,"364 10th St, Boston, MA 02215"
200323,AA Batteries (4-pack),1,3.84,05/12/19 10:05,"867 1st St, New York City, NY 10001"
200324,20in Monitor,1,109.99,05/03/19 11:18,"498 Lakeview St, Boston, MA 02215"
200325,Apple Airpods Headphones,1,150,05/15/19 12:41,"84 Highland St, Los Angeles, CA 90001"
200326,Bose SoundSport Headphones,1,99.99,05/23/19 21:27,"185 12th St, Seattle, WA 98101"
200327,AAA Batteries (4-pack),1,2.99,05/07/19 16:53,"114 2nd St, Seattle, WA 98101"
200328,Apple Airpods Headphones,1,150,05/31/19 14:52,"563 9th St, San Francisco, CA 94016"
200329,Lightning Charging Cable,1,14.95,05/03/19 10:00,"95 8th St, San Francisco, CA 94016"
200330,Macbook Pro Laptop,1,1700,05/10/19 23:49,"231 10th St, Seattle, WA 98101"
200331,USB-C Charging Cable,1,11.95,05/13/19 13:17,"888 Willow St, New York City, NY 10001"
200332,Macbook Pro Laptop,1,1700,05/20/19 10:00,"581 Hickory St, San Francisco, CA 94016"
200333,AAA Batteries (4-pack),2,2.99,05/23/19 11:59,"5 Adams St, Portland, OR 97035"
200333,34in Ultrawide Monitor,1,379.99,05/23/19 11:59,"5 Adams St, Portland, OR 97035"
200334,Wired Headphones,1,11.99,05/31/19 18:26,"457 South St, New York City, NY 10001"
200335,USB-C Charging Cable,1,11.95,05/20/19 10:22,"626 Cherry St, New York City, NY 10001"
200336,ThinkPad Laptop,1,999.99,05/05/19 16:36,"578 Church St, Portland, OR 97035"
200337,AA Batteries (4-pack),2,3.84,05/31/19 18:48,"749 Pine St, Los Angeles, CA 90001"
200338,Google Phone,1,600,05/04/19 23:47,"9 Wilson St, San Francisco, CA 94016"
200338,USB-C Charging Cable,1,11.95,05/04/19 23:47,"9 Wilson St, San Francisco, CA 94016"
200339,USB-C Charging Cable,1,11.95,05/24/19 18:27,"691 Meadow St, Los Angeles, CA 90001"
200340,27in FHD Monitor,1,149.99,05/19/19 21:09,"964 Cedar St, San Francisco, CA 94016"
200341,Macbook Pro Laptop,1,1700,05/27/19 12:43,"37 South St, Seattle, WA 98101"
200342,AA Batteries (4-pack),1,3.84,05/18/19 08:34,"497 Cherry St, Boston, MA 02215"
200343,Wired Headphones,1,11.99,05/03/19 14:09,"284 North St, Atlanta, GA 30301"
200344,Lightning Charging Cable,1,14.95,05/15/19 15:27,"145 Hickory St, Boston, MA 02215"
200345,AAA Batteries (4-pack),1,2.99,05/26/19 18:37,"773 Adams St, San Francisco, CA 94016"
200346,Flatscreen TV,1,300,05/15/19 21:05,"366 10th St, Dallas, TX 75001"
200347,Bose SoundSport Headphones,1,99.99,05/13/19 17:07,"594 Forest St, San Francisco, CA 94016"
200348,Google Phone,1,600,05/12/19 18:35,"508 9th St, New York City, NY 10001"
200349,Lightning Charging Cable,1,14.95,05/19/19 15:42,"484 Sunset St, San Francisco, CA 94016"
200350,27in FHD Monitor,1,149.99,05/11/19 16:05,"156 Lakeview St, San Francisco, CA 94016"
200351,27in FHD Monitor,1,149.99,05/25/19 08:02,"530 Highland St, Los Angeles, CA 90001"
200352,Bose SoundSport Headphones,1,99.99,05/12/19 11:03,"39 4th St, Portland, OR 97035"
200353,USB-C Charging Cable,1,11.95,05/18/19 13:10,"66 River St, Austin, TX 73301"
200354,AAA Batteries (4-pack),1,2.99,05/18/19 16:11,"358 South St, San Francisco, CA 94016"
200354,USB-C Charging Cable,1,11.95,05/18/19 16:11,"358 South St, San Francisco, CA 94016"
200355,27in FHD Monitor,1,149.99,05/23/19 21:01,"879 6th St, Dallas, TX 75001"
200356,Vareebadd Phone,1,400,05/18/19 22:51,"494 Jackson St, New York City, NY 10001"
200356,USB-C Charging Cable,1,11.95,05/18/19 22:51,"494 Jackson St, New York City, NY 10001"
200357,AAA Batteries (4-pack),1,2.99,05/22/19 10:58,"401 Sunset St, Boston, MA 02215"
200358,20in Monitor,1,109.99,05/09/19 20:49,"986 7th St, San Francisco, CA 94016"
200359,Bose SoundSport Headphones,1,99.99,05/11/19 14:16,"598 Johnson St, San Francisco, CA 94016"
200360,Lightning Charging Cable,1,14.95,05/12/19 11:28,"803 Lake St, Dallas, TX 75001"
200361,Bose SoundSport Headphones,1,99.99,05/05/19 20:59,"698 6th St, San Francisco, CA 94016"
200362,USB-C Charging Cable,1,11.95,05/11/19 19:48,"603 Lincoln St, Portland, OR 97035"
200363,AA Batteries (4-pack),1,3.84,05/25/19 18:13,"398 Dogwood St, Los Angeles, CA 90001"
200364,Wired Headphones,1,11.99,05/16/19 18:24,"993 Spruce St, Los Angeles, CA 90001"
200365,Bose SoundSport Headphones,1,99.99,05/22/19 10:00,"906 Elm St, Boston, MA 02215"
200366,27in FHD Monitor,1,149.99,05/23/19 23:00,"150 Highland St, New York City, NY 10001"
200367,AA Batteries (4-pack),2,3.84,05/05/19 22:25,"993 4th St, San Francisco, CA 94016"
200368,AA Batteries (4-pack),1,3.84,05/17/19 13:33,"901 6th St, San Francisco, CA 94016"
200369,AAA Batteries (4-pack),1,2.99,05/26/19 18:52,"873 Elm St, New York City, NY 10001"
200370,Wired Headphones,1,11.99,05/04/19 23:15,"772 Adams St, Los Angeles, CA 90001"
200371,Macbook Pro Laptop,1,1700,05/29/19 19:37,"71 Lakeview St, San Francisco, CA 94016"
200372,Apple Airpods Headphones,1,150,05/03/19 11:24,"21 Cherry St, New York City, NY 10001"
200373,Lightning Charging Cable,1,14.95,05/10/19 18:32,"777 Johnson St, Los Angeles, CA 90001"
200374,34in Ultrawide Monitor,1,379.99,05/05/19 13:00,"126 Cedar St, San Francisco, CA 94016"
200375,ThinkPad Laptop,1,999.99,05/24/19 18:36,"826 12th St, Los Angeles, CA 90001"
200376,Flatscreen TV,1,300,05/28/19 17:34,"911 Adams St, Los Angeles, CA 90001"
200377,Lightning Charging Cable,1,14.95,05/25/19 12:21,"425 Elm St, Seattle, WA 98101"
200378,AA Batteries (4-pack),1,3.84,05/10/19 13:55,"406 Cherry St, Boston, MA 02215"
200379,Lightning Charging Cable,1,14.95,05/08/19 23:02,"566 Hickory St, Boston, MA 02215"
200380,USB-C Charging Cable,1,11.95,05/19/19 15:53,"496 4th St, Boston, MA 02215"
200381,Wired Headphones,1,11.99,05/18/19 11:58,"41 Wilson St, New York City, NY 10001"
200382,AA Batteries (4-pack),1,3.84,05/04/19 16:04,"826 12th St, Boston, MA 02215"
200383,USB-C Charging Cable,1,11.95,05/13/19 20:50,"279 6th St, Los Angeles, CA 90001"
200384,Wired Headphones,1,11.99,05/11/19 13:40,"75 Main St, San Francisco, CA 94016"
200385,AAA Batteries (4-pack),2,2.99,05/22/19 16:25,"146 Ridge St, New York City, NY 10001"
200386,AA Batteries (4-pack),1,3.84,05/24/19 21:49,"67 Hickory St, Boston, MA 02215"
200387,34in Ultrawide Monitor,1,379.99,05/17/19 11:59,"511 Johnson St, Los Angeles, CA 90001"
200388,Bose SoundSport Headphones,1,99.99,05/30/19 20:41,"619 West St, New York City, NY 10001"
200389,Macbook Pro Laptop,1,1700,05/16/19 18:04,"394 Maple St, San Francisco, CA 94016"
200390,27in FHD Monitor,1,149.99,05/12/19 16:50,"266 14th St, San Francisco, CA 94016"
200391,27in 4K Gaming Monitor,1,389.99,05/17/19 13:42,"964 Hickory St, San Francisco, CA 94016"
200392,Wired Headphones,1,11.99,05/08/19 13:54,"470 Willow St, San Francisco, CA 94016"
200393,Wired Headphones,1,11.99,05/23/19 16:11,"345 Church St, New York City, NY 10001"
200394,Bose SoundSport Headphones,1,99.99,05/08/19 20:59,"257 Spruce St, Boston, MA 02215"
200395,AA Batteries (4-pack),2,3.84,05/31/19 00:26,"387 West St, San Francisco, CA 94016"
200396,Wired Headphones,1,11.99,05/04/19 11:35,"598 7th St, Los Angeles, CA 90001"
200397,AA Batteries (4-pack),1,3.84,05/20/19 11:55,"662 Church St, Boston, MA 02215"
200398,Apple Airpods Headphones,1,150,05/09/19 08:52,"446 13th St, Atlanta, GA 30301"
200399,Macbook Pro Laptop,1,1700,05/28/19 19:25,"265 North St, Seattle, WA 98101"
200400,ThinkPad Laptop,1,999.99,05/27/19 09:24,"316 Spruce St, Atlanta, GA 30301"
200401,Vareebadd Phone,1,400,05/14/19 16:55,"856 Cherry St, San Francisco, CA 94016"
200402,AAA Batteries (4-pack),3,2.99,05/22/19 20:28,"511 Ridge St, Boston, MA 02215"
200403,Lightning Charging Cable,1,14.95,05/30/19 06:57,"845 Park St, San Francisco, CA 94016"
200404,Flatscreen TV,1,300,05/20/19 18:26,"539 Sunset St, Atlanta, GA 30301"
200405,Lightning Charging Cable,1,14.95,05/16/19 15:20,"597 10th St, Boston, MA 02215"
200406,Bose SoundSport Headphones,1,99.99,05/12/19 21:10,"213 8th St, San Francisco, CA 94016"
200407,Apple Airpods Headphones,1,150,05/18/19 15:04,"255 Church St, Boston, MA 02215"
200408,Wired Headphones,1,11.99,05/27/19 11:33,"437 4th St, Austin, TX 73301"
200409,27in 4K Gaming Monitor,1,389.99,05/20/19 20:42,"645 14th St, Portland, ME 04101"
200410,Flatscreen TV,1,300,05/01/19 19:56,"412 Pine St, Dallas, TX 75001"
200411,LG Dryer,1,600.0,05/08/19 02:36,"545 Cherry St, Austin, TX 73301"
200412,AAA Batteries (4-pack),3,2.99,05/25/19 18:11,"698 Ridge St, Atlanta, GA 30301"
200413,USB-C Charging Cable,1,11.95,05/13/19 07:51,"243 Forest St, Los Angeles, CA 90001"
200414,AAA Batteries (4-pack),1,2.99,05/05/19 15:14,"705 13th St, Los Angeles, CA 90001"
200415,USB-C Charging Cable,1,11.95,05/18/19 17:07,"712 Cedar St, Dallas, TX 75001"
200416,iPhone,1,700,05/16/19 23:36,"10 Willow St, Los Angeles, CA 90001"
200416,Lightning Charging Cable,1,14.95,05/16/19 23:36,"10 Willow St, Los Angeles, CA 90001"
200417,Flatscreen TV,1,300,05/10/19 09:13,"176 Adams St, Boston, MA 02215"
200418,34in Ultrawide Monitor,1,379.99,05/20/19 11:28,"757 11th St, Los Angeles, CA 90001"
200419,USB-C Charging Cable,1,11.95,05/24/19 13:49,"190 Spruce St, Los Angeles, CA 90001"
200420,Lightning Charging Cable,1,14.95,05/22/19 15:27,"623 2nd St, San Francisco, CA 94016"
200421,Apple Airpods Headphones,1,150,05/27/19 15:19,"830 Chestnut St, Seattle, WA 98101"
200422,AAA Batteries (4-pack),6,2.99,05/21/19 11:27,"686 Washington St, Seattle, WA 98101"
200423,AAA Batteries (4-pack),1,2.99,05/10/19 20:36,"651 11th St, Seattle, WA 98101"
200424,Wired Headphones,1,11.99,05/11/19 20:33,"554 Highland St, San Francisco, CA 94016"
200425,27in 4K Gaming Monitor,1,389.99,05/31/19 19:02,"744 Park St, Los Angeles, CA 90001"
200426,27in 4K Gaming Monitor,1,389.99,05/16/19 22:34,"948 Spruce St, Austin, TX 73301"
200427,AA Batteries (4-pack),1,3.84,05/21/19 20:28,"789 Madison St, Atlanta, GA 30301"
200428,USB-C Charging Cable,1,11.95,05/13/19 16:13,"450 Lake St, Dallas, TX 75001"
200429,Bose SoundSport Headphones,1,99.99,05/07/19 11:03,"436 West St, San Francisco, CA 94016"
200430,LG Washing Machine,1,600.0,05/03/19 11:38,"906 Hickory St, Los Angeles, CA 90001"
200431,20in Monitor,1,109.99,05/25/19 22:12,"382 4th St, Los Angeles, CA 90001"
200432,Lightning Charging Cable,1,14.95,05/03/19 22:50,"443 South St, Seattle, WA 98101"
200433,USB-C Charging Cable,1,11.95,05/15/19 12:43,"482 North St, Austin, TX 73301"
200434,Wired Headphones,1,11.99,05/23/19 15:24,"463 14th St, Los Angeles, CA 90001"
200435,Wired Headphones,1,11.99,05/17/19 11:23,"121 Hill St, Seattle, WA 98101"
200436,Lightning Charging Cable,1,14.95,05/23/19 18:56,"441 Lincoln St, New York City, NY 10001"
200437,Bose SoundSport Headphones,1,99.99,05/10/19 20:15,"278 Wilson St, New York City, NY 10001"
200438,USB-C Charging Cable,1,11.95,05/24/19 04:29,"273 Park St, Dallas, TX 75001"
200439,Lightning Charging Cable,1,14.95,05/27/19 19:00,"551 Lincoln St, Los Angeles, CA 90001"
200440,iPhone,1,700,05/24/19 17:15,"178 1st St, New York City, NY 10001"
200440,Apple Airpods Headphones,1,150,05/24/19 17:15,"178 1st St, New York City, NY 10001"
200441,USB-C Charging Cable,1,11.95,05/16/19 14:33,"491 Church St, San Francisco, CA 94016"
200442,USB-C Charging Cable,1,11.95,05/29/19 21:09,"310 Wilson St, San Francisco, CA 94016"
200443,iPhone,1,700,05/04/19 20:48,"468 12th St, Boston, MA 02215"
200444,Wired Headphones,1,11.99,05/28/19 07:39,"500 West St, Los Angeles, CA 90001"
200445,USB-C Charging Cable,1,11.95,05/04/19 06:20,"730 Park St, San Francisco, CA 94016"
200446,USB-C Charging Cable,1,11.95,05/14/19 19:17,"278 Cherry St, Portland, OR 97035"
200447,AA Batteries (4-pack),1,3.84,05/17/19 09:24,"203 Maple St, San Francisco, CA 94016"
200448,USB-C Charging Cable,1,11.95,05/20/19 03:31,"768 Ridge St, Austin, TX 73301"
200449,AAA Batteries (4-pack),1,2.99,05/17/19 08:06,"975 13th St, Dallas, TX 75001"
200450,USB-C Charging Cable,1,11.95,05/06/19 19:30,"309 Washington St, Boston, MA 02215"
200451,AAA Batteries (4-pack),1,2.99,05/04/19 13:23,"695 West St, Portland, OR 97035"
200452,AA Batteries (4-pack),2,3.84,05/19/19 19:33,"129 2nd St, Atlanta, GA 30301"
200453,Wired Headphones,1,11.99,05/17/19 21:26,"651 South St, Seattle, WA 98101"
200454,34in Ultrawide Monitor,1,379.99,05/04/19 22:08,"393 Main St, San Francisco, CA 94016"
200455,Bose SoundSport Headphones,1,99.99,05/22/19 13:46,"297 6th St, Los Angeles, CA 90001"
200456,Bose SoundSport Headphones,1,99.99,05/02/19 17:18,"755 7th St, Los Angeles, CA 90001"
200457,Apple Airpods Headphones,1,150,05/09/19 11:37,"410 River St, Atlanta, GA 30301"
200458,Wired Headphones,1,11.99,05/19/19 16:22,"31 10th St, Los Angeles, CA 90001"
200459,Apple Airpods Headphones,1,150,05/19/19 16:44,"18 6th St, New York City, NY 10001"
200460,AAA Batteries (4-pack),2,2.99,05/04/19 13:26,"25 Hill St, Boston, MA 02215"
200461,Apple Airpods Headphones,1,150,05/15/19 23:23,"396 14th St, Seattle, WA 98101"
200462,AA Batteries (4-pack),1,3.84,05/13/19 11:29,"683 6th St, Dallas, TX 75001"
200463,USB-C Charging Cable,1,11.95,05/13/19 12:42,"162 Sunset St, Atlanta, GA 30301"
200464,Google Phone,1,600,05/03/19 13:10,"372 Jefferson St, New York City, NY 10001"
200465,Wired Headphones,1,11.99,05/25/19 18:44,"997 Chestnut St, Dallas, TX 75001"
200466,USB-C Charging Cable,1,11.95,05/14/19 08:57,"87 6th St, Dallas, TX 75001"
200467,Lightning Charging Cable,1,14.95,05/06/19 21:21,"713 Pine St, Portland, OR 97035"
200468,Lightning Charging Cable,1,14.95,05/11/19 21:48,"505 Pine St, Seattle, WA 98101"
200469,Lightning Charging Cable,1,14.95,05/16/19 09:45,"818 5th St, Boston, MA 02215"
200470,USB-C Charging Cable,1,11.95,05/29/19 12:33,"860 Jackson St, Los Angeles, CA 90001"
200471,USB-C Charging Cable,1,11.95,05/04/19 19:02,"962 9th St, Austin, TX 73301"
200472,iPhone,1,700,05/10/19 20:05,"283 Washington St, Los Angeles, CA 90001"
200472,Apple Airpods Headphones,1,150,05/10/19 20:05,"283 Washington St, Los Angeles, CA 90001"
200473,27in 4K Gaming Monitor,1,389.99,05/11/19 10:52,"968 Jefferson St, Atlanta, GA 30301"
200474,AA Batteries (4-pack),1,3.84,05/23/19 19:08,"163 4th St, Boston, MA 02215"
200475,LG Dryer,1,600.0,05/14/19 23:18,"86 Adams St, San Francisco, CA 94016"
200476,AA Batteries (4-pack),1,3.84,05/12/19 12:31,"16 North St, San Francisco, CA 94016"
200477,20in Monitor,1,109.99,05/07/19 22:35,"58 11th St, New York City, NY 10001"
200478,AA Batteries (4-pack),2,3.84,05/17/19 13:28,"469 Jefferson St, Boston, MA 02215"
,,,,,
200479,Bose SoundSport Headphones,1,99.99,05/07/19 19:22,"171 Jefferson St, New York City, NY 10001"
200480,AAA Batteries (4-pack),2,2.99,05/12/19 11:35,"493 Madison St, New York City, NY 10001"
200481,27in 4K Gaming Monitor,1,389.99,05/29/19 15:41,"472 10th St, Dallas, TX 75001"
200482,Google Phone,1,600,05/17/19 15:38,"130 4th St, New York City, NY 10001"
200483,AAA Batteries (4-pack),3,2.99,05/16/19 15:35,"141 Main St, Portland, OR 97035"
200484,Wired Headphones,1,11.99,05/07/19 20:11,"482 7th St, San Francisco, CA 94016"
200485,Macbook Pro Laptop,1,1700,05/23/19 12:59,"369 6th St, Dallas, TX 75001"
200486,27in FHD Monitor,1,149.99,05/15/19 11:44,"221 River St, San Francisco, CA 94016"
200486,AA Batteries (4-pack),1,3.84,05/15/19 11:44,"221 River St, San Francisco, CA 94016"
200487,Wired Headphones,2,11.99,05/10/19 16:40,"683 Spruce St, Portland, ME 04101"
200488,Apple Airpods Headphones,1,150,05/13/19 10:39,"207 5th St, Seattle, WA 98101"
200489,Apple Airpods Headphones,1,150,05/23/19 19:14,"200 Pine St, Los Angeles, CA 90001"
200490,USB-C Charging Cable,1,11.95,05/11/19 15:25,"714 2nd St, Seattle, WA 98101"
200491,27in FHD Monitor,1,149.99,05/28/19 11:30,"841 North St, Seattle, WA 98101"
200492,iPhone,1,700,05/23/19 12:23,"339 Spruce St, San Francisco, CA 94016"
200493,iPhone,1,700,05/08/19 11:45,"587 West St, Atlanta, GA 30301"
200494,Apple Airpods Headphones,1,150,05/29/19 15:44,"380 Willow St, Portland, OR 97035"
200494,LG Dryer,1,600.0,05/29/19 15:44,"380 Willow St, Portland, OR 97035"
200495,ThinkPad Laptop,1,999.99,05/27/19 09:21,"696 Dogwood St, New York City, NY 10001"
200496,20in Monitor,1,109.99,05/25/19 19:47,"642 13th St, New York City, NY 10001"
200497,Lightning Charging Cable,2,14.95,05/11/19 00:16,"888 Center St, Atlanta, GA 30301"
200498,Lightning Charging Cable,1,14.95,05/15/19 22:21,"58 5th St, San Francisco, CA 94016"
200499,USB-C Charging Cable,1,11.95,05/14/19 15:18,"788 1st St, Boston, MA 02215"
200500,Flatscreen TV,1,300,05/08/19 12:22,"876 Hill St, Los Angeles, CA 90001"
200501,Lightning Charging Cable,2,14.95,05/24/19 17:49,"923 10th St, Atlanta, GA 30301"
200502,Bose SoundSport Headphones,1,99.99,05/30/19 11:12,"280 Elm St, Austin, TX 73301"
200503,Apple Airpods Headphones,1,150,05/15/19 13:48,"380 Walnut St, Portland, OR 97035"
200504,AAA Batteries (4-pack),1,2.99,05/03/19 09:39,"268 Willow St, Los Angeles, CA 90001"
200505,Wired Headphones,1,11.99,05/21/19 15:46,"407 Ridge St, San Francisco, CA 94016"
200506,AAA Batteries (4-pack),1,2.99,05/06/19 10:27,"316 Highland St, New York City, NY 10001"
200506,27in FHD Monitor,1,149.99,05/06/19 10:27,"316 Highland St, New York City, NY 10001"
200507,USB-C Charging Cable,1,11.95,05/10/19 08:45,"376 11th St, Dallas, TX 75001"
200508,Lightning Charging Cable,1,14.95,05/30/19 11:04,"943 South St, San Francisco, CA 94016"
200509,Macbook Pro Laptop,1,1700,05/05/19 12:51,"860 13th St, Boston, MA 02215"
200510,AAA Batteries (4-pack),1,2.99,05/15/19 19:30,"578 Sunset St, San Francisco, CA 94016"
200511,Wired Headphones,1,11.99,05/06/19 10:24,"535 South St, San Francisco, CA 94016"
200512,Bose SoundSport Headphones,1,99.99,05/19/19 22:27,"442 5th St, Seattle, WA 98101"
200513,AA Batteries (4-pack),1,3.84,05/18/19 14:04,"644 Hickory St, San Francisco, CA 94016"
200514,34in Ultrawide Monitor,1,379.99,05/26/19 10:54,"496 10th St, Atlanta, GA 30301"
200515,USB-C Charging Cable,1,11.95,05/07/19 17:21,"898 Meadow St, San Francisco, CA 94016"
200516,AAA Batteries (4-pack),1,2.99,05/31/19 20:31,"368 Spruce St, New York City, NY 10001"
200517,AA Batteries (4-pack),1,3.84,05/03/19 11:31,"151 Pine St, Portland, OR 97035"
200518,AAA Batteries (4-pack),2,2.99,05/12/19 19:54,"235 Adams St, Los Angeles, CA 90001"
200519,Lightning Charging Cable,1,14.95,05/09/19 13:00,"111 Dogwood St, San Francisco, CA 94016"
200520,AAA Batteries (4-pack),1,2.99,05/21/19 08:51,"664 West St, Austin, TX 73301"
200521,Wired Headphones,1,11.99,05/18/19 09:50,"545 North St, Dallas, TX 75001"
200522,Wired Headphones,1,11.99,05/28/19 18:31,"702 Washington St, New York City, NY 10001"
200523,20in Monitor,1,109.99,05/30/19 08:44,"91 North St, San Francisco, CA 94016"
200524,USB-C Charging Cable,1,11.95,05/24/19 05:25,"403 Chestnut St, Boston, MA 02215"
200525,Lightning Charging Cable,1,14.95,05/08/19 10:28,"164 Park St, Los Angeles, CA 90001"
200526,Lightning Charging Cable,1,14.95,05/29/19 12:28,"783 Pine St, San Francisco, CA 94016"
200527,Macbook Pro Laptop,1,1700,05/12/19 11:32,"463 Meadow St, Los Angeles, CA 90001"
200527,USB-C Charging Cable,1,11.95,05/12/19 11:32,"463 Meadow St, Los Angeles, CA 90001"
200528,Macbook Pro Laptop,2,1700,05/13/19 13:40,"643 4th St, Boston, MA 02215"
200529,Bose SoundSport Headphones,1,99.99,05/17/19 21:13,"978 Walnut St, Boston, MA 02215"
200530,Lightning Charging Cable,1,14.95,05/08/19 06:05,"620 6th St, Boston, MA 02215"
200531,AAA Batteries (4-pack),2,2.99,05/27/19 13:20,"226 Lakeview St, Boston, MA 02215"
200531,USB-C Charging Cable,1,11.95,05/27/19 13:20,"226 Lakeview St, Boston, MA 02215"
200532,Google Phone,1,600,05/17/19 14:48,"342 Lake St, Portland, OR 97035"
200533,Wired Headphones,1,11.99,05/02/19 15:11,"616 9th St, Dallas, TX 75001"
200534,USB-C Charging Cable,1,11.95,05/09/19 17:48,"175 Forest St, Los Angeles, CA 90001"
200535,AA Batteries (4-pack),1,3.84,05/18/19 22:19,"956 Lincoln St, Los Angeles, CA 90001"
200536,Vareebadd Phone,1,400,05/24/19 05:16,"317 Cherry St, Atlanta, GA 30301"
200537,USB-C Charging Cable,1,11.95,05/10/19 20:00,"108 6th St, Boston, MA 02215"
200538,Apple Airpods Headphones,1,150,05/24/19 23:47,"87 Madison St, Portland, OR 97035"
200539,Apple Airpods Headphones,1,150,05/19/19 11:20,"176 River St, Seattle, WA 98101"
200540,Apple Airpods Headphones,1,150,05/13/19 03:04,"773 Lake St, San Francisco, CA 94016"
200541,USB-C Charging Cable,1,11.95,05/04/19 09:38,"626 Madison St, Los Angeles, CA 90001"
200542,AA Batteries (4-pack),1,3.84,05/10/19 08:03,"466 13th St, San Francisco, CA 94016"
200543,Apple Airpods Headphones,1,150,05/30/19 15:13,"390 Madison St, Boston, MA 02215"
200544,Apple Airpods Headphones,1,150,05/09/19 10:23,"77 2nd St, Los Angeles, CA 90001"
200545,USB-C Charging Cable,2,11.95,05/25/19 10:43,"976 Chestnut St, Los Angeles, CA 90001"
200546,Vareebadd Phone,1,400,05/17/19 15:26,"95 13th St, Austin, TX 73301"
200546,USB-C Charging Cable,1,11.95,05/17/19 15:26,"95 13th St, Austin, TX 73301"
200547,Google Phone,1,600,05/28/19 09:39,"429 Cherry St, Austin, TX 73301"
200548,Bose SoundSport Headphones,1,99.99,05/08/19 19:26,"880 Elm St, Boston, MA 02215"
200549,Bose SoundSport Headphones,1,99.99,05/11/19 14:27,"977 7th St, Los Angeles, CA 90001"
200550,Lightning Charging Cable,1,14.95,05/08/19 13:26,"362 4th St, San Francisco, CA 94016"
200551,Wired Headphones,1,11.99,05/01/19 20:52,"51 Adams St, Portland, OR 97035"
200552,AAA Batteries (4-pack),1,2.99,05/03/19 11:22,"475 14th St, Boston, MA 02215"
200553,Apple Airpods Headphones,1,150,05/18/19 11:51,"111 Chestnut St, Los Angeles, CA 90001"
200554,Apple Airpods Headphones,1,150,05/26/19 21:12,"341 2nd St, Los Angeles, CA 90001"
200555,AAA Batteries (4-pack),1,2.99,05/26/19 19:45,"523 8th St, Los Angeles, CA 90001"
200556,Bose SoundSport Headphones,1,99.99,05/19/19 17:09,"505 Lake St, Los Angeles, CA 90001"
200557,Google Phone,1,600,05/13/19 12:46,"453 10th St, San Francisco, CA 94016"
200558,Wired Headphones,1,11.99,05/28/19 13:29,"339 6th St, Atlanta, GA 30301"
200559,Apple Airpods Headphones,1,150,05/20/19 12:32,"433 Ridge St, San Francisco, CA 94016"
200560,34in Ultrawide Monitor,1,379.99,05/03/19 18:17,"264 4th St, Boston, MA 02215"
200561,Lightning Charging Cable,1,14.95,05/06/19 18:05,"716 Madison St, Atlanta, GA 30301"
200562,34in Ultrawide Monitor,1,379.99,05/31/19 12:52,"785 12th St, San Francisco, CA 94016"
200563,Google Phone,1,600,05/29/19 08:42,"960 Lake St, New York City, NY 10001"
200564,Bose SoundSport Headphones,1,99.99,05/01/19 21:15,"472 Cherry St, Boston, MA 02215"
200565,AA Batteries (4-pack),1,3.84,05/30/19 18:57,"428 South St, San Francisco, CA 94016"
200566,USB-C Charging Cable,1,11.95,05/14/19 20:19,"798 Forest St, New York City, NY 10001"
200567,USB-C Charging Cable,1,11.95,05/07/19 13:30,"316 Sunset St, San Francisco, CA 94016"
200568,iPhone,1,700,05/22/19 18:35,"583 6th St, San Francisco, CA 94016"
200568,Wired Headphones,1,11.99,05/22/19 18:35,"583 6th St, San Francisco, CA 94016"
200569,USB-C Charging Cable,1,11.95,05/05/19 15:06,"194 Forest St, Los Angeles, CA 90001"
200570,Macbook Pro Laptop,1,1700,05/04/19 21:58,"252 7th St, New York City, NY 10001"
200571,AAA Batteries (4-pack),3,2.99,05/20/19 21:03,"592 Johnson St, San Francisco, CA 94016"
200572,iPhone,1,700,05/01/19 12:51,"549 Walnut St, San Francisco, CA 94016"
200573,27in FHD Monitor,1,149.99,05/20/19 08:27,"824 Adams St, Los Angeles, CA 90001"
200574,AAA Batteries (4-pack),1,2.99,05/12/19 08:29,"652 13th St, San Francisco, CA 94016"
200575,iPhone,1,700,05/23/19 21:32,"456 Center St, Boston, MA 02215"
200575,Lightning Charging Cable,1,14.95,05/23/19 21:32,"456 Center St, Boston, MA 02215"
200576,34in Ultrawide Monitor,1,379.99,05/29/19 14:05,"274 Spruce St, San Francisco, CA 94016"
200577,Bose SoundSport Headphones,1,99.99,05/08/19 18:02,"222 Willow St, Seattle, WA 98101"
200578,AAA Batteries (4-pack),1,2.99,05/06/19 07:52,"237 River St, Los Angeles, CA 90001"
200579,Flatscreen TV,1,300,05/20/19 11:03,"834 Johnson St, Los Angeles, CA 90001"
200580,iPhone,1,700,05/06/19 15:00,"485 Washington St, Boston, MA 02215"
200581,Vareebadd Phone,1,400,05/14/19 16:48,"372 Ridge St, Los Angeles, CA 90001"
200582,Bose SoundSport Headphones,1,99.99,05/24/19 16:39,"53 Pine St, San Francisco, CA 94016"
200583,iPhone,1,700,05/20/19 14:25,"210 Hill St, Austin, TX 73301"
200583,Wired Headphones,1,11.99,05/20/19 14:25,"210 Hill St, Austin, TX 73301"
200584,Wired Headphones,1,11.99,05/12/19 16:22,"123 Hickory St, Atlanta, GA 30301"
200585,Wired Headphones,1,11.99,05/18/19 16:33,"933 Main St, New York City, NY 10001"
200586,Wired Headphones,2,11.99,05/14/19 17:52,"730 1st St, Los Angeles, CA 90001"
200587,Google Phone,1,600,05/30/19 19:05,"807 Elm St, San Francisco, CA 94016"
200588,AA Batteries (4-pack),2,3.84,05/09/19 17:39,"922 Meadow St, Atlanta, GA 30301"
200589,AA Batteries (4-pack),1,3.84,05/10/19 11:42,"81 Meadow St, Boston, MA 02215"
200590,Wired Headphones,1,11.99,05/07/19 19:41,"315 Johnson St, San Francisco, CA 94016"
200591,27in FHD Monitor,1,149.99,05/04/19 01:48,"439 10th St, San Francisco, CA 94016"
200592,27in FHD Monitor,1,149.99,05/06/19 12:55,"445 1st St, New York City, NY 10001"
200593,AA Batteries (4-pack),2,3.84,05/03/19 21:22,"447 Chestnut St, Boston, MA 02215"
200594,iPhone,1,700,05/14/19 16:05,"909 5th St, Dallas, TX 75001"
200595,USB-C Charging Cable,3,11.95,05/28/19 10:59,"670 River St, San Francisco, CA 94016"
200595,Flatscreen TV,1,300,05/28/19 10:59,"670 River St, San Francisco, CA 94016"
200596,Bose SoundSport Headphones,1,99.99,05/22/19 12:36,"580 Jackson St, San Francisco, CA 94016"
200596,27in 4K Gaming Monitor,1,389.99,05/22/19 12:36,"580 Jackson St, San Francisco, CA 94016"
200597,AA Batteries (4-pack),2,3.84,05/12/19 12:15,"863 Cherry St, Portland, OR 97035"
200598,AAA Batteries (4-pack),4,2.99,05/17/19 19:25,"165 Spruce St, Los Angeles, CA 90001"
200599,USB-C Charging Cable,1,11.95,05/11/19 06:51,"659 Forest St, San Francisco, CA 94016"
200600,Bose SoundSport Headphones,1,99.99,05/31/19 15:52,"524 4th St, Boston, MA 02215"
200601,iPhone,1,700,05/11/19 20:03,"917 Center St, Los Angeles, CA 90001"
200602,AAA Batteries (4-pack),1,2.99,05/09/19 11:56,"700 Lakeview St, San Francisco, CA 94016"
200603,AAA Batteries (4-pack),1,2.99,05/09/19 21:46,"486 South St, Dallas, TX 75001"
200604,27in 4K Gaming Monitor,1,389.99,05/14/19 09:40,"554 Adams St, San Francisco, CA 94016"
200605,AAA Batteries (4-pack),1,2.99,05/16/19 15:33,"396 9th St, San Francisco, CA 94016"
200606,AAA Batteries (4-pack),1,2.99,05/27/19 19:29,"918 11th St, Portland, OR 97035"
200607,27in FHD Monitor,1,149.99,05/26/19 20:20,"290 Chestnut St, Dallas, TX 75001"
200608,Macbook Pro Laptop,1,1700,05/25/19 22:42,"479 South St, Los Angeles, CA 90001"
200609,Vareebadd Phone,1,400,05/28/19 09:54,"699 Cedar St, San Francisco, CA 94016"
200610,USB-C Charging Cable,1,11.95,05/28/19 15:01,"285 Hickory St, Los Angeles, CA 90001"
200611,AA Batteries (4-pack),2,3.84,05/28/19 10:44,"522 2nd St, New York City, NY 10001"
200612,AAA Batteries (4-pack),2,2.99,05/02/19 20:29,"351 7th St, San Francisco, CA 94016"
200613,Lightning Charging Cable,1,14.95,05/05/19 19:23,"611 4th St, San Francisco, CA 94016"
200614,Flatscreen TV,1,300,05/01/19 20:40,"774 10th St, Boston, MA 02215"
200615,AAA Batteries (4-pack),3,2.99,05/10/19 13:16,"5 South St, Seattle, WA 98101"
200616,27in 4K Gaming Monitor,1,389.99,05/04/19 17:04,"371 Spruce St, Portland, OR 97035"
200617,Wired Headphones,1,11.99,05/21/19 17:24,"940 Adams St, Los Angeles, CA 90001"
200618,USB-C Charging Cable,1,11.95,05/13/19 09:10,"939 Lake St, Los Angeles, CA 90001"
200619,USB-C Charging Cable,2,11.95,05/20/19 14:44,"854 5th St, San Francisco, CA 94016"
200620,Lightning Charging Cable,1,14.95,05/10/19 08:54,"760 Elm St, Seattle, WA 98101"
200621,Bose SoundSport Headphones,1,99.99,05/09/19 12:55,"968 Main St, San Francisco, CA 94016"
200622,Bose SoundSport Headphones,1,99.99,05/25/19 04:44,"141 Johnson St, New York City, NY 10001"
200623,34in Ultrawide Monitor,1,379.99,05/30/19 13:07,"20 Walnut St, Los Angeles, CA 90001"
200624,Wired Headphones,1,11.99,05/29/19 12:55,"130 Chestnut St, Portland, OR 97035"
200625,Lightning Charging Cable,1,14.95,05/26/19 11:02,"528 South St, Dallas, TX 75001"
200626,34in Ultrawide Monitor,1,379.99,05/10/19 19:31,"344 5th St, San Francisco, CA 94016"
200627,27in FHD Monitor,1,149.99,05/06/19 07:51,"964 Meadow St, Portland, ME 04101"
200628,Apple Airpods Headphones,1,150,05/11/19 17:35,"924 2nd St, Atlanta, GA 30301"
200629,34in Ultrawide Monitor,1,379.99,05/07/19 03:05,"848 Church St, San Francisco, CA 94016"
200630,Bose SoundSport Headphones,1,99.99,05/01/19 10:10,"713 Meadow St, Atlanta, GA 30301"
200631,Lightning Charging Cable,1,14.95,05/16/19 16:18,"688 1st St, Los Angeles, CA 90001"
200632,ThinkPad Laptop,1,999.99,05/22/19 21:08,"943 Pine St, Boston, MA 02215"
200633,AAA Batteries (4-pack),2,2.99,05/20/19 18:15,"856 Jefferson St, San Francisco, CA 94016"
200634,Apple Airpods Headphones,1,150,05/04/19 16:12,"734 Meadow St, San Francisco, CA 94016"
200635,Wired Headphones,1,11.99,05/31/19 18:23,"176 Sunset St, Seattle, WA 98101"
200636,AA Batteries (4-pack),1,3.84,05/27/19 22:47,"787 Dogwood St, San Francisco, CA 94016"
200637,Apple Airpods Headphones,1,150,05/11/19 11:12,"745 Wilson St, New York City, NY 10001"
200638,AA Batteries (4-pack),1,3.84,05/25/19 18:22,"946 Wilson St, Atlanta, GA 30301"
200639,Bose SoundSport Headphones,1,99.99,05/15/19 17:44,"166 Elm St, New York City, NY 10001"
200640,Macbook Pro Laptop,1,1700,05/28/19 18:31,"414 Ridge St, Dallas, TX 75001"
200641,Lightning Charging Cable,1,14.95,05/13/19 22:09,"721 Church St, Los Angeles, CA 90001"
200641,27in 4K Gaming Monitor,1,389.99,05/13/19 22:09,"721 Church St, Los Angeles, CA 90001"
200642,Lightning Charging Cable,1,14.95,05/28/19 01:11,"441 1st St, Atlanta, GA 30301"
200643,Lightning Charging Cable,1,14.95,05/22/19 11:25,"815 14th St, San Francisco, CA 94016"
200644,AAA Batteries (4-pack),1,2.99,05/30/19 18:33,"905 11th St, New York City, NY 10001"
200645,20in Monitor,2,109.99,05/23/19 17:48,"141 Ridge St, Los Angeles, CA 90001"
200645,AA Batteries (4-pack),1,3.84,05/23/19 17:48,"141 Ridge St, Los Angeles, CA 90001"
200646,USB-C Charging Cable,2,11.95,05/30/19 10:39,"856 West St, San Francisco, CA 94016"
200647,Lightning Charging Cable,1,14.95,05/12/19 09:34,"813 9th St, Boston, MA 02215"
200648,Apple Airpods Headphones,1,150,05/08/19 12:00,"899 Chestnut St, Boston, MA 02215"
200649,AA Batteries (4-pack),1,3.84,05/26/19 19:13,"725 Ridge St, Seattle, WA 98101"
200650,Apple Airpods Headphones,1,150,05/14/19 16:20,"890 Maple St, New York City, NY 10001"
200650,AAA Batteries (4-pack),2,2.99,05/14/19 16:20,"890 Maple St, New York City, NY 10001"
200651,27in FHD Monitor,1,149.99,05/19/19 04:27,"49 Dogwood St, Los Angeles, CA 90001"
200652,Wired Headphones,1,11.99,05/05/19 22:07,"362 Maple St, Los Angeles, CA 90001"
200653,27in 4K Gaming Monitor,1,389.99,05/29/19 18:57,"69 Highland St, Portland, OR 97035"
200653,Google Phone,1,600,05/29/19 18:57,"69 Highland St, Portland, OR 97035"
200654,ThinkPad Laptop,1,999.99,05/29/19 13:55,"194 Walnut St, New York City, NY 10001"
200655,34in Ultrawide Monitor,1,379.99,05/12/19 22:48,"972 4th St, Los Angeles, CA 90001"
200656,AA Batteries (4-pack),1,3.84,05/22/19 22:30,"119 Church St, San Francisco, CA 94016"
200657,Lightning Charging Cable,1,14.95,05/24/19 12:43,"117 Center St, Los Angeles, CA 90001"
200658,20in Monitor,1,109.99,05/31/19 21:22,"979 Lincoln St, Austin, TX 73301"
200659,ThinkPad Laptop,1,999.99,05/02/19 17:35,"522 Wilson St, San Francisco, CA 94016"
200660,27in FHD Monitor,1,149.99,05/30/19 15:30,"121 2nd St, Seattle, WA 98101"
200661,27in 4K Gaming Monitor,1,389.99,05/15/19 10:23,"952 Cedar St, Boston, MA 02215"
200662,AA Batteries (4-pack),4,3.84,05/09/19 14:48,"1 7th St, Los Angeles, CA 90001"
200663,AA Batteries (4-pack),2,3.84,05/31/19 22:03,"336 Jefferson St, San Francisco, CA 94016"
200664,Lightning Charging Cable,1,14.95,05/13/19 19:45,"292 Jefferson St, Los Angeles, CA 90001"
200665,Wired Headphones,1,11.99,05/22/19 11:03,"472 Madison St, San Francisco, CA 94016"
200666,34in Ultrawide Monitor,1,379.99,05/28/19 00:10,"2 Cherry St, San Francisco, CA 94016"
200667,27in 4K Gaming Monitor,1,389.99,05/28/19 13:10,"466 Jefferson St, Boston, MA 02215"
200668,AAA Batteries (4-pack),2,2.99,05/07/19 10:50,"153 Park St, San Francisco, CA 94016"
200669,Wired Headphones,1,11.99,05/08/19 21:31,"907 Wilson St, San Francisco, CA 94016"
200670,Lightning Charging Cable,1,14.95,05/15/19 11:26,"848 Lincoln St, Portland, OR 97035"
200671,Lightning Charging Cable,1,14.95,05/11/19 16:52,"158 Wilson St, Dallas, TX 75001"
200672,USB-C Charging Cable,1,11.95,05/28/19 17:42,"27 Park St, Boston, MA 02215"
200673,Apple Airpods Headphones,1,150,05/22/19 21:51,"915 Wilson St, San Francisco, CA 94016"
200674,Wired Headphones,1,11.99,05/04/19 06:41,"546 River St, Atlanta, GA 30301"
200675,AA Batteries (4-pack),1,3.84,05/16/19 16:01,"619 Wilson St, Los Angeles, CA 90001"
200676,USB-C Charging Cable,1,11.95,05/13/19 06:19,"330 7th St, San Francisco, CA 94016"
200677,AAA Batteries (4-pack),1,2.99,05/29/19 13:52,"264 Willow St, Boston, MA 02215"
200678,AA Batteries (4-pack),1,3.84,05/19/19 18:39,"519 Lake St, Boston, MA 02215"
200679,USB-C Charging Cable,1,11.95,05/18/19 09:56,"586 Center St, Atlanta, GA 30301"
200680,AA Batteries (4-pack),1,3.84,05/03/19 13:28,"387 Spruce St, Boston, MA 02215"
200681,27in FHD Monitor,1,149.99,05/22/19 12:16,"908 West St, Dallas, TX 75001"
200682,iPhone,1,700,05/22/19 23:22,"864 Maple St, Los Angeles, CA 90001"
200683,AAA Batteries (4-pack),2,2.99,05/02/19 10:46,"696 Lincoln St, New York City, NY 10001"
200684,Bose SoundSport Headphones,1,99.99,05/13/19 23:18,"770 10th St, New York City, NY 10001"
200685,AAA Batteries (4-pack),1,2.99,05/12/19 20:42,"799 Ridge St, Boston, MA 02215"
200686,AAA Batteries (4-pack),1,2.99,05/06/19 11:34,"23 Pine St, Dallas, TX 75001"
200687,Lightning Charging Cable,1,14.95,05/11/19 11:31,"878 7th St, Atlanta, GA 30301"
200688,27in 4K Gaming Monitor,1,389.99,05/22/19 10:31,"731 Wilson St, Los Angeles, CA 90001"
200689,USB-C Charging Cable,1,11.95,05/30/19 13:24,"804 13th St, Portland, ME 04101"
200690,27in FHD Monitor,1,149.99,05/20/19 19:31,"781 Maple St, Los Angeles, CA 90001"
200691,Bose SoundSport Headphones,1,99.99,05/14/19 15:38,"261 Johnson St, Dallas, TX 75001"
200692,AA Batteries (4-pack),1,3.84,05/02/19 02:17,"163 Chestnut St, Los Angeles, CA 90001"
200693,AAA Batteries (4-pack),1,2.99,05/29/19 11:08,"747 Meadow St, San Francisco, CA 94016"
200694,34in Ultrawide Monitor,1,379.99,05/01/19 14:49,"690 Cedar St, Los Angeles, CA 90001"
200695,Wired Headphones,1,11.99,05/31/19 11:28,"934 Church St, Atlanta, GA 30301"
200696,20in Monitor,1,109.99,05/18/19 18:44,"461 Lincoln St, Atlanta, GA 30301"
200697,Google Phone,1,600,05/05/19 22:54,"989 Meadow St, Los Angeles, CA 90001"
200698,AAA Batteries (4-pack),2,2.99,05/18/19 10:44,"340 Spruce St, New York City, NY 10001"
200699,AAA Batteries (4-pack),1,2.99,05/13/19 15:20,"160 Maple St, San Francisco, CA 94016"
200700,27in FHD Monitor,1,149.99,05/28/19 10:44,"230 Wilson St, San Francisco, CA 94016"
200701,Apple Airpods Headphones,1,150,05/23/19 10:42,"855 Church St, San Francisco, CA 94016"
200702,USB-C Charging Cable,2,11.95,05/21/19 09:02,"716 5th St, San Francisco, CA 94016"
200703,AA Batteries (4-pack),1,3.84,05/19/19 20:41,"697 Maple St, San Francisco, CA 94016"
200704,Apple Airpods Headphones,1,150,05/24/19 15:47,"870 Walnut St, New York City, NY 10001"
200705,Macbook Pro Laptop,1,1700,05/21/19 05:53,"179 Washington St, San Francisco, CA 94016"
200706,27in 4K Gaming Monitor,1,389.99,05/25/19 20:17,"592 Church St, Seattle, WA 98101"
200707,Lightning Charging Cable,1,14.95,05/03/19 20:55,"885 Elm St, Seattle, WA 98101"
200708,Apple Airpods Headphones,1,150,05/26/19 17:00,"539 2nd St, Boston, MA 02215"
200709,AA Batteries (4-pack),2,3.84,05/19/19 19:24,"557 Dogwood St, Seattle, WA 98101"
200710,Wired Headphones,1,11.99,05/05/19 10:24,"621 South St, Atlanta, GA 30301"
200711,Wired Headphones,1,11.99,05/21/19 14:34,"715 Elm St, Los Angeles, CA 90001"
200712,AA Batteries (4-pack),1,3.84,05/26/19 16:27,"321 5th St, New York City, NY 10001"
200713,27in 4K Gaming Monitor,1,389.99,05/26/19 09:43,"749 River St, New York City, NY 10001"
200714,34in Ultrawide Monitor,1,379.99,05/19/19 19:34,"878 1st St, Seattle, WA 98101"
200715,Google Phone,1,600,05/04/19 04:10,"698 Cedar St, Boston, MA 02215"
200716,USB-C Charging Cable,1,11.95,05/22/19 07:26,"834 Jackson St, San Francisco, CA 94016"
200717,AAA Batteries (4-pack),1,2.99,05/25/19 00:31,"442 Cherry St, San Francisco, CA 94016"
200718,USB-C Charging Cable,1,11.95,05/13/19 23:13,"132 Center St, Dallas, TX 75001"
200719,USB-C Charging Cable,1,11.95,05/05/19 10:03,"300 Madison St, Seattle, WA 98101"
200720,AA Batteries (4-pack),1,3.84,05/09/19 20:18,"976 Adams St, Boston, MA 02215"
200721,Wired Headphones,1,11.99,05/27/19 21:12,"926 Sunset St, Dallas, TX 75001"
200722,Bose SoundSport Headphones,1,99.99,05/17/19 13:34,"887 Church St, Boston, MA 02215"
200723,iPhone,1,700,05/22/19 18:32,"189 Walnut St, San Francisco, CA 94016"
200723,Lightning Charging Cable,1,14.95,05/22/19 18:32,"189 Walnut St, San Francisco, CA 94016"
200724,Wired Headphones,1,11.99,05/03/19 10:24,"380 Highland St, Austin, TX 73301"
200725,AAA Batteries (4-pack),1,2.99,05/29/19 23:48,"474 Hickory St, New York City, NY 10001"
200726,Vareebadd Phone,1,400,05/17/19 06:24,"579 12th St, San Francisco, CA 94016"
200727,27in 4K Gaming Monitor,1,389.99,05/27/19 21:38,"363 Washington St, San Francisco, CA 94016"
200728,Google Phone,1,600,05/22/19 13:32,"253 Center St, Boston, MA 02215"
200729,27in 4K Gaming Monitor,1,389.99,05/19/19 07:07,"649 Jackson St, San Francisco, CA 94016"
200729,iPhone,1,700,05/19/19 07:07,"649 Jackson St, San Francisco, CA 94016"
200730,AA Batteries (4-pack),1,3.84,05/26/19 11:34,"93 Maple St, San Francisco, CA 94016"
200731,AAA Batteries (4-pack),1,2.99,05/11/19 22:37,"7 Pine St, San Francisco, CA 94016"
200732,Lightning Charging Cable,1,14.95,05/26/19 17:19,"830 North St, San Francisco, CA 94016"
200733,Wired Headphones,1,11.99,05/08/19 20:39,"744 Church St, San Francisco, CA 94016"
200734,Apple Airpods Headphones,1,150,05/05/19 15:52,"667 10th St, Boston, MA 02215"
200735,AA Batteries (4-pack),1,3.84,05/09/19 13:41,"894 Lincoln St, Seattle, WA 98101"
200736,AAA Batteries (4-pack),2,2.99,05/29/19 12:09,"149 2nd St, Dallas, TX 75001"
200737,Lightning Charging Cable,2,14.95,05/26/19 19:55,"777 Chestnut St, Boston, MA 02215"
200738,27in FHD Monitor,1,149.99,05/26/19 14:05,"725 12th St, New York City, NY 10001"
200739,AA Batteries (4-pack),2,3.84,05/14/19 15:28,"427 Washington St, Los Angeles, CA 90001"
200740,Flatscreen TV,1,300,05/03/19 14:35,"505 Dogwood St, Seattle, WA 98101"
200741,Bose SoundSport Headphones,1,99.99,05/18/19 11:01,"917 Ridge St, San Francisco, CA 94016"
200742,AAA Batteries (4-pack),1,2.99,05/09/19 19:53,"174 West St, Seattle, WA 98101"
200743,27in 4K Gaming Monitor,2,389.99,05/25/19 10:13,"833 North St, San Francisco, CA 94016"
200744,USB-C Charging Cable,1,11.95,05/18/19 19:13,"376 Main St, Dallas, TX 75001"
200745,Wired Headphones,1,11.99,05/05/19 14:33,"143 Pine St, New York City, NY 10001"
200746,Bose SoundSport Headphones,1,99.99,05/04/19 08:06,"733 Adams St, San Francisco, CA 94016"
200747,Flatscreen TV,1,300,05/09/19 20:22,"1 Adams St, Boston, MA 02215"
200748,Bose SoundSport Headphones,1,99.99,05/13/19 17:37,"806 7th St, Los Angeles, CA 90001"
200749,27in FHD Monitor,1,149.99,05/25/19 20:38,"265 Main St, San Francisco, CA 94016"
200750,Bose SoundSport Headphones,1,99.99,05/28/19 14:35,"921 Jefferson St, Atlanta, GA 30301"
200751,Wired Headphones,1,11.99,05/23/19 08:07,"211 River St, Portland, OR 97035"
200752,34in Ultrawide Monitor,1,379.99,05/26/19 00:56,"438 Jackson St, Dallas, TX 75001"
200753,AA Batteries (4-pack),2,3.84,05/30/19 18:38,"63 Center St, San Francisco, CA 94016"
200754,Bose SoundSport Headphones,1,99.99,05/26/19 09:50,"602 9th St, Los Angeles, CA 90001"
200755,34in Ultrawide Monitor,1,379.99,05/27/19 14:27,"195 Highland St, Boston, MA 02215"
200756,Apple Airpods Headphones,1,150,05/01/19 16:27,"688 Cedar St, Los Angeles, CA 90001"
200757,Google Phone,1,600,05/05/19 20:27,"887 Ridge St, Boston, MA 02215"
200757,USB-C Charging Cable,2,11.95,05/05/19 20:27,"887 Ridge St, Boston, MA 02215"
200758,Wired Headphones,1,11.99,05/03/19 20:14,"820 6th St, Boston, MA 02215"
200759,Apple Airpods Headphones,1,150,05/04/19 16:21,"11 Hill St, Atlanta, GA 30301"
200760,Wired Headphones,1,11.99,05/06/19 15:04,"975 Meadow St, Dallas, TX 75001"
200761,iPhone,1,700,05/12/19 16:00,"130 South St, Portland, ME 04101"
200761,Lightning Charging Cable,1,14.95,05/12/19 16:00,"130 South St, Portland, ME 04101"
200762,Macbook Pro Laptop,1,1700,05/27/19 08:41,"534 Cherry St, Dallas, TX 75001"
200763,27in FHD Monitor,1,149.99,05/17/19 20:37,"849 Meadow St, Austin, TX 73301"
200764,Wired Headphones,1,11.99,05/27/19 21:16,"148 Spruce St, New York City, NY 10001"
200765,Apple Airpods Headphones,1,150,05/09/19 20:16,"359 5th St, Boston, MA 02215"
200766,AA Batteries (4-pack),1,3.84,05/31/19 19:21,"188 Willow St, San Francisco, CA 94016"
200767,AAA Batteries (4-pack),2,2.99,05/14/19 17:57,"23 13th St, Dallas, TX 75001"
200768,Apple Airpods Headphones,1,150,05/04/19 17:16,"866 Hill St, Seattle, WA 98101"
200769,Bose SoundSport Headphones,1,99.99,05/03/19 13:41,"376 Cedar St, San Francisco, CA 94016"
200770,USB-C Charging Cable,1,11.95,05/05/19 07:46,"297 Lake St, Seattle, WA 98101"
200771,27in 4K Gaming Monitor,1,389.99,05/31/19 14:04,"297 South St, San Francisco, CA 94016"
200772,Wired Headphones,1,11.99,05/27/19 18:57,"485 Cedar St, San Francisco, CA 94016"
200773,Wired Headphones,1,11.99,05/12/19 19:51,"809 Cherry St, Dallas, TX 75001"
200774,Flatscreen TV,1,300,05/19/19 10:41,"141 Walnut St, San Francisco, CA 94016"
200775,AAA Batteries (4-pack),2,2.99,05/13/19 17:49,"837 Hill St, Seattle, WA 98101"
200776,USB-C Charging Cable,1,11.95,05/23/19 02:31,"178 West St, Boston, MA 02215"
200777,Lightning Charging Cable,1,14.95,05/07/19 23:24,"466 Wilson St, San Francisco, CA 94016"
200778,AAA Batteries (4-pack),1,2.99,05/14/19 12:15,"326 Center St, Los Angeles, CA 90001"
200779,USB-C Charging Cable,1,11.95,05/14/19 14:40,"287 Ridge St, San Francisco, CA 94016"
200780,Flatscreen TV,1,300,05/30/19 14:53,"297 12th St, Portland, OR 97035"
200781,AA Batteries (4-pack),1,3.84,05/17/19 10:19,"527 Ridge St, Los Angeles, CA 90001"
200782,20in Monitor,1,109.99,05/02/19 11:09,"45 South St, San Francisco, CA 94016"
200783,Wired Headphones,1,11.99,05/20/19 11:26,"393 Cherry St, Austin, TX 73301"
200784,AA Batteries (4-pack),1,3.84,05/07/19 20:04,"757 12th St, Los Angeles, CA 90001"
200785,34in Ultrawide Monitor,1,379.99,05/10/19 21:05,"570 10th St, Seattle, WA 98101"
200786,ThinkPad Laptop,1,999.99,05/25/19 12:02,"824 6th St, Atlanta, GA 30301"
200787,34in Ultrawide Monitor,1,379.99,05/06/19 17:44,"617 Jackson St, Boston, MA 02215"
200788,Wired Headphones,1,11.99,05/02/19 16:05,"669 7th St, Boston, MA 02215"
200789,AA Batteries (4-pack),1,3.84,05/31/19 00:49,"794 Hickory St, Los Angeles, CA 90001"
200790,AA Batteries (4-pack),1,3.84,05/17/19 12:11,"721 Madison St, Los Angeles, CA 90001"
200791,AAA Batteries (4-pack),1,2.99,05/17/19 18:28,"302 Hickory St, Los Angeles, CA 90001"
200792,Lightning Charging Cable,1,14.95,05/25/19 12:06,"270 Center St, San Francisco, CA 94016"
200793,Google Phone,1,600,05/07/19 19:45,"739 Johnson St, San Francisco, CA 94016"
200794,27in FHD Monitor,1,149.99,05/23/19 00:21,"113 13th St, Boston, MA 02215"
200795,iPhone,1,700,05/28/19 11:23,"149 1st St, Dallas, TX 75001"
200796,AAA Batteries (4-pack),2,2.99,05/03/19 22:00,"694 Lakeview St, Atlanta, GA 30301"
200797,Bose SoundSport Headphones,1,99.99,05/13/19 15:31,"819 North St, San Francisco, CA 94016"
200798,Macbook Pro Laptop,1,1700,05/17/19 08:25,"25 13th St, San Francisco, CA 94016"
200799,27in FHD Monitor,1,149.99,05/17/19 12:30,"290 14th St, Los Angeles, CA 90001"
200800,USB-C Charging Cable,1,11.95,05/10/19 16:18,"58 11th St, New York City, NY 10001"
200801,Wired Headphones,1,11.99,05/02/19 22:53,"270 Willow St, Seattle, WA 98101"
200802,AA Batteries (4-pack),1,3.84,05/03/19 12:25,"414 South St, Atlanta, GA 30301"
200803,AAA Batteries (4-pack),1,2.99,05/11/19 14:31,"539 Washington St, Boston, MA 02215"
200804,Wired Headphones,1,11.99,05/31/19 11:03,"784 North St, Los Angeles, CA 90001"
200805,27in 4K Gaming Monitor,1,389.99,05/13/19 23:43,"56 12th St, Seattle, WA 98101"
200806,Bose SoundSport Headphones,1,99.99,05/17/19 13:15,"81 Elm St, Boston, MA 02215"
200807,Apple Airpods Headphones,1,150,05/08/19 15:48,"37 Dogwood St, Seattle, WA 98101"
200808,AA Batteries (4-pack),2,3.84,05/26/19 18:52,"198 Cherry St, Austin, TX 73301"
200809,Wired Headphones,1,11.99,05/29/19 22:30,"690 Cherry St, San Francisco, CA 94016"
200810,USB-C Charging Cable,1,11.95,05/24/19 22:24,"153 6th St, Dallas, TX 75001"
200811,AAA Batteries (4-pack),1,2.99,05/20/19 17:00,"511 Willow St, New York City, NY 10001"
200812,Flatscreen TV,1,300,05/25/19 07:58,"705 Forest St, Atlanta, GA 30301"
200813,AAA Batteries (4-pack),1,2.99,05/13/19 02:26,"187 Ridge St, New York City, NY 10001"
200814,34in Ultrawide Monitor,1,379.99,05/24/19 14:36,"283 Hill St, New York City, NY 10001"
200815,USB-C Charging Cable,1,11.95,05/29/19 19:50,"291 Washington St, New York City, NY 10001"
200816,AAA Batteries (4-pack),1,2.99,05/06/19 11:41,"960 Cherry St, San Francisco, CA 94016"
200817,Lightning Charging Cable,1,14.95,05/23/19 10:19,"484 Lake St, San Francisco, CA 94016"
200818,USB-C Charging Cable,1,11.95,05/28/19 10:21,"906 Cedar St, Portland, OR 97035"
200819,27in 4K Gaming Monitor,1,389.99,05/27/19 22:19,"254 North St, San Francisco, CA 94016"
200820,Wired Headphones,1,11.99,05/24/19 13:16,"635 Hill St, Atlanta, GA 30301"
200821,Lightning Charging Cable,1,14.95,05/12/19 16:00,"121 4th St, Boston, MA 02215"
200821,34in Ultrawide Monitor,1,379.99,05/12/19 16:00,"121 4th St, Boston, MA 02215"
200822,AAA Batteries (4-pack),1,2.99,05/26/19 16:04,"498 13th St, Austin, TX 73301"
200823,Macbook Pro Laptop,1,1700,05/08/19 11:24,"434 Cedar St, Boston, MA 02215"
200824,AAA Batteries (4-pack),2,2.99,05/25/19 05:54,"482 13th St, San Francisco, CA 94016"
200825,Bose SoundSport Headphones,1,99.99,05/14/19 22:08,"160 9th St, New York City, NY 10001"
200826,AA Batteries (4-pack),1,3.84,05/08/19 18:09,"12 Chestnut St, Seattle, WA 98101"
200827,AAA Batteries (4-pack),1,2.99,05/02/19 13:46,"964 Pine St, Boston, MA 02215"
200828,27in FHD Monitor,1,149.99,05/27/19 07:53,"425 Jackson St, New York City, NY 10001"
200829,Apple Airpods Headphones,1,150,05/28/19 21:19,"533 8th St, New York City, NY 10001"
200830,AAA Batteries (4-pack),2,2.99,05/01/19 11:28,"750 Church St, Austin, TX 73301"
200831,Google Phone,1,600,05/12/19 23:47,"48 Washington St, San Francisco, CA 94016"
200832,USB-C Charging Cable,1,11.95,05/09/19 17:12,"587 Cedar St, San Francisco, CA 94016"
200833,AA Batteries (4-pack),1,3.84,05/30/19 12:43,"708 9th St, Seattle, WA 98101"
200834,AA Batteries (4-pack),2,3.84,05/22/19 12:59,"889 Wilson St, Los Angeles, CA 90001"
200835,Apple Airpods Headphones,1,150,05/17/19 09:47,"882 Meadow St, Portland, OR 97035"
200836,AAA Batteries (4-pack),1,2.99,05/06/19 13:33,"377 Adams St, Dallas, TX 75001"
200836,AAA Batteries (4-pack),3,2.99,05/06/19 13:33,"377 Adams St, Dallas, TX 75001"
200837,Bose SoundSport Headphones,1,99.99,05/14/19 00:26,"1 Lincoln St, Boston, MA 02215"
200838,AAA Batteries (4-pack),2,2.99,05/06/19 08:58,"482 Spruce St, Atlanta, GA 30301"
200839,AAA Batteries (4-pack),1,2.99,05/16/19 12:39,"539 Meadow St, Boston, MA 02215"
200840,AAA Batteries (4-pack),1,2.99,05/31/19 18:56,"792 Lake St, New York City, NY 10001"
200841,27in 4K Gaming Monitor,1,389.99,05/19/19 15:20,"293 Washington St, Portland, OR 97035"
200842,AA Batteries (4-pack),1,3.84,05/31/19 12:14,"464 2nd St, Los Angeles, CA 90001"
200843,Bose SoundSport Headphones,1,99.99,05/07/19 19:27,"449 Forest St, New York City, NY 10001"
200844,Flatscreen TV,1,300,05/16/19 15:10,"314 Ridge St, San Francisco, CA 94016"
200845,USB-C Charging Cable,1,11.95,05/07/19 22:44,"966 West St, Los Angeles, CA 90001"
200846,USB-C Charging Cable,1,11.95,05/29/19 22:19,"93 Main St, Atlanta, GA 30301"
200847,Wired Headphones,1,11.99,05/09/19 23:33,"661 Madison St, Los Angeles, CA 90001"
200847,AAA Batteries (4-pack),4,2.99,05/09/19 23:33,"661 Madison St, Los Angeles, CA 90001"
200848,Lightning Charging Cable,1,14.95,05/20/19 11:33,"101 Walnut St, New York City, NY 10001"
200849,Apple Airpods Headphones,1,150,05/27/19 17:33,"4 Cedar St, New York City, NY 10001"
200850,Lightning Charging Cable,1,14.95,05/23/19 09:54,"114 Hill St, San Francisco, CA 94016"
200851,ThinkPad Laptop,1,999.99,05/17/19 12:26,"262 Cedar St, Boston, MA 02215"
200851,AAA Batteries (4-pack),1,2.99,05/17/19 12:26,"262 Cedar St, Boston, MA 02215"
200852,Bose SoundSport Headphones,1,99.99,05/19/19 16:17,"841 Lake St, New York City, NY 10001"
200853,Bose SoundSport Headphones,1,99.99,05/23/19 20:28,"303 Madison St, Austin, TX 73301"
200854,USB-C Charging Cable,1,11.95,05/29/19 17:04,"842 14th St, Austin, TX 73301"
200855,Apple Airpods Headphones,1,150,05/09/19 08:40,"379 5th St, New York City, NY 10001"
200856,Apple Airpods Headphones,1,150,05/11/19 17:11,"53 Pine St, Seattle, WA 98101"
200857,Wired Headphones,1,11.99,05/01/19 12:08,"976 Jefferson St, San Francisco, CA 94016"
200858,USB-C Charging Cable,3,11.95,05/20/19 17:37,"139 Maple St, San Francisco, CA 94016"
200859,Apple Airpods Headphones,1,150,05/26/19 12:36,"521 Hill St, San Francisco, CA 94016"
200860,Wired Headphones,1,11.99,05/24/19 14:27,"327 Ridge St, Boston, MA 02215"
200861,AAA Batteries (4-pack),2,2.99,05/11/19 17:25,"673 Lake St, San Francisco, CA 94016"
200862,AAA Batteries (4-pack),1,2.99,05/07/19 13:06,"407 Madison St, Dallas, TX 75001"
200863,Macbook Pro Laptop,1,1700,05/17/19 16:46,"828 Dogwood St, Los Angeles, CA 90001"
200864,Lightning Charging Cable,1,14.95,05/24/19 15:32,"466 Lakeview St, Boston, MA 02215"
200865,USB-C Charging Cable,1,11.95,05/02/19 16:56,"970 Hickory St, Los Angeles, CA 90001"
200866,AAA Batteries (4-pack),1,2.99,05/14/19 21:32,"216 Walnut St, Dallas, TX 75001"
200867,Lightning Charging Cable,1,14.95,05/06/19 17:28,"805 Adams St, Los Angeles, CA 90001"
200868,USB-C Charging Cable,1,11.95,05/10/19 06:12,"867 Elm St, New York City, NY 10001"
200869,27in FHD Monitor,1,149.99,05/14/19 12:23,"895 Ridge St, New York City, NY 10001"
200870,AA Batteries (4-pack),1,3.84,05/21/19 13:04,"311 11th St, San Francisco, CA 94016"
200871,Bose SoundSport Headphones,1,99.99,05/28/19 16:45,"533 13th St, Seattle, WA 98101"
200872,AAA Batteries (4-pack),3,2.99,05/10/19 22:59,"780 13th St, Los Angeles, CA 90001"
200873,AA Batteries (4-pack),1,3.84,05/26/19 13:37,"521 Highland St, San Francisco, CA 94016"
200874,27in FHD Monitor,1,149.99,05/11/19 10:17,"969 Jackson St, San Francisco, CA 94016"
200875,34in Ultrawide Monitor,1,379.99,05/01/19 17:33,"194 5th St, Los Angeles, CA 90001"
200876,USB-C Charging Cable,1,11.95,05/25/19 11:19,"744 Forest St, San Francisco, CA 94016"
200877,Wired Headphones,1,11.99,05/27/19 12:32,"409 Cedar St, San Francisco, CA 94016"
200878,AAA Batteries (4-pack),2,2.99,05/29/19 23:54,"643 Walnut St, New York City, NY 10001"
200879,27in FHD Monitor,1,149.99,05/23/19 09:08,"541 Chestnut St, San Francisco, CA 94016"
200879,Bose SoundSport Headphones,1,99.99,05/23/19 09:08,"541 Chestnut St, San Francisco, CA 94016"
200880,ThinkPad Laptop,1,999.99,05/10/19 18:14,"184 River St, Portland, OR 97035"
200881,Wired Headphones,1,11.99,05/07/19 14:32,"97 Cherry St, Boston, MA 02215"
200882,Apple Airpods Headphones,1,150,05/01/19 17:15,"161 Meadow St, Atlanta, GA 30301"
200883,AAA Batteries (4-pack),1,2.99,05/29/19 08:28,"267 North St, Boston, MA 02215"
200884,Lightning Charging Cable,1,14.95,05/16/19 11:17,"803 Forest St, Atlanta, GA 30301"
200885,Apple Airpods Headphones,1,150,05/21/19 19:03,"397 Hill St, Dallas, TX 75001"
200886,20in Monitor,1,109.99,05/02/19 19:27,"680 Willow St, San Francisco, CA 94016"
200887,27in FHD Monitor,1,149.99,05/24/19 02:59,"972 10th St, San Francisco, CA 94016"
200888,Bose SoundSport Headphones,1,99.99,05/31/19 11:57,"446 Madison St, New York City, NY 10001"
,,,,,
200889,iPhone,1,700,05/22/19 18:53,"999 Spruce St, San Francisco, CA 94016"
200890,USB-C Charging Cable,1,11.95,05/27/19 19:07,"868 11th St, New York City, NY 10001"
200891,34in Ultrawide Monitor,1,379.99,05/10/19 16:00,"653 Hickory St, San Francisco, CA 94016"
200892,USB-C Charging Cable,1,11.95,05/18/19 11:38,"841 Willow St, Austin, TX 73301"
200893,Apple Airpods Headphones,1,150,05/21/19 09:40,"938 Dogwood St, Austin, TX 73301"
200894,LG Washing Machine,1,600.0,05/06/19 10:45,"923 Dogwood St, New York City, NY 10001"
200895,Bose SoundSport Headphones,1,99.99,05/09/19 09:51,"412 9th St, Portland, OR 97035"
200896,Apple Airpods Headphones,1,150,05/29/19 13:54,"34 Jefferson St, Atlanta, GA 30301"
200897,27in 4K Gaming Monitor,1,389.99,05/14/19 13:13,"71 Johnson St, Dallas, TX 75001"
200898,34in Ultrawide Monitor,1,379.99,05/05/19 13:09,"534 Lincoln St, Los Angeles, CA 90001"
200899,Lightning Charging Cable,1,14.95,05/11/19 15:00,"242 Wilson St, San Francisco, CA 94016"
200900,USB-C Charging Cable,1,11.95,05/08/19 22:25,"315 11th St, Los Angeles, CA 90001"
200901,ThinkPad Laptop,1,999.99,05/12/19 11:05,"488 Park St, Dallas, TX 75001"
200902,Macbook Pro Laptop,1,1700,05/26/19 22:06,"358 Cedar St, San Francisco, CA 94016"
200903,USB-C Charging Cable,1,11.95,05/08/19 17:17,"49 Spruce St, New York City, NY 10001"
200904,Flatscreen TV,1,300,05/18/19 10:34,"697 Elm St, San Francisco, CA 94016"
200905,Bose SoundSport Headphones,1,99.99,05/25/19 19:16,"832 Park St, Boston, MA 02215"
200906,Lightning Charging Cable,1,14.95,05/19/19 13:21,"221 Elm St, New York City, NY 10001"
200906,USB-C Charging Cable,1,11.95,05/19/19 13:21,"221 Elm St, New York City, NY 10001"
200907,iPhone,1,700,05/11/19 22:37,"827 South St, Boston, MA 02215"
200908,Apple Airpods Headphones,1,150,05/02/19 11:55,"517 Dogwood St, Los Angeles, CA 90001"
200909,Flatscreen TV,1,300,05/04/19 16:39,"156 2nd St, Dallas, TX 75001"
200910,Bose SoundSport Headphones,1,99.99,05/09/19 11:49,"671 10th St, San Francisco, CA 94016"
200911,AAA Batteries (4-pack),1,2.99,05/04/19 09:37,"627 Johnson St, Boston, MA 02215"
200912,27in 4K Gaming Monitor,1,389.99,05/18/19 21:09,"415 Spruce St, Portland, OR 97035"
200913,Wired Headphones,1,11.99,05/19/19 20:31,"56 Meadow St, Boston, MA 02215"
200914,Lightning Charging Cable,1,14.95,05/02/19 19:18,"215 Ridge St, Los Angeles, CA 90001"
200915,AA Batteries (4-pack),1,3.84,05/25/19 19:06,"132 7th St, Boston, MA 02215"
200916,USB-C Charging Cable,1,11.95,05/24/19 11:26,"370 8th St, San Francisco, CA 94016"
200917,20in Monitor,1,109.99,06/01/19 00:36,"761 Highland St, Austin, TX 73301"
200918,Vareebadd Phone,1,400,05/08/19 16:18,"262 6th St, Los Angeles, CA 90001"
200919,AA Batteries (4-pack),1,3.84,05/23/19 18:22,"757 Johnson St, San Francisco, CA 94016"
200920,27in FHD Monitor,1,149.99,05/19/19 20:39,"590 4th St, Seattle, WA 98101"
200921,27in 4K Gaming Monitor,1,389.99,05/11/19 19:30,"625 11th St, Portland, ME 04101"
200922,AAA Batteries (4-pack),2,2.99,05/28/19 12:25,"594 Forest St, Los Angeles, CA 90001"
200923,AA Batteries (4-pack),1,3.84,05/01/19 07:01,"732 Jackson St, New York City, NY 10001"
200924,Lightning Charging Cable,1,14.95,05/22/19 14:28,"448 13th St, Atlanta, GA 30301"
200925,AA Batteries (4-pack),1,3.84,05/15/19 18:43,"374 Main St, Boston, MA 02215"
200926,Lightning Charging Cable,1,14.95,05/29/19 09:13,"890 South St, Dallas, TX 75001"
200927,Google Phone,1,600,05/24/19 20:49,"45 North St, New York City, NY 10001"
200928,AA Batteries (4-pack),1,3.84,05/28/19 03:01,"622 South St, Boston, MA 02215"
200929,iPhone,1,700,05/11/19 11:23,"463 Pine St, Boston, MA 02215"
200930,Lightning Charging Cable,1,14.95,05/21/19 20:42,"415 West St, San Francisco, CA 94016"
200931,27in 4K Gaming Monitor,1,389.99,05/01/19 18:31,"778 2nd St, Boston, MA 02215"
200932,Wired Headphones,1,11.99,05/26/19 20:14,"318 Lake St, San Francisco, CA 94016"
200933,27in FHD Monitor,1,149.99,05/20/19 19:16,"567 Forest St, Los Angeles, CA 90001"
200934,AA Batteries (4-pack),1,3.84,05/30/19 17:33,"131 9th St, San Francisco, CA 94016"
200935,USB-C Charging Cable,1,11.95,05/13/19 20:33,"951 Walnut St, Austin, TX 73301"
200936,Macbook Pro Laptop,1,1700,05/28/19 08:13,"257 Meadow St, Los Angeles, CA 90001"
200937,AA Batteries (4-pack),2,3.84,05/19/19 23:44,"273 12th St, New York City, NY 10001"
200938,AAA Batteries (4-pack),1,2.99,05/21/19 11:54,"463 Main St, New York City, NY 10001"
200939,ThinkPad Laptop,1,999.99,05/31/19 02:16,"232 2nd St, Boston, MA 02215"
200940,Apple Airpods Headphones,1,150,05/19/19 10:22,"727 Dogwood St, Boston, MA 02215"
200941,ThinkPad Laptop,1,999.99,05/11/19 14:19,"593 River St, Los Angeles, CA 90001"
200942,Apple Airpods Headphones,1,150,05/29/19 15:37,"156 Spruce St, Dallas, TX 75001"
200943,Lightning Charging Cable,1,14.95,05/17/19 22:22,"801 8th St, San Francisco, CA 94016"
200944,AAA Batteries (4-pack),1,2.99,05/25/19 18:03,"347 Jackson St, New York City, NY 10001"
200945,Bose SoundSport Headphones,2,99.99,05/12/19 14:29,"240 Highland St, Los Angeles, CA 90001"
200946,34in Ultrawide Monitor,1,379.99,05/18/19 07:47,"466 Adams St, Seattle, WA 98101"
200947,AAA Batteries (4-pack),1,2.99,05/29/19 22:39,"600 West St, Boston, MA 02215"
200948,USB-C Charging Cable,1,11.95,05/19/19 11:00,"81 Hill St, Los Angeles, CA 90001"
200949,Lightning Charging Cable,1,14.95,05/18/19 16:42,"506 6th St, New York City, NY 10001"
200950,Lightning Charging Cable,1,14.95,05/06/19 12:59,"760 8th St, Seattle, WA 98101"
200951,Wired Headphones,1,11.99,05/18/19 17:17,"946 Church St, San Francisco, CA 94016"
200952,AA Batteries (4-pack),2,3.84,05/30/19 23:25,"663 12th St, Portland, OR 97035"
200953,Lightning Charging Cable,1,14.95,05/05/19 17:07,"255 Washington St, Atlanta, GA 30301"
200954,Bose SoundSport Headphones,1,99.99,05/06/19 21:03,"22 South St, San Francisco, CA 94016"
200955,iPhone,1,700,05/08/19 19:28,"531 Lincoln St, Boston, MA 02215"
200956,AAA Batteries (4-pack),1,2.99,05/14/19 10:03,"548 13th St, San Francisco, CA 94016"
200957,Apple Airpods Headphones,1,150,05/24/19 21:04,"757 2nd St, Boston, MA 02215"
200958,Lightning Charging Cable,1,14.95,05/21/19 23:40,"314 Highland St, Dallas, TX 75001"
200959,Wired Headphones,2,11.99,05/16/19 14:36,"798 10th St, Austin, TX 73301"
200960,AA Batteries (4-pack),1,3.84,05/07/19 21:16,"431 Adams St, San Francisco, CA 94016"
200961,Lightning Charging Cable,1,14.95,05/30/19 09:24,"931 1st St, Dallas, TX 75001"
200962,Lightning Charging Cable,2,14.95,05/26/19 12:57,"26 5th St, Atlanta, GA 30301"
200963,USB-C Charging Cable,1,11.95,05/11/19 21:47,"949 Center St, San Francisco, CA 94016"
200964,34in Ultrawide Monitor,1,379.99,05/25/19 22:00,"79 West St, Los Angeles, CA 90001"
200965,AA Batteries (4-pack),1,3.84,05/07/19 18:58,"145 Highland St, San Francisco, CA 94016"
200966,Lightning Charging Cable,1,14.95,05/06/19 14:46,"857 10th St, Boston, MA 02215"
200967,34in Ultrawide Monitor,1,379.99,05/09/19 17:59,"396 8th St, Portland, OR 97035"
200968,Wired Headphones,1,11.99,05/02/19 20:08,"881 5th St, Los Angeles, CA 90001"
200969,Wired Headphones,1,11.99,05/12/19 20:42,"134 Jefferson St, Los Angeles, CA 90001"
200970,Apple Airpods Headphones,1,150,05/16/19 09:54,"475 8th St, Dallas, TX 75001"
200971,iPhone,1,700,05/12/19 20:08,"114 1st St, Los Angeles, CA 90001"
200971,Lightning Charging Cable,1,14.95,05/12/19 20:08,"114 1st St, Los Angeles, CA 90001"
200972,AA Batteries (4-pack),1,3.84,05/13/19 23:38,"209 Chestnut St, San Francisco, CA 94016"
200973,Apple Airpods Headphones,1,150,05/19/19 00:48,"51 Church St, Seattle, WA 98101"
200974,USB-C Charging Cable,1,11.95,05/13/19 21:00,"404 River St, San Francisco, CA 94016"
200975,Wired Headphones,1,11.99,05/22/19 14:01,"386 7th St, Boston, MA 02215"
200976,ThinkPad Laptop,1,999.99,05/23/19 11:12,"47 Forest St, New York City, NY 10001"
200977,AA Batteries (4-pack),1,3.84,05/15/19 17:28,"767 Jackson St, Dallas, TX 75001"
200978,Lightning Charging Cable,1,14.95,05/11/19 07:07,"770 Hill St, Boston, MA 02215"
200979,AA Batteries (4-pack),1,3.84,05/26/19 16:30,"107 Park St, San Francisco, CA 94016"
200980,27in FHD Monitor,1,149.99,05/12/19 13:00,"375 Church St, San Francisco, CA 94016"
200981,Wired Headphones,1,11.99,05/09/19 21:48,"56 Dogwood St, Seattle, WA 98101"
200982,Wired Headphones,1,11.99,05/15/19 17:48,"285 Jackson St, Austin, TX 73301"
200983,ThinkPad Laptop,1,999.99,05/15/19 15:38,"971 Sunset St, Los Angeles, CA 90001"
200984,Bose SoundSport Headphones,1,99.99,05/17/19 13:01,"883 River St, San Francisco, CA 94016"
200985,Lightning Charging Cable,1,14.95,05/30/19 17:57,"589 Cedar St, Los Angeles, CA 90001"
200986,AAA Batteries (4-pack),2,2.99,05/17/19 21:41,"445 10th St, Seattle, WA 98101"
200987,Wired Headphones,1,11.99,05/15/19 14:35,"816 Main St, San Francisco, CA 94016"
200988,27in FHD Monitor,1,149.99,05/06/19 00:39,"503 Adams St, Portland, ME 04101"
200989,USB-C Charging Cable,1,11.95,05/28/19 13:42,"412 Spruce St, San Francisco, CA 94016"
200990,AA Batteries (4-pack),1,3.84,05/19/19 13:23,"657 Elm St, Los Angeles, CA 90001"
200991,AAA Batteries (4-pack),2,2.99,05/30/19 10:21,"284 Elm St, Austin, TX 73301"
200992,USB-C Charging Cable,1,11.95,05/09/19 16:01,"610 Walnut St, Dallas, TX 75001"
200993,Apple Airpods Headphones,1,150,05/18/19 19:30,"160 Center St, Boston, MA 02215"
200994,USB-C Charging Cable,1,11.95,05/08/19 21:32,"844 2nd St, Los Angeles, CA 90001"
200995,Lightning Charging Cable,1,14.95,05/23/19 10:46,"159 Spruce St, Portland, OR 97035"
200996,USB-C Charging Cable,1,11.95,05/30/19 20:38,"775 13th St, Los Angeles, CA 90001"
200997,Wired Headphones,1,11.99,05/09/19 09:15,"589 Lake St, Los Angeles, CA 90001"
200998,Google Phone,1,600,05/23/19 11:05,"518 Chestnut St, Seattle, WA 98101"
200998,Bose SoundSport Headphones,1,99.99,05/23/19 11:05,"518 Chestnut St, Seattle, WA 98101"
200999,Google Phone,1,600,05/01/19 23:57,"507 5th St, New York City, NY 10001"
201000,Flatscreen TV,1,300,05/02/19 07:12,"409 13th St, San Francisco, CA 94016"
201001,20in Monitor,1,109.99,05/10/19 18:38,"270 West St, New York City, NY 10001"
201002,Macbook Pro Laptop,1,1700,05/12/19 17:37,"830 Elm St, Seattle, WA 98101"
201003,Wired Headphones,1,11.99,05/27/19 10:57,"921 8th St, Dallas, TX 75001"
201004,AAA Batteries (4-pack),1,2.99,05/28/19 08:33,"380 8th St, Austin, TX 73301"
201005,Wired Headphones,1,11.99,05/06/19 01:01,"813 Hickory St, New York City, NY 10001"
201006,USB-C Charging Cable,1,11.95,05/20/19 20:51,"849 8th St, Atlanta, GA 30301"
201007,AA Batteries (4-pack),5,3.84,05/28/19 18:55,"211 6th St, Seattle, WA 98101"
201008,USB-C Charging Cable,1,11.95,05/16/19 16:36,"966 14th St, Atlanta, GA 30301"
201009,Macbook Pro Laptop,1,1700,05/26/19 21:10,"456 River St, San Francisco, CA 94016"
201010,Macbook Pro Laptop,1,1700,05/27/19 18:59,"213 Lake St, Atlanta, GA 30301"
201011,Lightning Charging Cable,1,14.95,05/10/19 17:06,"154 Madison St, Boston, MA 02215"
201012,Lightning Charging Cable,1,14.95,05/26/19 20:46,"230 7th St, San Francisco, CA 94016"
201013,iPhone,1,700,05/24/19 09:18,"122 Cherry St, Portland, OR 97035"
201014,AA Batteries (4-pack),1,3.84,05/09/19 15:09,"4 11th St, San Francisco, CA 94016"
201015,Lightning Charging Cable,2,14.95,05/04/19 22:10,"292 6th St, New York City, NY 10001"
201016,AA Batteries (4-pack),1,3.84,05/20/19 23:14,"721 Dogwood St, Los Angeles, CA 90001"
201017,AA Batteries (4-pack),2,3.84,05/12/19 10:37,"378 5th St, Austin, TX 73301"
201018,Lightning Charging Cable,1,14.95,05/28/19 19:03,"462 Meadow St, Austin, TX 73301"
201019,USB-C Charging Cable,1,11.95,05/27/19 11:17,"179 7th St, Los Angeles, CA 90001"
201020,AAA Batteries (4-pack),1,2.99,05/20/19 19:07,"846 Sunset St, Los Angeles, CA 90001"
201021,Lightning Charging Cable,1,14.95,05/25/19 15:21,"301 13th St, New York City, NY 10001"
201022,Wired Headphones,1,11.99,05/30/19 12:46,"812 Chestnut St, San Francisco, CA 94016"
201023,ThinkPad Laptop,1,999.99,05/19/19 18:50,"34 Chestnut St, Boston, MA 02215"
201024,Apple Airpods Headphones,1,150,05/10/19 21:05,"278 Ridge St, Seattle, WA 98101"
201025,Bose SoundSport Headphones,1,99.99,05/04/19 19:51,"44 West St, Dallas, TX 75001"
201026,Wired Headphones,1,11.99,05/20/19 18:08,"582 Lake St, San Francisco, CA 94016"
201027,Bose SoundSport Headphones,1,99.99,05/04/19 09:16,"670 North St, Boston, MA 02215"
201028,AA Batteries (4-pack),2,3.84,05/05/19 17:28,"197 Madison St, New York City, NY 10001"
201029,Apple Airpods Headphones,1,150,05/04/19 18:28,"762 Hill St, Los Angeles, CA 90001"
201030,Macbook Pro Laptop,1,1700,05/29/19 16:27,"449 Main St, Atlanta, GA 30301"
201031,AA Batteries (4-pack),1,3.84,05/07/19 03:22,"124 Maple St, Los Angeles, CA 90001"
201032,20in Monitor,1,109.99,05/08/19 00:36,"196 2nd St, Dallas, TX 75001"
201033,Bose SoundSport Headphones,1,99.99,05/09/19 19:27,"241 Lakeview St, New York City, NY 10001"
201034,27in FHD Monitor,1,149.99,05/05/19 07:08,"287 2nd St, Seattle, WA 98101"
201035,Apple Airpods Headphones,1,150,05/29/19 19:07,"467 Forest St, New York City, NY 10001"
201036,Wired Headphones,1,11.99,05/24/19 12:58,"569 5th St, Boston, MA 02215"
201037,USB-C Charging Cable,1,11.95,05/25/19 12:57,"31 Lake St, Dallas, TX 75001"
201038,AA Batteries (4-pack),1,3.84,05/23/19 19:52,"92 Hill St, San Francisco, CA 94016"
201039,USB-C Charging Cable,1,11.95,05/06/19 16:20,"971 West St, Seattle, WA 98101"
201040,Wired Headphones,1,11.99,05/06/19 23:50,"450 Highland St, Boston, MA 02215"
201041,34in Ultrawide Monitor,1,379.99,05/17/19 16:58,"637 Dogwood St, San Francisco, CA 94016"
201042,Bose SoundSport Headphones,1,99.99,05/30/19 11:25,"81 Chestnut St, Los Angeles, CA 90001"
201043,Wired Headphones,1,11.99,05/18/19 18:04,"71 Lake St, San Francisco, CA 94016"
201044,ThinkPad Laptop,1,999.99,05/18/19 21:20,"724 Ridge St, Boston, MA 02215"
201045,USB-C Charging Cable,1,11.95,05/21/19 15:55,"608 South St, Portland, OR 97035"
201046,USB-C Charging Cable,1,11.95,05/28/19 16:48,"398 12th St, Atlanta, GA 30301"
201047,20in Monitor,1,109.99,05/13/19 13:39,"86 2nd St, San Francisco, CA 94016"
201047,Bose SoundSport Headphones,1,99.99,05/13/19 13:39,"86 2nd St, San Francisco, CA 94016"
201048,AAA Batteries (4-pack),2,2.99,05/01/19 14:18,"200 Hill St, Seattle, WA 98101"
201049,iPhone,1,700,05/31/19 16:22,"833 12th St, New York City, NY 10001"
201050,Lightning Charging Cable,1,14.95,05/09/19 14:05,"978 Maple St, Seattle, WA 98101"
201051,Wired Headphones,2,11.99,05/21/19 17:14,"841 Willow St, San Francisco, CA 94016"
201052,27in FHD Monitor,1,149.99,05/09/19 13:29,"897 6th St, San Francisco, CA 94016"
201053,Apple Airpods Headphones,1,150,05/02/19 17:02,"202 10th St, Portland, OR 97035"
201054,AAA Batteries (4-pack),2,2.99,05/15/19 20:43,"346 Johnson St, San Francisco, CA 94016"
201055,AA Batteries (4-pack),1,3.84,05/26/19 10:31,"195 Walnut St, San Francisco, CA 94016"
201056,AAA Batteries (4-pack),1,2.99,05/30/19 19:55,"729 Johnson St, Boston, MA 02215"
201057,AA Batteries (4-pack),2,3.84,05/21/19 16:57,"306 12th St, Portland, OR 97035"
201058,34in Ultrawide Monitor,1,379.99,05/19/19 22:59,"200 7th St, Los Angeles, CA 90001"
201059,Bose SoundSport Headphones,1,99.99,05/20/19 18:27,"907 4th St, New York City, NY 10001"
201060,Macbook Pro Laptop,1,1700,05/05/19 17:49,"567 Cedar St, Dallas, TX 75001"
201061,AA Batteries (4-pack),1,3.84,05/04/19 09:37,"75 Sunset St, New York City, NY 10001"
201062,Lightning Charging Cable,1,14.95,05/19/19 18:15,"185 Chestnut St, Los Angeles, CA 90001"
201063,USB-C Charging Cable,1,11.95,05/11/19 17:39,"831 Church St, New York City, NY 10001"
201064,Macbook Pro Laptop,1,1700,05/15/19 12:56,"912 14th St, Portland, OR 97035"
201065,AAA Batteries (4-pack),1,2.99,05/21/19 12:43,"262 4th St, Seattle, WA 98101"
201066,Lightning Charging Cable,1,14.95,05/06/19 09:51,"319 Wilson St, Los Angeles, CA 90001"
201067,USB-C Charging Cable,1,11.95,05/13/19 16:19,"407 8th St, Atlanta, GA 30301"
201068,AA Batteries (4-pack),1,3.84,05/07/19 23:38,"29 Maple St, Atlanta, GA 30301"
201069,iPhone,1,700,05/17/19 10:04,"839 Madison St, Los Angeles, CA 90001"
201070,27in 4K Gaming Monitor,1,389.99,05/20/19 23:38,"879 North St, Portland, OR 97035"
201071,Bose SoundSport Headphones,1,99.99,05/10/19 18:43,"828 West St, Austin, TX 73301"
201072,Wired Headphones,1,11.99,05/31/19 12:52,"543 4th St, Boston, MA 02215"
201073,Wired Headphones,1,11.99,05/31/19 10:21,"355 Elm St, Dallas, TX 75001"
201074,AA Batteries (4-pack),2,3.84,05/22/19 01:02,"53 Elm St, New York City, NY 10001"
201075,Flatscreen TV,1,300,05/10/19 16:53,"569 4th St, Los Angeles, CA 90001"
201076,AA Batteries (4-pack),2,3.84,05/25/19 16:04,"208 Adams St, Boston, MA 02215"
201077,AAA Batteries (4-pack),1,2.99,05/22/19 21:01,"71 9th St, New York City, NY 10001"
201078,AAA Batteries (4-pack),1,2.99,05/30/19 18:08,"404 Cherry St, San Francisco, CA 94016"
201079,LG Washing Machine,1,600.0,05/10/19 00:37,"593 West St, Seattle, WA 98101"
201080,27in 4K Gaming Monitor,1,389.99,05/14/19 09:16,"173 Dogwood St, Atlanta, GA 30301"
201081,Apple Airpods Headphones,1,150,05/10/19 20:03,"791 Main St, Dallas, TX 75001"
201082,Wired Headphones,2,11.99,05/22/19 06:28,"793 4th St, New York City, NY 10001"
201083,USB-C Charging Cable,1,11.95,05/17/19 14:51,"777 13th St, Los Angeles, CA 90001"
201084,USB-C Charging Cable,1,11.95,05/26/19 08:01,"969 Ridge St, Seattle, WA 98101"
201085,AA Batteries (4-pack),2,3.84,05/09/19 11:32,"290 12th St, San Francisco, CA 94016"
201086,Bose SoundSport Headphones,1,99.99,05/26/19 16:30,"709 10th St, Portland, OR 97035"
201087,20in Monitor,1,109.99,05/13/19 12:33,"364 Ridge St, Boston, MA 02215"
201088,Apple Airpods Headphones,1,150,05/03/19 09:09,"341 Cedar St, Austin, TX 73301"
201089,Google Phone,1,600,05/04/19 20:34,"99 Park St, Boston, MA 02215"
201089,USB-C Charging Cable,1,11.95,05/04/19 20:34,"99 Park St, Boston, MA 02215"
201090,ThinkPad Laptop,1,999.99,05/31/19 11:51,"25 Willow St, Austin, TX 73301"
201091,Google Phone,1,600,05/02/19 16:30,"128 Jefferson St, Los Angeles, CA 90001"
201091,USB-C Charging Cable,1,11.95,05/02/19 16:30,"128 Jefferson St, Los Angeles, CA 90001"
201092,AA Batteries (4-pack),1,3.84,05/21/19 17:54,"762 Church St, Los Angeles, CA 90001"
201093,Wired Headphones,1,11.99,05/13/19 12:28,"712 Meadow St, Austin, TX 73301"
201094,34in Ultrawide Monitor,1,379.99,05/16/19 13:59,"822 South St, San Francisco, CA 94016"
201095,ThinkPad Laptop,1,999.99,05/10/19 02:12,"19 Park St, Boston, MA 02215"
201096,USB-C Charging Cable,1,11.95,05/01/19 19:05,"821 Walnut St, Atlanta, GA 30301"
201097,Wired Headphones,1,11.99,05/04/19 07:33,"854 Spruce St, Austin, TX 73301"
201098,AA Batteries (4-pack),1,3.84,05/28/19 13:08,"645 14th St, Dallas, TX 75001"
201099,34in Ultrawide Monitor,1,379.99,05/03/19 06:52,"602 Lakeview St, Seattle, WA 98101"
201100,34in Ultrawide Monitor,1,379.99,05/05/19 21:04,"487 Main St, San Francisco, CA 94016"
201101,Flatscreen TV,1,300,05/08/19 21:54,"647 6th St, Seattle, WA 98101"
201101,27in FHD Monitor,1,149.99,05/08/19 21:54,"647 6th St, Seattle, WA 98101"
201102,Bose SoundSport Headphones,1,99.99,05/30/19 11:30,"493 Jefferson St, Dallas, TX 75001"
201103,AA Batteries (4-pack),1,3.84,05/25/19 12:30,"351 13th St, Dallas, TX 75001"
201104,20in Monitor,1,109.99,05/27/19 19:00,"192 Spruce St, San Francisco, CA 94016"
201105,Wired Headphones,1,11.99,05/10/19 19:12,"836 7th St, San Francisco, CA 94016"
201106,Bose SoundSport Headphones,1,99.99,05/23/19 08:52,"324 7th St, Los Angeles, CA 90001"
201107,AAA Batteries (4-pack),1,2.99,05/06/19 22:15,"84 Adams St, New York City, NY 10001"
Order ID,Product,Quantity Ordered,Price Each,Order Date,Purchase Address
201108,Lightning Charging Cable,1,14.95,05/24/19 15:24,"360 Meadow St, Dallas, TX 75001"
201109,Apple Airpods Headphones,1,150,05/16/19 12:47,"208 1st St, Dallas, TX 75001"
201110,USB-C Charging Cable,1,11.95,05/21/19 18:11,"193 1st St, New York City, NY 10001"
201111,Wired Headphones,3,11.99,05/14/19 18:36,"439 Elm St, Atlanta, GA 30301"
201112,Lightning Charging Cable,1,14.95,05/04/19 11:45,"982 Cherry St, Boston, MA 02215"
201113,Wired Headphones,1,11.99,05/15/19 15:06,"578 Jackson St, New York City, NY 10001"
201114,27in FHD Monitor,1,149.99,05/16/19 19:01,"740 Jackson St, New York City, NY 10001"
201114,Macbook Pro Laptop,1,1700,05/16/19 19:01,"740 Jackson St, New York City, NY 10001"
201115,AA Batteries (4-pack),2,3.84,05/07/19 21:44,"218 Jefferson St, Atlanta, GA 30301"
201116,AAA Batteries (4-pack),6,2.99,05/28/19 13:56,"18 Forest St, New York City, NY 10001"
201117,Apple Airpods Headphones,1,150,05/11/19 15:58,"591 Washington St, Boston, MA 02215"
201118,27in 4K Gaming Monitor,1,389.99,05/28/19 03:20,"920 Church St, San Francisco, CA 94016"
201119,Apple Airpods Headphones,1,150,05/15/19 11:24,"418 Ridge St, San Francisco, CA 94016"
201120,USB-C Charging Cable,1,11.95,05/20/19 11:13,"374 Sunset St, New York City, NY 10001"
201121,AAA Batteries (4-pack),1,2.99,05/24/19 12:19,"759 Washington St, Austin, TX 73301"
201122,34in Ultrawide Monitor,1,379.99,05/04/19 21:56,"368 Ridge St, Atlanta, GA 30301"
201123,Lightning Charging Cable,1,14.95,05/13/19 07:16,"356 West St, Boston, MA 02215"
201124,Wired Headphones,1,11.99,05/05/19 10:53,"810 Main St, Seattle, WA 98101"
201124,Apple Airpods Headphones,1,150,05/05/19 10:53,"810 Main St, Seattle, WA 98101"
201125,Lightning Charging Cable,1,14.95,05/06/19 13:21,"657 8th St, Los Angeles, CA 90001"
201126,AA Batteries (4-pack),1,3.84,05/22/19 23:02,"840 Church St, Dallas, TX 75001"
201126,USB-C Charging Cable,1,11.95,05/22/19 23:02,"840 Church St, Dallas, TX 75001"
201127,Vareebadd Phone,1,400,05/08/19 00:25,"3 8th St, New York City, NY 10001"
201128,Bose SoundSport Headphones,1,99.99,05/23/19 10:27,"297 8th St, Dallas, TX 75001"
201129,iPhone,1,700,05/31/19 07:43,"233 Wilson St, Boston, MA 02215"
201130,Google Phone,1,600,05/02/19 06:22,"547 Pine St, San Francisco, CA 94016"
201131,Apple Airpods Headphones,1,150,05/21/19 16:50,"191 North St, Los Angeles, CA 90001"
201132,Apple Airpods Headphones,1,150,05/07/19 17:18,"316 7th St, Seattle, WA 98101"
201133,Lightning Charging Cable,1,14.95,05/25/19 04:37,"100 Pine St, Los Angeles, CA 90001"
201134,Bose SoundSport Headphones,1,99.99,05/31/19 04:37,"452 Maple St, Boston, MA 02215"
201135,AAA Batteries (4-pack),1,2.99,05/02/19 09:20,"674 2nd St, Los Angeles, CA 90001"
201136,USB-C Charging Cable,1,11.95,05/13/19 17:02,"627 Walnut St, Seattle, WA 98101"
201137,AAA Batteries (4-pack),1,2.99,05/19/19 20:40,"969 Cherry St, San Francisco, CA 94016"
201138,AAA Batteries (4-pack),5,2.99,05/01/19 23:48,"774 Elm St, Austin, TX 73301"
201139,Google Phone,1,600,05/27/19 15:57,"801 Meadow St, Boston, MA 02215"
201140,34in Ultrawide Monitor,1,379.99,05/08/19 01:22,"997 14th St, Portland, OR 97035"
201140,AAA Batteries (4-pack),2,2.99,05/08/19 01:22,"997 14th St, Portland, OR 97035"
201141,Wired Headphones,1,11.99,05/05/19 20:40,"11 2nd St, Boston, MA 02215"
201142,AA Batteries (4-pack),1,3.84,05/04/19 18:56,"140 Cherry St, New York City, NY 10001"
201143,Apple Airpods Headphones,1,150,05/13/19 18:46,"14 10th St, Atlanta, GA 30301"
201144,Wired Headphones,2,11.99,05/21/19 20:35,"43 Spruce St, Boston, MA 02215"
201145,Lightning Charging Cable,1,14.95,05/13/19 13:01,"990 Park St, Boston, MA 02215"
201146,AA Batteries (4-pack),1,3.84,05/10/19 15:03,"988 7th St, Los Angeles, CA 90001"
201147,AA Batteries (4-pack),2,3.84,05/05/19 18:33,"68 North St, San Francisco, CA 94016"
201148,27in FHD Monitor,1,149.99,05/18/19 12:55,"928 Dogwood St, Atlanta, GA 30301"
201149,27in 4K Gaming Monitor,1,389.99,05/06/19 17:57,"970 Hickory St, Los Angeles, CA 90001"
201150,AA Batteries (4-pack),2,3.84,05/20/19 13:37,"797 Ridge St, Los Angeles, CA 90001"
201151,Wired Headphones,1,11.99,05/23/19 09:57,"162 Lake St, Dallas, TX 75001"
201152,27in FHD Monitor,1,149.99,05/13/19 12:14,"688 1st St, Boston, MA 02215"
201153,AA Batteries (4-pack),1,3.84,05/27/19 17:43,"202 Park St, Dallas, TX 75001"
201154,AAA Batteries (4-pack),1,2.99,05/31/19 08:39,"219 Forest St, Boston, MA 02215"
201155,AA Batteries (4-pack),2,3.84,05/07/19 08:21,"951 11th St, Boston, MA 02215"
201156,Bose SoundSport Headphones,1,99.99,05/11/19 10:08,"34 Willow St, Boston, MA 02215"
201157,LG Dryer,1,600.0,05/25/19 10:58,"550 Lincoln St, Los Angeles, CA 90001"
201158,AAA Batteries (4-pack),2,2.99,05/01/19 22:00,"833 Pine St, Austin, TX 73301"
201159,27in FHD Monitor,1,149.99,05/23/19 17:54,"931 Walnut St, Portland, OR 97035"
201160,Bose SoundSport Headphones,1,99.99,05/12/19 10:27,"753 Center St, New York City, NY 10001"
201161,27in 4K Gaming Monitor,1,389.99,05/16/19 15:16,"790 Cedar St, San Francisco, CA 94016"
201162,Bose SoundSport Headphones,1,99.99,05/29/19 09:19,"538 Johnson St, Dallas, TX 75001"
201163,AAA Batteries (4-pack),2,2.99,05/09/19 10:19,"396 Chestnut St, Atlanta, GA 30301"
201164,USB-C Charging Cable,1,11.95,05/08/19 13:59,"23 Cedar St, Dallas, TX 75001"
201165,AA Batteries (4-pack),1,3.84,05/10/19 08:04,"868 West St, Portland, OR 97035"
201166,AAA Batteries (4-pack),2,2.99,05/05/19 18:21,"396 Willow St, Los Angeles, CA 90001"
201167,Wired Headphones,1,11.99,05/25/19 22:16,"289 Cherry St, Atlanta, GA 30301"
201168,Wired Headphones,1,11.99,05/09/19 11:37,"869 Hickory St, San Francisco, CA 94016"
201169,Apple Airpods Headphones,1,150,05/20/19 08:58,"507 11th St, San Francisco, CA 94016"
201170,Lightning Charging Cable,1,14.95,05/14/19 20:08,"459 Center St, San Francisco, CA 94016"
201171,USB-C Charging Cable,1,11.95,05/02/19 00:02,"382 Lake St, San Francisco, CA 94016"
201172,AA Batteries (4-pack),2,3.84,05/13/19 16:42,"945 14th St, San Francisco, CA 94016"
201173,Apple Airpods Headphones,1,150,05/15/19 12:58,"858 Hill St, Seattle, WA 98101"
201173,AA Batteries (4-pack),1,3.84,05/15/19 12:58,"858 Hill St, Seattle, WA 98101"
201174,Bose SoundSport Headphones,1,99.99,05/08/19 12:44,"310 8th St, San Francisco, CA 94016"
201175,AA Batteries (4-pack),2,3.84,05/06/19 12:59,"469 Jefferson St, Atlanta, GA 30301"
201176,Wired Headphones,1,11.99,05/26/19 16:36,"223 Johnson St, Los Angeles, CA 90001"
201177,Wired Headphones,1,11.99,05/14/19 14:56,"458 Spruce St, Atlanta, GA 30301"
201178,USB-C Charging Cable,1,11.95,05/10/19 11:48,"914 14th St, New York City, NY 10001"
201179,Flatscreen TV,1,300,05/09/19 20:17,"430 Lakeview St, San Francisco, CA 94016"
201180,USB-C Charging Cable,1,11.95,05/23/19 11:23,"977 Main St, San Francisco, CA 94016"
201181,27in FHD Monitor,1,149.99,05/07/19 20:50,"142 Walnut St, San Francisco, CA 94016"
201182,Lightning Charging Cable,1,14.95,05/06/19 23:20,"256 10th St, Boston, MA 02215"
201183,Lightning Charging Cable,1,14.95,05/07/19 12:13,"327 Maple St, Boston, MA 02215"
201184,USB-C Charging Cable,1,11.95,05/22/19 16:25,"440 Highland St, Los Angeles, CA 90001"
201185,Macbook Pro Laptop,1,1700,05/31/19 10:34,"970 Meadow St, Seattle, WA 98101"
201185,Lightning Charging Cable,1,14.95,05/31/19 10:34,"970 Meadow St, Seattle, WA 98101"
201186,ThinkPad Laptop,1,999.99,05/23/19 01:47,"112 Cherry St, San Francisco, CA 94016"
201187,Apple Airpods Headphones,1,150,05/19/19 08:24,"971 Walnut St, San Francisco, CA 94016"
201188,Flatscreen TV,1,300,05/06/19 09:05,"312 Spruce St, Atlanta, GA 30301"
201189,USB-C Charging Cable,1,11.95,05/15/19 19:00,"612 9th St, Los Angeles, CA 90001"
201190,Macbook Pro Laptop,1,1700,05/17/19 13:09,"588 Wilson St, Portland, OR 97035"
201191,Wired Headphones,1,11.99,05/14/19 20:21,"505 10th St, Boston, MA 02215"
201192,Lightning Charging Cable,1,14.95,05/17/19 09:14,"411 Sunset St, Dallas, TX 75001"
201193,AAA Batteries (4-pack),2,2.99,05/07/19 00:46,"741 Jackson St, Seattle, WA 98101"
201194,AAA Batteries (4-pack),1,2.99,05/18/19 11:08,"917 Johnson St, San Francisco, CA 94016"
201195,AA Batteries (4-pack),1,3.84,05/28/19 12:06,"594 Forest St, Atlanta, GA 30301"
201196,ThinkPad Laptop,1,999.99,05/05/19 10:55,"179 1st St, Atlanta, GA 30301"
201197,iPhone,1,700,05/18/19 14:56,"776 5th St, Boston, MA 02215"
201198,USB-C Charging Cable,1,11.95,05/13/19 11:11,"385 9th St, Seattle, WA 98101"
201199,Wired Headphones,1,11.99,05/30/19 20:16,"294 Pine St, San Francisco, CA 94016"
201200,27in 4K Gaming Monitor,1,389.99,05/10/19 07:36,"804 Washington St, New York City, NY 10001"
201201,27in 4K Gaming Monitor,1,389.99,05/14/19 03:54,"190 6th St, San Francisco, CA 94016"
201202,Apple Airpods Headphones,1,150,05/30/19 08:53,"450 Church St, Portland, OR 97035"
201203,AA Batteries (4-pack),2,3.84,05/24/19 13:40,"775 9th St, Boston, MA 02215"
201204,Wired Headphones,1,11.99,05/03/19 14:00,"229 Walnut St, Los Angeles, CA 90001"
201205,USB-C Charging Cable,1,11.95,05/13/19 20:38,"656 Ridge St, Atlanta, GA 30301"
201206,USB-C Charging Cable,1,11.95,05/06/19 12:30,"617 1st St, Atlanta, GA 30301"
201207,AA Batteries (4-pack),1,3.84,05/05/19 14:01,"798 7th St, New York City, NY 10001"
201208,34in Ultrawide Monitor,1,379.99,05/16/19 09:19,"930 West St, Seattle, WA 98101"
201209,Wired Headphones,1,11.99,05/21/19 01:00,"738 8th St, Dallas, TX 75001"
201210,iPhone,1,700,05/28/19 14:16,"731 Chestnut St, Los Angeles, CA 90001"
201211,USB-C Charging Cable,1,11.95,05/08/19 10:50,"75 8th St, Los Angeles, CA 90001"
201212,AAA Batteries (4-pack),1,2.99,05/11/19 11:32,"266 6th St, San Francisco, CA 94016"
201212,USB-C Charging Cable,1,11.95,05/11/19 11:32,"266 6th St, San Francisco, CA 94016"
201213,USB-C Charging Cable,1,11.95,05/10/19 16:51,"144 Cherry St, Boston, MA 02215"
201214,Lightning Charging Cable,1,14.95,05/27/19 20:19,"446 Jefferson St, San Francisco, CA 94016"
201215,Lightning Charging Cable,1,14.95,05/26/19 12:54,"415 Lincoln St, Seattle, WA 98101"
201216,iPhone,1,700,05/10/19 18:20,"761 Forest St, Seattle, WA 98101"
201217,AA Batteries (4-pack),1,3.84,05/13/19 22:25,"600 Ridge St, Seattle, WA 98101"
201218,34in Ultrawide Monitor,1,379.99,05/04/19 18:06,"931 Spruce St, San Francisco, CA 94016"
201219,34in Ultrawide Monitor,1,379.99,05/11/19 23:26,"996 Elm St, Portland, OR 97035"
201220,Bose SoundSport Headphones,1,99.99,05/23/19 12:56,"728 North St, Seattle, WA 98101"
201221,USB-C Charging Cable,1,11.95,05/22/19 08:58,"765 13th St, Atlanta, GA 30301"
201222,Wired Headphones,2,11.99,05/30/19 09:37,"655 7th St, Atlanta, GA 30301"
201223,Wired Headphones,1,11.99,05/22/19 11:30,"323 Center St, Los Angeles, CA 90001"
201224,AA Batteries (4-pack),1,3.84,05/08/19 23:01,"113 Elm St, Seattle, WA 98101"
201225,Lightning Charging Cable,1,14.95,05/01/19 12:23,"986 Jackson St, Atlanta, GA 30301"
201226,AA Batteries (4-pack),1,3.84,05/20/19 19:42,"93 Cherry St, Austin, TX 73301"
201227,Google Phone,1,600,05/13/19 17:02,"47 Washington St, Los Angeles, CA 90001"
201228,34in Ultrawide Monitor,1,379.99,05/30/19 19:41,"604 Hickory St, San Francisco, CA 94016"
201229,Apple Airpods Headphones,1,150,05/02/19 22:33,"425 Jefferson St, San Francisco, CA 94016"
201230,AAA Batteries (4-pack),1,2.99,05/06/19 08:27,"798 12th St, Portland, OR 97035"
201231,34in Ultrawide Monitor,1,379.99,05/05/19 16:34,"983 6th St, San Francisco, CA 94016"
201232,AA Batteries (4-pack),1,3.84,05/23/19 18:47,"559 Hickory St, Los Angeles, CA 90001"
201233,USB-C Charging Cable,1,11.95,05/19/19 00:37,"896 Jackson St, San Francisco, CA 94016"
201234,Apple Airpods Headphones,1,150,05/21/19 07:19,"447 Jackson St, Portland, OR 97035"
201235,Wired Headphones,1,11.99,05/13/19 23:41,"119 Madison St, Atlanta, GA 30301"
201236,USB-C Charging Cable,1,11.95,05/18/19 15:23,"664 Willow St, San Francisco, CA 94016"
201237,Apple Airpods Headphones,1,150,05/10/19 17:37,"4 11th St, Boston, MA 02215"
201238,Lightning Charging Cable,3,14.95,05/28/19 21:11,"184 Wilson St, Los Angeles, CA 90001"
201239,USB-C Charging Cable,1,11.95,05/11/19 03:21,"105 Johnson St, Seattle, WA 98101"
201240,Lightning Charging Cable,1,14.95,05/26/19 06:55,"66 Lake St, Los Angeles, CA 90001"
201241,Bose SoundSport Headphones,1,99.99,05/04/19 14:29,"4 4th St, Los Angeles, CA 90001"
201242,USB-C Charging Cable,1,11.95,05/05/19 23:32,"916 Walnut St, Los Angeles, CA 90001"
201243,Vareebadd Phone,1,400,05/08/19 14:00,"852 Park St, San Francisco, CA 94016"
201243,USB-C Charging Cable,1,11.95,05/08/19 14:00,"852 Park St, San Francisco, CA 94016"
201244,Macbook Pro Laptop,1,1700,05/21/19 09:05,"948 9th St, Boston, MA 02215"
201245,AA Batteries (4-pack),2,3.84,05/09/19 11:36,"547 5th St, Seattle, WA 98101"
201246,Lightning Charging Cable,1,14.95,05/23/19 11:15,"154 5th St, Dallas, TX 75001"
201247,Lightning Charging Cable,1,14.95,05/08/19 21:36,"932 9th St, Seattle, WA 98101"
201248,AAA Batteries (4-pack),2,2.99,05/09/19 13:28,"240 Walnut St, San Francisco, CA 94016"
201249,27in 4K Gaming Monitor,1,389.99,05/29/19 06:57,"718 Hill St, Boston, MA 02215"
201250,AA Batteries (4-pack),2,3.84,05/01/19 08:58,"662 South St, Atlanta, GA 30301"
201251,USB-C Charging Cable,1,11.95,05/08/19 17:10,"175 11th St, Atlanta, GA 30301"
201252,AAA Batteries (4-pack),2,2.99,05/23/19 15:20,"962 Center St, Los Angeles, CA 90001"
201253,Bose SoundSport Headphones,1,99.99,05/29/19 20:42,"303 Church St, San Francisco, CA 94016"
201254,Lightning Charging Cable,1,14.95,05/04/19 17:59,"648 4th St, New York City, NY 10001"
201255,Apple Airpods Headphones,1,150,05/13/19 18:32,"442 10th St, New York City, NY 10001"
201256,Vareebadd Phone,1,400,05/18/19 23:53,"11 14th St, San Francisco, CA 94016"
201257,Google Phone,1,600,05/07/19 13:53,"202 Pine St, Portland, OR 97035"
201257,Wired Headphones,1,11.99,05/07/19 13:53,"202 Pine St, Portland, OR 97035"
201258,Lightning Charging Cable,1,14.95,05/16/19 17:18,"207 Jackson St, Seattle, WA 98101"
201259,Bose SoundSport Headphones,1,99.99,05/14/19 21:51,"302 Dogwood St, Dallas, TX 75001"
201260,27in 4K Gaming Monitor,1,389.99,05/28/19 18:28,"640 14th St, Los Angeles, CA 90001"
201261,AAA Batteries (4-pack),3,2.99,05/29/19 15:08,"674 Willow St, Seattle, WA 98101"
201262,20in Monitor,1,109.99,05/06/19 04:37,"835 Cherry St, Atlanta, GA 30301"
201263,Vareebadd Phone,1,400,05/04/19 20:11,"783 9th St, Portland, OR 97035"
201264,Lightning Charging Cable,1,14.95,05/29/19 09:31,"254 Center St, Seattle, WA 98101"
201265,Apple Airpods Headphones,1,150,05/01/19 09:50,"21 Main St, San Francisco, CA 94016"
201266,ThinkPad Laptop,1,999.99,05/02/19 11:51,"362 1st St, Boston, MA 02215"
201267,USB-C Charging Cable,3,11.95,05/11/19 13:17,"47 8th St, San Francisco, CA 94016"
201268,Bose SoundSport Headphones,1,99.99,05/06/19 14:19,"610 9th St, Boston, MA 02215"
201269,AA Batteries (4-pack),1,3.84,05/05/19 13:28,"896 5th St, New York City, NY 10001"
201270,Bose SoundSport Headphones,1,99.99,05/28/19 10:06,"668 Lakeview St, San Francisco, CA 94016"
201271,Bose SoundSport Headphones,1,99.99,05/17/19 12:29,"134 Pine St, Seattle, WA 98101"
201272,Wired Headphones,1,11.99,05/22/19 13:52,"606 9th St, New York City, NY 10001"
201273,Lightning Charging Cable,2,14.95,05/15/19 11:38,"914 Sunset St, Boston, MA 02215"
201274,iPhone,1,700,05/20/19 20:04,"115 Chestnut St, Atlanta, GA 30301"
201275,AAA Batteries (4-pack),1,2.99,05/04/19 21:11,"811 7th St, New York City, NY 10001"
201276,AA Batteries (4-pack),1,3.84,05/05/19 12:16,"40 5th St, New York City, NY 10001"
201277,27in FHD Monitor,1,149.99,05/08/19 00:25,"371 Willow St, Atlanta, GA 30301"
201278,AA Batteries (4-pack),2,3.84,05/24/19 16:47,"300 Lake St, Portland, OR 97035"
201279,34in Ultrawide Monitor,1,379.99,05/03/19 13:57,"88 Jackson St, New York City, NY 10001"
201280,Bose SoundSport Headphones,1,99.99,05/14/19 22:24,"102 Cedar St, Boston, MA 02215"
201281,Apple Airpods Headphones,1,150,05/05/19 16:40,"383 Lake St, San Francisco, CA 94016"
201282,34in Ultrawide Monitor,1,379.99,05/08/19 18:35,"559 Madison St, Los Angeles, CA 90001"
201283,Flatscreen TV,1,300,05/12/19 15:02,"239 Cedar St, Dallas, TX 75001"
201284,Wired Headphones,1,11.99,05/13/19 20:44,"712 11th St, San Francisco, CA 94016"
201285,USB-C Charging Cable,1,11.95,05/19/19 11:59,"679 Adams St, Boston, MA 02215"
201286,Flatscreen TV,1,300,05/27/19 16:29,"431 13th St, Seattle, WA 98101"
201287,27in 4K Gaming Monitor,1,389.99,05/15/19 19:53,"684 Meadow St, Dallas, TX 75001"
201288,iPhone,1,700,05/05/19 16:47,"472 Forest St, New York City, NY 10001"
201288,Lightning Charging Cable,2,14.95,05/05/19 16:47,"472 Forest St, New York City, NY 10001"
201289,USB-C Charging Cable,2,11.95,05/26/19 11:48,"670 11th St, New York City, NY 10001"
201290,Wired Headphones,1,11.99,05/23/19 08:35,"892 Lakeview St, Los Angeles, CA 90001"
201291,USB-C Charging Cable,1,11.95,05/15/19 16:50,"637 Elm St, Atlanta, GA 30301"
201292,27in 4K Gaming Monitor,1,389.99,05/26/19 15:27,"648 Chestnut St, Portland, OR 97035"
201293,Lightning Charging Cable,1,14.95,05/13/19 18:10,"441 Lakeview St, Los Angeles, CA 90001"
201294,Flatscreen TV,1,300,05/26/19 20:36,"755 Jefferson St, Dallas, TX 75001"
201295,USB-C Charging Cable,1,11.95,05/01/19 20:15,"159 2nd St, Los Angeles, CA 90001"
201296,Vareebadd Phone,1,400,05/31/19 20:33,"659 Walnut St, New York City, NY 10001"
201297,Apple Airpods Headphones,1,150,05/11/19 13:37,"252 Main St, San Francisco, CA 94016"
201298,AAA Batteries (4-pack),1,2.99,05/11/19 08:23,"41 Elm St, San Francisco, CA 94016"
201299,Wired Headphones,1,11.99,05/09/19 15:54,"728 4th St, Austin, TX 73301"
201300,Lightning Charging Cable,2,14.95,05/01/19 08:47,"286 10th St, Dallas, TX 75001"
201301,Lightning Charging Cable,1,14.95,05/31/19 19:21,"285 Cherry St, Austin, TX 73301"
201302,Bose SoundSport Headphones,1,99.99,05/27/19 14:18,"97 Jefferson St, San Francisco, CA 94016"
201303,AAA Batteries (4-pack),1,2.99,05/17/19 10:57,"528 Lincoln St, San Francisco, CA 94016"
201304,AAA Batteries (4-pack),2,2.99,05/21/19 17:51,"449 Jackson St, Seattle, WA 98101"
201305,Apple Airpods Headphones,1,150,05/04/19 10:12,"401 Johnson St, Los Angeles, CA 90001"
201306,Lightning Charging Cable,1,14.95,05/31/19 21:03,"530 Dogwood St, Los Angeles, CA 90001"
201307,Wired Headphones,1,11.99,05/01/19 22:13,"518 Jackson St, Portland, OR 97035"
201308,Lightning Charging Cable,1,14.95,05/20/19 16:47,"863 Adams St, New York City, NY 10001"
201309,AAA Batteries (4-pack),1,2.99,05/25/19 16:01,"793 Pine St, Boston, MA 02215"
201310,iPhone,1,700,05/26/19 08:30,"89 Wilson St, Boston, MA 02215"
201311,34in Ultrawide Monitor,1,379.99,05/14/19 02:36,"922 Madison St, Boston, MA 02215"
201312,Wired Headphones,1,11.99,05/21/19 07:14,"615 4th St, San Francisco, CA 94016"
201313,AA Batteries (4-pack),1,3.84,05/03/19 12:36,"290 West St, Portland, OR 97035"
201314,AA Batteries (4-pack),1,3.84,05/09/19 08:16,"20 Johnson St, Portland, OR 97035"
201315,AA Batteries (4-pack),1,3.84,05/17/19 10:39,"550 Spruce St, Seattle, WA 98101"
201316,USB-C Charging Cable,1,11.95,05/20/19 23:16,"166 South St, San Francisco, CA 94016"
201317,Vareebadd Phone,1,400,05/14/19 13:26,"416 West St, Seattle, WA 98101"
201318,27in FHD Monitor,1,149.99,05/06/19 10:05,"146 Adams St, New York City, NY 10001"
201319,Apple Airpods Headphones,1,150,05/26/19 10:24,"164 West St, Boston, MA 02215"
201320,34in Ultrawide Monitor,1,379.99,05/14/19 17:17,"115 10th St, San Francisco, CA 94016"
201320,Wired Headphones,1,11.99,05/14/19 17:17,"115 10th St, San Francisco, CA 94016"
201321,Apple Airpods Headphones,1,150,05/27/19 12:09,"974 Chestnut St, San Francisco, CA 94016"
201322,Bose SoundSport Headphones,1,99.99,05/11/19 20:29,"994 Center St, San Francisco, CA 94016"
201323,Wired Headphones,1,11.99,05/17/19 17:47,"80 Pine St, Boston, MA 02215"
201324,AAA Batteries (4-pack),1,2.99,05/30/19 13:56,"787 Forest St, Portland, OR 97035"
201325,20in Monitor,1,109.99,05/29/19 20:36,"645 Park St, San Francisco, CA 94016"
Order ID,Product,Quantity Ordered,Price Each,Order Date,Purchase Address
201326,USB-C Charging Cable,1,11.95,05/10/19 12:14,"511 Church St, Atlanta, GA 30301"
201327,Wired Headphones,1,11.99,05/14/19 16:22,"632 1st St, San Francisco, CA 94016"
201328,Apple Airpods Headphones,1,150,05/09/19 20:22,"138 Meadow St, Los Angeles, CA 90001"
201329,ThinkPad Laptop,1,999.99,05/13/19 10:31,"972 Walnut St, Los Angeles, CA 90001"
201330,Vareebadd Phone,1,400,05/20/19 08:49,"17 Cedar St, Los Angeles, CA 90001"
201331,Wired Headphones,1,11.99,05/04/19 16:34,"273 Elm St, Boston, MA 02215"
201332,AAA Batteries (4-pack),1,2.99,05/29/19 12:39,"859 Adams St, San Francisco, CA 94016"
201333,Lightning Charging Cable,1,14.95,05/12/19 14:31,"110 Jackson St, San Francisco, CA 94016"
201334,AAA Batteries (4-pack),1,2.99,05/07/19 10:31,"169 Lincoln St, Boston, MA 02215"
201335,Wired Headphones,3,11.99,05/24/19 19:20,"135 Willow St, Portland, OR 97035"
201336,AAA Batteries (4-pack),2,2.99,05/30/19 17:53,"926 6th St, Portland, ME 04101"
201337,Google Phone,1,600,05/02/19 16:29,"240 9th St, Dallas, TX 75001"
201338,Lightning Charging Cable,1,14.95,05/11/19 12:03,"511 11th St, San Francisco, CA 94016"
201339,AA Batteries (4-pack),2,3.84,05/09/19 13:42,"575 1st St, Austin, TX 73301"
201340,USB-C Charging Cable,1,11.95,05/17/19 01:45,"427 Park St, Seattle, WA 98101"
201340,AAA Batteries (4-pack),1,2.99,05/17/19 01:45,"427 Park St, Seattle, WA 98101"
201341,ThinkPad Laptop,1,999.99,05/16/19 18:25,"60 Chestnut St, Seattle, WA 98101"
201342,AA Batteries (4-pack),1,3.84,05/09/19 06:53,"573 7th St, Los Angeles, CA 90001"
201343,AA Batteries (4-pack),1,3.84,05/03/19 13:17,"842 2nd St, San Francisco, CA 94016"
201344,Wired Headphones,1,11.99,05/14/19 20:21,"435 Willow St, New York City, NY 10001"
201345,AA Batteries (4-pack),1,3.84,05/18/19 07:23,"584 7th St, Atlanta, GA 30301"
201346,AA Batteries (4-pack),1,3.84,05/23/19 13:05,"328 Washington St, Boston, MA 02215"
201347,20in Monitor,1,109.99,05/25/19 19:54,"497 14th St, Los Angeles, CA 90001"
201348,AAA Batteries (4-pack),3,2.99,05/31/19 03:20,"649 Johnson St, San Francisco, CA 94016"
201349,USB-C Charging Cable,1,11.95,05/05/19 10:19,"584 Madison St, San Francisco, CA 94016"
201350,AAA Batteries (4-pack),2,2.99,05/28/19 18:44,"757 Maple St, Los Angeles, CA 90001"
201351,Lightning Charging Cable,1,14.95,05/06/19 17:27,"68 Maple St, San Francisco, CA 94016"
201352,Apple Airpods Headphones,1,150,05/12/19 20:07,"720 2nd St, New York City, NY 10001"
201353,Apple Airpods Headphones,1,150,05/30/19 23:55,"159 1st St, Seattle, WA 98101"
201354,20in Monitor,1,109.99,05/15/19 14:27,"760 8th St, Austin, TX 73301"
201355,Flatscreen TV,1,300,05/24/19 11:47,"820 10th St, San Francisco, CA 94016"
201356,34in Ultrawide Monitor,1,379.99,05/13/19 16:55,"340 Hickory St, San Francisco, CA 94016"
201357,Apple Airpods Headphones,1,150,05/23/19 13:19,"843 Church St, Boston, MA 02215"
201358,Lightning Charging Cable,1,14.95,05/02/19 08:00,"466 13th St, Dallas, TX 75001"
201359,AA Batteries (4-pack),1,3.84,05/16/19 20:47,"887 8th St, New York City, NY 10001"
201360,Lightning Charging Cable,3,14.95,05/24/19 12:38,"227 Maple St, Dallas, TX 75001"
201361,Lightning Charging Cable,1,14.95,05/08/19 23:11,"565 Willow St, Los Angeles, CA 90001"
201362,AAA Batteries (4-pack),1,2.99,05/17/19 16:09,"641 Adams St, Portland, OR 97035"
201363,Apple Airpods Headphones,1,150,05/12/19 12:11,"894 Adams St, San Francisco, CA 94016"
201364,Apple Airpods Headphones,1,150,05/21/19 19:01,"966 6th St, Boston, MA 02215"
201365,Lightning Charging Cable,1,14.95,05/25/19 10:06,"791 Lincoln St, Los Angeles, CA 90001"
201366,USB-C Charging Cable,1,11.95,05/06/19 11:28,"857 6th St, Austin, TX 73301"
201367,27in 4K Gaming Monitor,1,389.99,05/18/19 12:41,"137 Johnson St, Los Angeles, CA 90001"
201368,Wired Headphones,1,11.99,05/01/19 20:21,"178 9th St, New York City, NY 10001"
201369,iPhone,1,700,05/05/19 17:58,"960 Maple St, Los Angeles, CA 90001"
201369,Apple Airpods Headphones,1,150,05/05/19 17:58,"960 Maple St, Los Angeles, CA 90001"
201370,34in Ultrawide Monitor,1,379.99,05/09/19 19:08,"788 14th St, Portland, OR 97035"
201371,USB-C Charging Cable,2,11.95,05/01/19 10:02,"452 8th St, San Francisco, CA 94016"
201372,27in FHD Monitor,1,149.99,05/22/19 15:26,"553 7th St, San Francisco, CA 94016"
201373,Apple Airpods Headphones,1,150,05/05/19 14:25,"765 Madison St, Atlanta, GA 30301"
201374,Wired Headphones,1,11.99,05/03/19 15:37,"635 6th St, Boston, MA 02215"
201375,34in Ultrawide Monitor,1,379.99,05/08/19 05:24,"587 14th St, San Francisco, CA 94016"
201376,34in Ultrawide Monitor,1,379.99,05/09/19 11:16,"978 Highland St, San Francisco, CA 94016"
201377,Wired Headphones,1,11.99,05/08/19 10:35,"407 West St, San Francisco, CA 94016"
201378,AA Batteries (4-pack),1,3.84,05/02/19 13:56,"959 1st St, Atlanta, GA 30301"
201379,USB-C Charging Cable,1,11.95,05/06/19 12:08,"595 Park St, Boston, MA 02215"
201380,Lightning Charging Cable,1,14.95,05/09/19 12:47,"745 Church St, San Francisco, CA 94016"
201381,USB-C Charging Cable,1,11.95,05/07/19 06:02,"391 Lincoln St, Portland, OR 97035"
201382,ThinkPad Laptop,1,999.99,05/21/19 14:59,"726 Forest St, Portland, OR 97035"
201383,AA Batteries (4-pack),1,3.84,05/07/19 12:10,"383 6th St, Boston, MA 02215"
201384,USB-C Charging Cable,1,11.95,05/18/19 18:49,"14 14th St, Dallas, TX 75001"
201385,USB-C Charging Cable,1,11.95,05/21/19 10:31,"751 North St, Los Angeles, CA 90001"
201386,AA Batteries (4-pack),1,3.84,05/01/19 11:03,"852 Walnut St, San Francisco, CA 94016"
201387,20in Monitor,1,109.99,05/06/19 19:29,"760 Highland St, New York City, NY 10001"
201388,AA Batteries (4-pack),1,3.84,05/15/19 21:32,"392 Spruce St, Portland, OR 97035"
201389,Bose SoundSport Headphones,1,99.99,05/02/19 13:36,"15 Washington St, Boston, MA 02215"
201390,AA Batteries (4-pack),2,3.84,05/10/19 19:47,"314 Madison St, New York City, NY 10001"
201391,Lightning Charging Cable,1,14.95,05/31/19 14:29,"155 12th St, Boston, MA 02215"
201392,USB-C Charging Cable,1,11.95,05/14/19 06:48,"500 Lakeview St, Austin, TX 73301"
201393,27in 4K Gaming Monitor,1,389.99,05/07/19 12:33,"12 5th St, San Francisco, CA 94016"
201394,Apple Airpods Headphones,1,150,05/19/19 23:42,"467 Center St, San Francisco, CA 94016"
201395,USB-C Charging Cable,1,11.95,05/26/19 07:48,"836 Center St, Atlanta, GA 30301"
201396,27in 4K Gaming Monitor,1,389.99,05/03/19 12:21,"395 2nd St, New York City, NY 10001"
201397,USB-C Charging Cable,1,11.95,05/25/19 20:00,"718 Meadow St, San Francisco, CA 94016"
201398,Wired Headphones,1,11.99,05/23/19 12:55,"783 Maple St, Seattle, WA 98101"
201398,USB-C Charging Cable,1,11.95,05/23/19 12:55,"783 Maple St, Seattle, WA 98101"
201399,AA Batteries (4-pack),1,3.84,05/01/19 13:27,"823 Cherry St, San Francisco, CA 94016"
201400,AAA Batteries (4-pack),1,2.99,05/31/19 17:45,"104 Center St, New York City, NY 10001"
201401,AAA Batteries (4-pack),1,2.99,05/12/19 09:12,"813 River St, New York City, NY 10001"
201402,Bose SoundSport Headphones,1,99.99,05/04/19 14:01,"947 Sunset St, New York City, NY 10001"
201403,USB-C Charging Cable,1,11.95,05/20/19 10:27,"608 Walnut St, San Francisco, CA 94016"
201404,AAA Batteries (4-pack),1,2.99,05/20/19 16:59,"753 9th St, San Francisco, CA 94016"
201405,AAA Batteries (4-pack),2,2.99,05/25/19 12:36,"904 7th St, New York City, NY 10001"
201406,Vareebadd Phone,1,400,05/19/19 08:02,"446 Park St, Seattle, WA 98101"
201407,USB-C Charging Cable,1,11.95,05/19/19 10:33,"19 9th St, Seattle, WA 98101"
201408,AA Batteries (4-pack),1,3.84,05/27/19 09:37,"238 Lincoln St, Dallas, TX 75001"
201409,USB-C Charging Cable,1,11.95,05/19/19 12:37,"957 Elm St, San Francisco, CA 94016"
201410,Google Phone,1,600,05/22/19 01:34,"527 Cedar St, San Francisco, CA 94016"
201411,34in Ultrawide Monitor,1,379.99,05/04/19 17:29,"306 Ridge St, Los Angeles, CA 90001"
201412,AA Batteries (4-pack),1,3.84,05/17/19 07:32,"683 Highland St, Seattle, WA 98101"
201413,Wired Headphones,1,11.99,05/03/19 14:48,"679 Hill St, New York City, NY 10001"
201414,20in Monitor,1,109.99,05/14/19 16:23,"318 Adams St, Boston, MA 02215"
201415,USB-C Charging Cable,2,11.95,05/04/19 16:32,"186 Adams St, Los Angeles, CA 90001"
201416,USB-C Charging Cable,1,11.95,05/30/19 18:47,"178 Johnson St, New York City, NY 10001"
201417,Apple Airpods Headphones,1,150,05/10/19 20:42,"820 4th St, Dallas, TX 75001"
201417,Bose SoundSport Headphones,1,99.99,05/10/19 20:42,"820 4th St, Dallas, TX 75001"
201418,34in Ultrawide Monitor,1,379.99,05/21/19 13:51,"556 Adams St, San Francisco, CA 94016"
201419,Wired Headphones,1,11.99,05/15/19 13:54,"949 Jackson St, Atlanta, GA 30301"
201420,AAA Batteries (4-pack),1,2.99,05/21/19 22:57,"377 4th St, Los Angeles, CA 90001"
201421,iPhone,1,700,05/28/19 13:27,"100 Madison St, Dallas, TX 75001"
201422,34in Ultrawide Monitor,1,379.99,05/29/19 12:03,"102 12th St, Los Angeles, CA 90001"
201423,Macbook Pro Laptop,1,1700,05/14/19 12:54,"610 13th St, Portland, OR 97035"
201424,Lightning Charging Cable,1,14.95,05/05/19 18:55,"826 Sunset St, Seattle, WA 98101"
201425,USB-C Charging Cable,1,11.95,05/19/19 21:24,"225 Park St, San Francisco, CA 94016"
201426,AAA Batteries (4-pack),1,2.99,05/11/19 12:19,"604 Washington St, Boston, MA 02215"
201427,Apple Airpods Headphones,1,150,05/24/19 10:28,"280 River St, New York City, NY 10001"
201428,USB-C Charging Cable,2,11.95,05/25/19 11:13,"1 Dogwood St, Atlanta, GA 30301"
201429,Bose SoundSport Headphones,1,99.99,05/21/19 21:17,"607 6th St, Portland, OR 97035"
201430,USB-C Charging Cable,2,11.95,05/13/19 14:15,"313 Center St, San Francisco, CA 94016"
201431,AA Batteries (4-pack),2,3.84,05/10/19 09:07,"189 Hickory St, Austin, TX 73301"
201432,20in Monitor,1,109.99,05/13/19 15:07,"246 Center St, Boston, MA 02215"
201433,Apple Airpods Headphones,1,150,05/13/19 20:50,"865 11th St, San Francisco, CA 94016"
201434,34in Ultrawide Monitor,1,379.99,05/10/19 09:12,"109 Maple St, Austin, TX 73301"
201435,Lightning Charging Cable,1,14.95,05/29/19 19:47,"667 Church St, Los Angeles, CA 90001"
201436,Google Phone,1,600,05/25/19 18:09,"811 Hickory St, Atlanta, GA 30301"
201437,Wired Headphones,1,11.99,05/12/19 15:20,"902 4th St, Austin, TX 73301"
201438,Apple Airpods Headphones,1,150,05/03/19 13:21,"692 Jefferson St, Los Angeles, CA 90001"
201439,Apple Airpods Headphones,1,150,05/26/19 13:36,"452 Elm St, Austin, TX 73301"
201440,Bose SoundSport Headphones,1,99.99,05/05/19 01:59,"867 Adams St, New York City, NY 10001"
201441,AAA Batteries (4-pack),2,2.99,05/25/19 13:16,"163 10th St, San Francisco, CA 94016"
201442,iPhone,1,700,05/06/19 09:13,"732 4th St, Boston, MA 02215"
201443,Bose SoundSport Headphones,1,99.99,05/19/19 08:42,"384 Adams St, Los Angeles, CA 90001"
201444,34in Ultrawide Monitor,1,379.99,05/05/19 12:38,"681 Wilson St, Dallas, TX 75001"
201445,Lightning Charging Cable,2,14.95,05/28/19 14:14,"268 Pine St, Dallas, TX 75001"
201446,AA Batteries (4-pack),1,3.84,05/19/19 19:23,"301 Madison St, San Francisco, CA 94016"
201447,AAA Batteries (4-pack),1,2.99,05/10/19 13:02,"219 West St, San Francisco, CA 94016"
201448,Lightning Charging Cable,1,14.95,05/02/19 21:20,"303 Johnson St, New York City, NY 10001"
201449,27in FHD Monitor,1,149.99,05/01/19 03:15,"125 Jackson St, Atlanta, GA 30301"
201450,27in 4K Gaming Monitor,1,389.99,05/27/19 10:00,"103 10th St, New York City, NY 10001"
201451,Google Phone,1,600,05/05/19 15:42,"575 Dogwood St, San Francisco, CA 94016"
201452,Google Phone,1,600,05/15/19 18:57,"527 Church St, Los Angeles, CA 90001"
201453,Apple Airpods Headphones,1,150,05/26/19 14:44,"306 Walnut St, Los Angeles, CA 90001"
201454,USB-C Charging Cable,1,11.95,05/04/19 14:40,"194 Madison St, San Francisco, CA 94016"
201455,Bose SoundSport Headphones,1,99.99,05/13/19 22:08,"142 Walnut St, Atlanta, GA 30301"
201456,ThinkPad Laptop,1,999.99,05/01/19 22:57,"889 Meadow St, Austin, TX 73301"
201457,Wired Headphones,1,11.99,05/13/19 13:18,"6 7th St, Boston, MA 02215"
201458,Apple Airpods Headphones,1,150,05/04/19 14:17,"360 Elm St, Boston, MA 02215"
201459,Bose SoundSport Headphones,1,99.99,05/18/19 10:31,"909 10th St, San Francisco, CA 94016"
201460,Lightning Charging Cable,1,14.95,05/24/19 01:36,"498 12th St, New York City, NY 10001"
201461,Apple Airpods Headphones,1,150,05/21/19 14:23,"417 2nd St, San Francisco, CA 94016"
201462,AAA Batteries (4-pack),1,2.99,05/10/19 10:18,"17 7th St, San Francisco, CA 94016"
201463,USB-C Charging Cable,1,11.95,05/17/19 07:19,"755 Jackson St, San Francisco, CA 94016"
201464,USB-C Charging Cable,2,11.95,05/30/19 09:42,"804 Madison St, Seattle, WA 98101"
201465,34in Ultrawide Monitor,1,379.99,05/01/19 16:30,"616 Jackson St, Portland, OR 97035"
201466,20in Monitor,1,109.99,05/30/19 17:33,"496 Lake St, Boston, MA 02215"
201467,Google Phone,1,600,05/14/19 01:44,"973 11th St, Portland, OR 97035"
201468,AA Batteries (4-pack),1,3.84,05/28/19 12:26,"943 Sunset St, San Francisco, CA 94016"
201469,34in Ultrawide Monitor,1,379.99,05/23/19 13:51,"400 Dogwood St, Los Angeles, CA 90001"
201470,AA Batteries (4-pack),1,3.84,05/14/19 12:58,"771 South St, Portland, OR 97035"
201471,USB-C Charging Cable,1,11.95,05/04/19 14:12,"595 Washington St, Los Angeles, CA 90001"
201472,Apple Airpods Headphones,1,150,05/30/19 11:11,"258 11th St, San Francisco, CA 94016"
201473,USB-C Charging Cable,1,11.95,05/02/19 11:38,"973 West St, San Francisco, CA 94016"
201474,27in FHD Monitor,1,149.99,05/19/19 14:57,"47 Cherry St, Portland, OR 97035"
201475,USB-C Charging Cable,1,11.95,05/04/19 18:56,"747 Meadow St, Los Angeles, CA 90001"
201476,Macbook Pro Laptop,1,1700,05/12/19 18:26,"765 Center St, New York City, NY 10001"
201477,USB-C Charging Cable,1,11.95,05/19/19 15:58,"25 Walnut St, San Francisco, CA 94016"
201478,AA Batteries (4-pack),1,3.84,05/12/19 22:05,"567 Dogwood St, San Francisco, CA 94016"
201479,Apple Airpods Headphones,1,150,05/23/19 12:25,"445 4th St, Boston, MA 02215"
201480,Lightning Charging Cable,1,14.95,05/02/19 17:54,"962 6th St, San Francisco, CA 94016"
201481,Bose SoundSport Headphones,1,99.99,05/31/19 22:00,"286 Dogwood St, Boston, MA 02215"
201482,34in Ultrawide Monitor,1,379.99,05/06/19 14:27,"170 Center St, Dallas, TX 75001"
201482,USB-C Charging Cable,1,11.95,05/06/19 14:27,"170 Center St, Dallas, TX 75001"
201483,Flatscreen TV,1,300,05/03/19 10:37,"716 Spruce St, New York City, NY 10001"
201484,34in Ultrawide Monitor,1,379.99,05/03/19 10:28,"352 13th St, San Francisco, CA 94016"
201485,Google Phone,1,600,05/24/19 07:39,"505 10th St, Los Angeles, CA 90001"
201486,Lightning Charging Cable,1,14.95,05/12/19 13:42,"36 Elm St, Atlanta, GA 30301"
201487,Macbook Pro Laptop,1,1700,05/21/19 13:25,"663 Adams St, New York City, NY 10001"
201488,Wired Headphones,2,11.99,05/22/19 16:35,"605 Pine St, Seattle, WA 98101"
201489,Wired Headphones,1,11.99,05/21/19 00:58,"238 Walnut St, San Francisco, CA 94016"
201490,Lightning Charging Cable,1,14.95,05/27/19 12:35,"412 Meadow St, San Francisco, CA 94016"
201491,USB-C Charging Cable,1,11.95,05/23/19 21:23,"396 Hickory St, Portland, OR 97035"
201492,27in FHD Monitor,1,149.99,05/21/19 17:55,"239 Hill St, San Francisco, CA 94016"
201493,Lightning Charging Cable,1,14.95,05/20/19 08:10,"698 Jefferson St, Los Angeles, CA 90001"
201494,Wired Headphones,1,11.99,05/25/19 14:08,"568 Pine St, San Francisco, CA 94016"
201495,AA Batteries (4-pack),1,3.84,05/28/19 13:50,"542 Lincoln St, San Francisco, CA 94016"
201496,AAA Batteries (4-pack),1,2.99,05/08/19 15:40,"556 Sunset St, San Francisco, CA 94016"
201497,iPhone,1,700,05/30/19 21:38,"875 14th St, Dallas, TX 75001"
201497,Lightning Charging Cable,1,14.95,05/30/19 21:38,"875 14th St, Dallas, TX 75001"
201498,Google Phone,1,600,05/02/19 08:15,"8 8th St, Atlanta, GA 30301"
,,,,,
201499,Apple Airpods Headphones,1,150,05/03/19 11:58,"75 7th St, Los Angeles, CA 90001"
201500,Wired Headphones,2,11.99,05/09/19 20:43,"300 9th St, Dallas, TX 75001"
201501,Lightning Charging Cable,1,14.95,05/18/19 17:23,"998 8th St, Atlanta, GA 30301"
201502,Apple Airpods Headphones,1,150,05/16/19 20:52,"876 Hickory St, Dallas, TX 75001"
201503,AA Batteries (4-pack),1,3.84,05/15/19 09:08,"361 Sunset St, Dallas, TX 75001"
201504,Apple Airpods Headphones,1,150,05/01/19 15:52,"3 Sunset St, Dallas, TX 75001"
201505,USB-C Charging Cable,1,11.95,05/15/19 09:56,"861 Washington St, Austin, TX 73301"
201506,Flatscreen TV,1,300,05/20/19 19:56,"187 Forest St, San Francisco, CA 94016"
201507,Macbook Pro Laptop,1,1700,05/05/19 16:59,"670 Hickory St, Portland, OR 97035"
201508,Vareebadd Phone,1,400,05/30/19 10:34,"872 1st St, Dallas, TX 75001"
201509,20in Monitor,1,109.99,05/04/19 11:44,"113 14th St, Atlanta, GA 30301"
201510,Flatscreen TV,1,300,05/06/19 08:07,"329 2nd St, Seattle, WA 98101"
201511,AAA Batteries (4-pack),1,2.99,05/28/19 18:10,"392 Willow St, Los Angeles, CA 90001"
201512,USB-C Charging Cable,1,11.95,05/11/19 21:53,"558 11th St, New York City, NY 10001"
201513,Apple Airpods Headphones,1,150,05/24/19 01:24,"440 Center St, Austin, TX 73301"
201514,27in 4K Gaming Monitor,1,389.99,05/10/19 21:21,"189 13th St, Dallas, TX 75001"
201515,Flatscreen TV,1,300,05/15/19 17:44,"10 Walnut St, Los Angeles, CA 90001"
201516,Wired Headphones,1,11.99,05/25/19 19:01,"272 Chestnut St, Boston, MA 02215"
201517,Lightning Charging Cable,1,14.95,05/18/19 12:39,"711 Washington St, Austin, TX 73301"
201518,Wired Headphones,1,11.99,05/08/19 18:11,"21 Spruce St, New York City, NY 10001"
201519,Lightning Charging Cable,1,14.95,05/16/19 19:36,"71 5th St, Boston, MA 02215"
201520,AAA Batteries (4-pack),2,2.99,05/07/19 21:00,"850 Adams St, Atlanta, GA 30301"
201521,AA Batteries (4-pack),1,3.84,05/13/19 13:53,"80 Lakeview St, San Francisco, CA 94016"
201522,Lightning Charging Cable,1,14.95,05/22/19 08:44,"159 Pine St, Boston, MA 02215"
201523,Wired Headphones,1,11.99,05/03/19 18:48,"652 Lincoln St, Seattle, WA 98101"
201524,Apple Airpods Headphones,1,150,05/14/19 23:24,"175 5th St, New York City, NY 10001"
201525,AA Batteries (4-pack),2,3.84,05/18/19 14:43,"3 Lakeview St, Boston, MA 02215"
201526,Bose SoundSport Headphones,1,99.99,05/10/19 22:06,"318 Willow St, Austin, TX 73301"
201527,Apple Airpods Headphones,1,150,05/11/19 14:49,"440 12th St, New York City, NY 10001"
201528,USB-C Charging Cable,1,11.95,05/02/19 20:39,"660 Ridge St, San Francisco, CA 94016"
201529,Apple Airpods Headphones,1,150,05/16/19 08:51,"691 Walnut St, San Francisco, CA 94016"
201530,27in 4K Gaming Monitor,1,389.99,05/29/19 22:01,"862 2nd St, Boston, MA 02215"
201531,Apple Airpods Headphones,1,150,05/12/19 12:42,"703 8th St, San Francisco, CA 94016"
201532,Wired Headphones,1,11.99,05/28/19 20:21,"143 Spruce St, Dallas, TX 75001"
201533,Apple Airpods Headphones,1,150,05/01/19 11:55,"155 10th St, New York City, NY 10001"
201534,AAA Batteries (4-pack),1,2.99,05/23/19 00:21,"728 Walnut St, Atlanta, GA 30301"
201535,Wired Headphones,1,11.99,05/02/19 11:48,"639 7th St, Los Angeles, CA 90001"
201536,LG Dryer,1,600.0,05/01/19 22:26,"711 1st St, New York City, NY 10001"
201537,Bose SoundSport Headphones,1,99.99,05/10/19 19:25,"643 Chestnut St, New York City, NY 10001"
201538,Bose SoundSport Headphones,1,99.99,05/13/19 11:15,"208 Elm St, New York City, NY 10001"
201539,Macbook Pro Laptop,1,1700,05/12/19 12:28,"428 Chestnut St, Los Angeles, CA 90001"
201540,Lightning Charging Cable,1,14.95,05/22/19 13:20,"285 Lake St, Portland, OR 97035"
201541,Vareebadd Phone,1,400,05/11/19 20:02,"130 Maple St, Dallas, TX 75001"
201542,Google Phone,1,600,05/13/19 05:37,"666 Highland St, Los Angeles, CA 90001"
201543,Apple Airpods Headphones,1,150,05/30/19 15:53,"47 Hickory St, Los Angeles, CA 90001"
201544,20in Monitor,1,109.99,05/04/19 20:53,"498 Walnut St, Los Angeles, CA 90001"
201545,AAA Batteries (4-pack),4,2.99,05/29/19 15:00,"784 10th St, New York City, NY 10001"
201546,Wired Headphones,1,11.99,05/26/19 07:55,"34 Maple St, Los Angeles, CA 90001"
201547,Google Phone,1,600,05/21/19 13:49,"746 Wilson St, Atlanta, GA 30301"
201547,USB-C Charging Cable,1,11.95,05/21/19 13:49,"746 Wilson St, Atlanta, GA 30301"
201548,AA Batteries (4-pack),1,3.84,05/15/19 10:40,"720 Sunset St, Atlanta, GA 30301"
201549,Flatscreen TV,1,300,05/02/19 18:57,"785 Willow St, Dallas, TX 75001"
201550,AAA Batteries (4-pack),2,2.99,05/11/19 10:14,"352 Sunset St, San Francisco, CA 94016"
201551,Flatscreen TV,1,300,05/08/19 21:16,"399 Lakeview St, New York City, NY 10001"
201552,Lightning Charging Cable,1,14.95,05/28/19 04:57,"623 Pine St, Austin, TX 73301"
201553,Flatscreen TV,1,300,05/26/19 17:41,"330 Spruce St, Los Angeles, CA 90001"
201554,27in 4K Gaming Monitor,1,389.99,05/05/19 11:25,"726 Park St, Austin, TX 73301"
201555,Google Phone,1,600,05/21/19 13:28,"449 Highland St, Los Angeles, CA 90001"
201556,Google Phone,1,600,05/24/19 14:32,"30 West St, New York City, NY 10001"
201557,AA Batteries (4-pack),1,3.84,05/30/19 10:47,"520 Elm St, Atlanta, GA 30301"
201558,iPhone,1,700,05/26/19 15:26,"556 6th St, Boston, MA 02215"
201558,Lightning Charging Cable,1,14.95,05/26/19 15:26,"556 6th St, Boston, MA 02215"
201559,Apple Airpods Headphones,1,150,05/16/19 22:57,"333 Park St, Boston, MA 02215"
201560,Bose SoundSport Headphones,1,99.99,05/10/19 15:59,"294 10th St, New York City, NY 10001"
201561,Bose SoundSport Headphones,1,99.99,05/01/19 07:36,"19 Cedar St, Atlanta, GA 30301"
201562,USB-C Charging Cable,1,11.95,05/03/19 12:18,"396 1st St, Los Angeles, CA 90001"
201563,AA Batteries (4-pack),1,3.84,05/20/19 17:09,"287 Maple St, Seattle, WA 98101"
201564,Wired Headphones,1,11.99,05/28/19 08:31,"220 Dogwood St, New York City, NY 10001"
201565,Apple Airpods Headphones,1,150,05/20/19 15:57,"621 South St, Dallas, TX 75001"
201566,USB-C Charging Cable,1,11.95,05/08/19 21:57,"16 5th St, Los Angeles, CA 90001"
201567,AA Batteries (4-pack),2,3.84,05/21/19 19:03,"829 Hill St, Atlanta, GA 30301"
201568,USB-C Charging Cable,1,11.95,05/27/19 07:54,"780 Maple St, Atlanta, GA 30301"
201569,Vareebadd Phone,1,400,05/14/19 21:28,"12 12th St, San Francisco, CA 94016"
201570,AAA Batteries (4-pack),1,2.99,05/18/19 11:21,"529 6th St, Boston, MA 02215"
201571,AAA Batteries (4-pack),1,2.99,05/27/19 10:22,"651 Maple St, San Francisco, CA 94016"
201572,Lightning Charging Cable,1,14.95,05/20/19 19:33,"749 14th St, Dallas, TX 75001"
201573,Lightning Charging Cable,1,14.95,05/23/19 20:19,"978 Cherry St, Atlanta, GA 30301"
201574,Lightning Charging Cable,1,14.95,05/14/19 08:04,"622 Madison St, New York City, NY 10001"
201575,Lightning Charging Cable,1,14.95,05/15/19 14:19,"402 Spruce St, Dallas, TX 75001"
201576,Wired Headphones,1,11.99,05/28/19 22:23,"231 7th St, Austin, TX 73301"
201577,Apple Airpods Headphones,1,150,05/03/19 12:00,"505 Adams St, Los Angeles, CA 90001"
201578,Wired Headphones,1,11.99,05/14/19 16:52,"720 Willow St, San Francisco, CA 94016"
201579,Lightning Charging Cable,1,14.95,05/09/19 19:01,"426 13th St, New York City, NY 10001"
201579,Flatscreen TV,1,300,05/09/19 19:01,"426 13th St, New York City, NY 10001"
201580,Apple Airpods Headphones,1,150,05/10/19 22:31,"855 Lincoln St, San Francisco, CA 94016"
201581,Wired Headphones,1,11.99,05/03/19 15:53,"796 South St, Atlanta, GA 30301"
201582,ThinkPad Laptop,1,999.99,05/12/19 20:33,"8 Forest St, Atlanta, GA 30301"
201583,Wired Headphones,1,11.99,05/07/19 23:13,"11 Lincoln St, Atlanta, GA 30301"
201584,Macbook Pro Laptop,1,1700,05/05/19 16:47,"526 Forest St, Dallas, TX 75001"
201585,USB-C Charging Cable,1,11.95,05/12/19 08:24,"457 Elm St, New York City, NY 10001"
201586,Flatscreen TV,1,300,05/31/19 21:49,"309 Lake St, Boston, MA 02215"
201587,Apple Airpods Headphones,1,150,05/07/19 13:01,"143 Highland St, Los Angeles, CA 90001"
201588,27in 4K Gaming Monitor,1,389.99,05/31/19 00:28,"595 Ridge St, Portland, OR 97035"
201589,AAA Batteries (4-pack),1,2.99,05/07/19 18:06,"342 11th St, San Francisco, CA 94016"
201590,Wired Headphones,1,11.99,05/20/19 01:32,"782 Elm St, Portland, OR 97035"
201591,Apple Airpods Headphones,1,150,05/28/19 08:26,"609 Lakeview St, New York City, NY 10001"
201592,Google Phone,1,600,05/22/19 13:57,"200 Forest St, San Francisco, CA 94016"
201593,AA Batteries (4-pack),1,3.84,05/28/19 12:45,"202 North St, San Francisco, CA 94016"
201594,AA Batteries (4-pack),1,3.84,05/16/19 22:03,"716 11th St, New York City, NY 10001"
201595,AA Batteries (4-pack),1,3.84,05/02/19 09:03,"385 12th St, New York City, NY 10001"
201596,Bose SoundSport Headphones,1,99.99,05/06/19 09:53,"890 5th St, New York City, NY 10001"
201597,Wired Headphones,1,11.99,05/26/19 23:50,"614 Cherry St, Los Angeles, CA 90001"
201598,Apple Airpods Headphones,1,150,05/30/19 12:08,"386 Highland St, Los Angeles, CA 90001"
201599,AA Batteries (4-pack),1,3.84,05/01/19 20:42,"459 10th St, Austin, TX 73301"
201600,Lightning Charging Cable,1,14.95,05/05/19 21:07,"180 Forest St, Boston, MA 02215"
201601,AAA Batteries (4-pack),4,2.99,05/31/19 11:26,"422 13th St, Austin, TX 73301"
201602,Bose SoundSport Headphones,1,99.99,05/12/19 00:24,"996 Lincoln St, Boston, MA 02215"
201603,AA Batteries (4-pack),1,3.84,05/04/19 19:39,"403 Forest St, New York City, NY 10001"
201604,AA Batteries (4-pack),3,3.84,05/31/19 21:55,"194 Forest St, Seattle, WA 98101"
201605,Bose SoundSport Headphones,1,99.99,05/07/19 09:34,"156 Adams St, New York City, NY 10001"
201606,AA Batteries (4-pack),1,3.84,05/02/19 14:07,"309 Main St, Seattle, WA 98101"
201606,AA Batteries (4-pack),1,3.84,05/02/19 14:07,"309 Main St, Seattle, WA 98101"
201607,Bose SoundSport Headphones,1,99.99,05/09/19 09:57,"951 Walnut St, Boston, MA 02215"
201608,USB-C Charging Cable,1,11.95,05/03/19 18:56,"427 11th St, Portland, OR 97035"
201609,Vareebadd Phone,1,400,05/01/19 16:49,"892 Walnut St, Boston, MA 02215"
201610,Apple Airpods Headphones,1,150,05/28/19 02:00,"527 5th St, San Francisco, CA 94016"
201611,20in Monitor,1,109.99,05/10/19 12:40,"982 Center St, Boston, MA 02215"
201612,27in 4K Gaming Monitor,1,389.99,05/15/19 11:18,"880 Dogwood St, Los Angeles, CA 90001"
201613,20in Monitor,1,109.99,05/21/19 19:04,"215 Dogwood St, New York City, NY 10001"
201614,AA Batteries (4-pack),1,3.84,05/15/19 19:01,"317 2nd St, Portland, OR 97035"
201615,ThinkPad Laptop,1,999.99,05/07/19 22:06,"478 Maple St, New York City, NY 10001"
201616,Wired Headphones,1,11.99,05/20/19 13:04,"616 Park St, Boston, MA 02215"
201617,AA Batteries (4-pack),1,3.84,05/19/19 11:33,"942 Jefferson St, Atlanta, GA 30301"
201618,AA Batteries (4-pack),1,3.84,05/13/19 18:48,"562 Jefferson St, Austin, TX 73301"
201619,Apple Airpods Headphones,1,150,05/12/19 13:55,"985 Ridge St, Los Angeles, CA 90001"
201620,Lightning Charging Cable,1,14.95,05/09/19 12:39,"83 Walnut St, San Francisco, CA 94016"
201621,Lightning Charging Cable,1,14.95,05/02/19 18:13,"406 Center St, San Francisco, CA 94016"
201622,Lightning Charging Cable,1,14.95,05/18/19 11:19,"494 4th St, Dallas, TX 75001"
201623,ThinkPad Laptop,1,999.99,05/04/19 16:17,"327 Dogwood St, Seattle, WA 98101"
201624,AA Batteries (4-pack),1,3.84,05/18/19 11:23,"21 10th St, San Francisco, CA 94016"
201625,Bose SoundSport Headphones,1,99.99,05/27/19 12:28,"321 Willow St, Austin, TX 73301"
201626,USB-C Charging Cable,1,11.95,05/02/19 19:00,"875 7th St, Dallas, TX 75001"
201627,Google Phone,1,600,05/25/19 16:55,"10 1st St, San Francisco, CA 94016"
201628,27in FHD Monitor,1,149.99,05/10/19 15:36,"420 Forest St, Boston, MA 02215"
201629,USB-C Charging Cable,1,11.95,05/10/19 21:00,"584 6th St, San Francisco, CA 94016"
201630,20in Monitor,1,109.99,05/28/19 11:11,"491 7th St, New York City, NY 10001"
201631,USB-C Charging Cable,1,11.95,05/09/19 18:50,"897 7th St, Boston, MA 02215"
201632,USB-C Charging Cable,1,11.95,05/13/19 20:45,"800 Ridge St, Atlanta, GA 30301"
201633,USB-C Charging Cable,1,11.95,05/01/19 22:40,"935 Hill St, Los Angeles, CA 90001"
201634,AAA Batteries (4-pack),1,2.99,05/19/19 20:14,"592 River St, Dallas, TX 75001"
201635,iPhone,1,700,05/27/19 09:58,"716 Lakeview St, Los Angeles, CA 90001"
201636,AAA Batteries (4-pack),1,2.99,05/28/19 18:29,"83 11th St, Los Angeles, CA 90001"
201637,AA Batteries (4-pack),1,3.84,05/05/19 11:43,"826 Lake St, Seattle, WA 98101"
201638,Bose SoundSport Headphones,1,99.99,05/11/19 21:32,"261 Center St, New York City, NY 10001"
201639,34in Ultrawide Monitor,1,379.99,05/03/19 12:46,"558 Hickory St, Dallas, TX 75001"
201640,Lightning Charging Cable,1,14.95,05/03/19 23:01,"7 Lakeview St, Seattle, WA 98101"
201641,Wired Headphones,1,11.99,05/08/19 13:52,"274 Lincoln St, San Francisco, CA 94016"
201642,Bose SoundSport Headphones,1,99.99,05/27/19 13:46,"781 Spruce St, Atlanta, GA 30301"
201643,Lightning Charging Cable,1,14.95,05/20/19 14:24,"165 6th St, New York City, NY 10001"
201644,AA Batteries (4-pack),1,3.84,05/11/19 16:11,"240 14th St, New York City, NY 10001"
201645,Flatscreen TV,1,300,05/08/19 12:16,"998 Johnson St, New York City, NY 10001"
201646,Bose SoundSport Headphones,1,99.99,05/13/19 12:48,"853 Madison St, New York City, NY 10001"
201647,iPhone,1,700,05/20/19 11:34,"808 River St, Boston, MA 02215"
201648,iPhone,1,700,05/02/19 10:17,"465 9th St, Austin, TX 73301"
201649,Apple Airpods Headphones,1,150,05/02/19 08:09,"808 Jefferson St, San Francisco, CA 94016"
201650,34in Ultrawide Monitor,1,379.99,05/07/19 18:25,"999 Maple St, Boston, MA 02215"
201651,Wired Headphones,1,11.99,05/29/19 20:53,"988 Elm St, Boston, MA 02215"
201652,AAA Batteries (4-pack),1,2.99,05/30/19 12:09,"118 Church St, Austin, TX 73301"
201653,iPhone,1,700,05/21/19 22:06,"454 12th St, New York City, NY 10001"
201654,20in Monitor,1,109.99,05/14/19 12:23,"790 Highland St, San Francisco, CA 94016"
201655,AAA Batteries (4-pack),3,2.99,05/10/19 13:53,"368 Meadow St, San Francisco, CA 94016"
201656,USB-C Charging Cable,1,11.95,05/13/19 19:07,"117 Pine St, Seattle, WA 98101"
201657,Wired Headphones,1,11.99,05/05/19 14:32,"569 Chestnut St, San Francisco, CA 94016"
201658,Macbook Pro Laptop,1,1700,05/11/19 18:15,"948 9th St, San Francisco, CA 94016"
201659,iPhone,1,700,05/29/19 13:21,"977 Park St, Austin, TX 73301"
201660,Macbook Pro Laptop,1,1700,05/02/19 14:17,"89 Wilson St, San Francisco, CA 94016"
201661,USB-C Charging Cable,1,11.95,05/10/19 11:17,"222 8th St, San Francisco, CA 94016"
201662,AAA Batteries (4-pack),1,2.99,05/22/19 11:32,"888 9th St, San Francisco, CA 94016"
201663,20in Monitor,1,109.99,05/18/19 18:22,"40 Sunset St, San Francisco, CA 94016"
201664,ThinkPad Laptop,1,999.99,05/25/19 20:49,"965 Meadow St, San Francisco, CA 94016"
201665,34in Ultrawide Monitor,1,379.99,05/01/19 17:04,"692 5th St, Los Angeles, CA 90001"
201666,Flatscreen TV,1,300,05/01/19 14:18,"525 Wilson St, Seattle, WA 98101"
201667,AAA Batteries (4-pack),1,2.99,05/15/19 09:52,"365 Hill St, Boston, MA 02215"
201668,Bose SoundSport Headphones,1,99.99,05/24/19 22:15,"327 2nd St, Los Angeles, CA 90001"
201669,Wired Headphones,1,11.99,05/14/19 10:31,"964 14th St, Boston, MA 02215"
201670,iPhone,1,700,05/28/19 20:35,"57 Park St, Boston, MA 02215"
201671,Vareebadd Phone,1,400,05/02/19 20:27,"522 Center St, San Francisco, CA 94016"
201672,27in 4K Gaming Monitor,1,389.99,05/13/19 16:44,"622 Chestnut St, Seattle, WA 98101"
201672,Wired Headphones,1,11.99,05/13/19 16:44,"622 Chestnut St, Seattle, WA 98101"
201673,Wired Headphones,1,11.99,05/22/19 04:56,"964 Park St, Portland, OR 97035"
201674,USB-C Charging Cable,1,11.95,05/24/19 14:52,"222 Walnut St, Los Angeles, CA 90001"
201675,Lightning Charging Cable,1,14.95,05/24/19 08:37,"203 Chestnut St, Portland, OR 97035"
201676,Vareebadd Phone,1,400,05/12/19 16:26,"358 Forest St, Los Angeles, CA 90001"
201676,AAA Batteries (4-pack),1,2.99,05/12/19 16:26,"358 Forest St, Los Angeles, CA 90001"
201677,Lightning Charging Cable,1,14.95,05/02/19 23:49,"300 West St, New York City, NY 10001"
201678,Flatscreen TV,1,300,05/11/19 19:47,"620 Dogwood St, Dallas, TX 75001"
201679,27in FHD Monitor,1,149.99,05/14/19 15:03,"130 Meadow St, Boston, MA 02215"
201680,Wired Headphones,1,11.99,05/06/19 16:33,"869 4th St, Los Angeles, CA 90001"
201681,Bose SoundSport Headphones,1,99.99,05/28/19 18:35,"318 River St, Boston, MA 02215"
201682,AA Batteries (4-pack),1,3.84,05/14/19 15:27,"947 Meadow St, Boston, MA 02215"
201683,AAA Batteries (4-pack),1,2.99,05/10/19 10:42,"662 Walnut St, Los Angeles, CA 90001"
201684,AAA Batteries (4-pack),2,2.99,05/30/19 18:01,"106 Washington St, Los Angeles, CA 90001"
201685,AAA Batteries (4-pack),5,2.99,05/27/19 17:33,"666 Madison St, Los Angeles, CA 90001"
201686,Apple Airpods Headphones,1,150,05/28/19 18:38,"919 Willow St, Boston, MA 02215"
201687,Wired Headphones,1,11.99,05/10/19 12:44,"572 6th St, Dallas, TX 75001"
201688,AAA Batteries (4-pack),5,2.99,05/17/19 20:14,"534 Elm St, San Francisco, CA 94016"
201689,AAA Batteries (4-pack),1,2.99,05/29/19 13:00,"558 Highland St, San Francisco, CA 94016"
201690,USB-C Charging Cable,1,11.95,05/09/19 00:10,"817 Sunset St, Los Angeles, CA 90001"
201691,Wired Headphones,1,11.99,05/10/19 09:25,"564 Chestnut St, New York City, NY 10001"
201692,Wired Headphones,1,11.99,05/04/19 14:38,"186 2nd St, San Francisco, CA 94016"
201693,Apple Airpods Headphones,1,150,05/13/19 19:34,"947 6th St, New York City, NY 10001"
201694,Apple Airpods Headphones,1,150,05/17/19 18:15,"976 Jackson St, Seattle, WA 98101"
201695,Apple Airpods Headphones,1,150,05/04/19 22:23,"703 Lakeview St, New York City, NY 10001"
201696,Wired Headphones,1,11.99,05/21/19 12:08,"163 Cherry St, Boston, MA 02215"
201697,Lightning Charging Cable,1,14.95,05/30/19 19:42,"802 10th St, Portland, OR 97035"
201698,iPhone,1,700,05/07/19 12:33,"814 Washington St, San Francisco, CA 94016"
201699,27in FHD Monitor,1,149.99,05/06/19 10:48,"66 Pine St, New York City, NY 10001"
201700,AA Batteries (4-pack),2,3.84,05/01/19 17:51,"938 South St, San Francisco, CA 94016"
201700,20in Monitor,1,109.99,05/01/19 17:51,"938 South St, San Francisco, CA 94016"
201701,20in Monitor,1,109.99,05/24/19 21:18,"475 Madison St, Los Angeles, CA 90001"
201702,AA Batteries (4-pack),1,3.84,05/02/19 12:56,"886 13th St, Los Angeles, CA 90001"
201703,27in 4K Gaming Monitor,1,389.99,05/14/19 14:28,"795 Walnut St, Boston, MA 02215"
201704,Macbook Pro Laptop,1,1700,05/17/19 07:03,"705 Madison St, New York City, NY 10001"
201705,27in 4K Gaming Monitor,1,389.99,05/13/19 13:13,"53 Sunset St, Austin, TX 73301"
201706,iPhone,1,700,05/28/19 21:30,"935 Meadow St, Portland, OR 97035"
201707,27in FHD Monitor,1,149.99,05/03/19 13:17,"611 North St, Portland, OR 97035"
201708,USB-C Charging Cable,1,11.95,05/02/19 05:24,"101 4th St, Dallas, TX 75001"
201708,LG Dryer,1,600.0,05/02/19 05:24,"101 4th St, Dallas, TX 75001"
201709,AA Batteries (4-pack),1,3.84,05/18/19 14:41,"49 Forest St, Dallas, TX 75001"
201710,27in 4K Gaming Monitor,1,389.99,05/03/19 18:40,"733 Jefferson St, San Francisco, CA 94016"
201711,Wired Headphones,3,11.99,05/03/19 16:28,"875 1st St, New York City, NY 10001"
201712,Bose SoundSport Headphones,1,99.99,05/27/19 09:03,"327 7th St, Dallas, TX 75001"
201713,AAA Batteries (4-pack),3,2.99,05/21/19 03:57,"845 Willow St, Dallas, TX 75001"
201714,Apple Airpods Headphones,1,150,05/23/19 02:28,"582 Jefferson St, San Francisco, CA 94016"
201715,AAA Batteries (4-pack),1,2.99,05/30/19 13:12,"524 11th St, Austin, TX 73301"
201716,iPhone,1,700,05/22/19 17:21,"915 Meadow St, New York City, NY 10001"
201717,Wired Headphones,1,11.99,05/06/19 15:07,"600 Johnson St, San Francisco, CA 94016"
201718,AAA Batteries (4-pack),3,2.99,05/13/19 16:48,"633 Madison St, New York City, NY 10001"
201719,AAA Batteries (4-pack),1,2.99,05/28/19 15:43,"503 10th St, Boston, MA 02215"
201720,Vareebadd Phone,1,400,05/14/19 21:09,"867 Walnut St, Austin, TX 73301"
201720,USB-C Charging Cable,1,11.95,05/14/19 21:09,"867 Walnut St, Austin, TX 73301"
201721,AA Batteries (4-pack),1,3.84,05/12/19 14:02,"733 South St, New York City, NY 10001"
201722,Lightning Charging Cable,1,14.95,05/19/19 08:37,"243 Wilson St, Portland, OR 97035"
201723,AAA Batteries (4-pack),2,2.99,05/28/19 14:35,"22 Main St, New York City, NY 10001"
201724,ThinkPad Laptop,1,999.99,05/22/19 19:41,"785 14th St, San Francisco, CA 94016"
201725,Macbook Pro Laptop,1,1700,05/10/19 17:31,"427 Church St, Boston, MA 02215"
201726,AA Batteries (4-pack),3,3.84,05/07/19 13:35,"453 Madison St, San Francisco, CA 94016"
201727,AAA Batteries (4-pack),1,2.99,05/08/19 17:00,"659 2nd St, New York City, NY 10001"
201727,AAA Batteries (4-pack),1,2.99,05/08/19 17:00,"659 2nd St, New York City, NY 10001"
201728,Macbook Pro Laptop,1,1700,05/23/19 22:14,"380 Center St, San Francisco, CA 94016"
201729,Apple Airpods Headphones,1,150,05/17/19 17:51,"768 South St, Austin, TX 73301"
201729,Lightning Charging Cable,1,14.95,05/17/19 17:51,"768 South St, Austin, TX 73301"
201730,Bose SoundSport Headphones,1,99.99,05/07/19 23:03,"868 Jefferson St, Seattle, WA 98101"
201730,AAA Batteries (4-pack),3,2.99,05/07/19 23:03,"868 Jefferson St, Seattle, WA 98101"
201731,USB-C Charging Cable,1,11.95,05/20/19 12:43,"116 12th St, Seattle, WA 98101"
201732,AA Batteries (4-pack),1,3.84,05/17/19 22:31,"279 6th St, San Francisco, CA 94016"
201733,Google Phone,1,600,05/08/19 13:45,"107 13th St, New York City, NY 10001"
201734,Google Phone,1,600,05/19/19 11:32,"347 Madison St, Seattle, WA 98101"
201735,Lightning Charging Cable,1,14.95,05/22/19 15:35,"964 Lakeview St, Portland, OR 97035"
201736,AAA Batteries (4-pack),1,2.99,05/01/19 13:00,"351 Lakeview St, New York City, NY 10001"
201737,Bose SoundSport Headphones,1,99.99,05/28/19 16:52,"315 Pine St, Boston, MA 02215"
201738,Lightning Charging Cable,1,14.95,05/19/19 17:19,"238 Walnut St, Atlanta, GA 30301"
201739,AA Batteries (4-pack),1,3.84,05/11/19 20:45,"515 Ridge St, New York City, NY 10001"
201740,Google Phone,1,600,05/31/19 18:45,"4 Walnut St, San Francisco, CA 94016"
201741,20in Monitor,1,109.99,05/26/19 00:06,"977 Sunset St, New York City, NY 10001"
201742,Wired Headphones,1,11.99,05/09/19 10:05,"621 Hickory St, New York City, NY 10001"
201743,Lightning Charging Cable,1,14.95,05/04/19 20:16,"148 Dogwood St, Portland, OR 97035"
201744,Apple Airpods Headphones,1,150,05/19/19 22:57,"502 Walnut St, New York City, NY 10001"
201745,Lightning Charging Cable,1,14.95,05/08/19 22:28,"475 Pine St, Seattle, WA 98101"
201746,Lightning Charging Cable,1,14.95,05/04/19 14:05,"757 Spruce St, San Francisco, CA 94016"
201747,Wired Headphones,1,11.99,05/05/19 12:03,"430 2nd St, San Francisco, CA 94016"
201748,Lightning Charging Cable,1,14.95,05/07/19 10:32,"491 4th St, San Francisco, CA 94016"
201749,Bose SoundSport Headphones,1,99.99,05/12/19 17:28,"13 Dogwood St, San Francisco, CA 94016"
201750,27in FHD Monitor,1,149.99,05/07/19 15:48,"900 11th St, San Francisco, CA 94016"
201751,Lightning Charging Cable,1,14.95,05/09/19 17:02,"590 13th St, Atlanta, GA 30301"
201752,Lightning Charging Cable,1,14.95,05/21/19 14:14,"234 Elm St, Boston, MA 02215"
201753,iPhone,1,700,05/27/19 06:33,"642 West St, Los Angeles, CA 90001"
201754,Apple Airpods Headphones,1,150,05/26/19 21:12,"926 West St, Atlanta, GA 30301"
201755,AAA Batteries (4-pack),1,2.99,05/02/19 11:38,"741 River St, Boston, MA 02215"
201756,27in FHD Monitor,1,149.99,05/05/19 00:27,"390 Jefferson St, San Francisco, CA 94016"
201757,20in Monitor,1,109.99,05/31/19 10:58,"388 Church St, Los Angeles, CA 90001"
201758,Lightning Charging Cable,1,14.95,05/05/19 18:33,"753 River St, Seattle, WA 98101"
201759,Lightning Charging Cable,1,14.95,05/04/19 21:07,"516 Park St, Portland, OR 97035"
201760,AAA Batteries (4-pack),1,2.99,05/30/19 06:21,"322 Main St, Seattle, WA 98101"
201761,Lightning Charging Cable,1,14.95,05/15/19 07:21,"355 Main St, Dallas, TX 75001"
201762,ThinkPad Laptop,1,999.99,05/31/19 17:09,"435 Main St, Austin, TX 73301"
201763,iPhone,1,700,05/17/19 09:05,"337 Wilson St, Seattle, WA 98101"
201764,Vareebadd Phone,1,400,05/26/19 16:45,"944 South St, Boston, MA 02215"
201765,Macbook Pro Laptop,1,1700,05/11/19 23:24,"336 Hill St, Seattle, WA 98101"
201766,ThinkPad Laptop,1,999.99,05/23/19 11:48,"293 River St, Atlanta, GA 30301"
201767,34in Ultrawide Monitor,1,379.99,05/20/19 02:07,"408 Willow St, Boston, MA 02215"
201768,Lightning Charging Cable,1,14.95,05/26/19 13:10,"957 Highland St, Atlanta, GA 30301"
201769,Bose SoundSport Headphones,1,99.99,05/07/19 12:17,"196 Jefferson St, San Francisco, CA 94016"
201770,20in Monitor,1,109.99,05/17/19 20:46,"292 Jackson St, Portland, ME 04101"
201771,20in Monitor,1,109.99,05/01/19 21:17,"491 2nd St, San Francisco, CA 94016"
201772,34in Ultrawide Monitor,1,379.99,05/20/19 12:36,"443 9th St, Dallas, TX 75001"
201773,Bose SoundSport Headphones,1,99.99,05/02/19 20:16,"441 Highland St, New York City, NY 10001"
201774,27in 4K Gaming Monitor,1,389.99,05/21/19 13:38,"44 11th St, Seattle, WA 98101"
201775,Google Phone,1,600,05/23/19 13:52,"879 Elm St, Portland, OR 97035"
201775,USB-C Charging Cable,1,11.95,05/23/19 13:52,"879 Elm St, Portland, OR 97035"
201775,Wired Headphones,1,11.99,05/23/19 13:52,"879 Elm St, Portland, OR 97035"
201776,USB-C Charging Cable,1,11.95,05/14/19 09:33,"726 Elm St, San Francisco, CA 94016"
201777,27in 4K Gaming Monitor,1,389.99,05/14/19 09:42,"314 4th St, Atlanta, GA 30301"
201778,USB-C Charging Cable,1,11.95,05/19/19 19:51,"284 Maple St, Boston, MA 02215"
201779,Flatscreen TV,1,300,05/07/19 08:53,"997 Walnut St, Boston, MA 02215"
201780,Wired Headphones,1,11.99,05/29/19 13:32,"921 Meadow St, Portland, ME 04101"
201781,Google Phone,1,600,05/06/19 11:11,"874 6th St, San Francisco, CA 94016"
201782,34in Ultrawide Monitor,1,379.99,05/30/19 09:28,"534 North St, San Francisco, CA 94016"
201783,AAA Batteries (4-pack),1,2.99,05/05/19 18:19,"148 Washington St, San Francisco, CA 94016"
201784,Lightning Charging Cable,1,14.95,05/16/19 11:24,"707 Maple St, New York City, NY 10001"
201785,AAA Batteries (4-pack),2,2.99,05/14/19 14:22,"208 Sunset St, San Francisco, CA 94016"
201786,27in FHD Monitor,1,149.99,05/30/19 13:30,"187 11th St, Los Angeles, CA 90001"
201787,27in FHD Monitor,1,149.99,05/14/19 09:58,"241 Cherry St, San Francisco, CA 94016"
201788,AAA Batteries (4-pack),1,2.99,05/20/19 18:27,"9 Lakeview St, Dallas, TX 75001"
201789,34in Ultrawide Monitor,1,379.99,05/30/19 18:55,"805 Church St, Atlanta, GA 30301"
201789,iPhone,1,700,05/30/19 18:55,"805 Church St, Atlanta, GA 30301"
201790,Lightning Charging Cable,1,14.95,05/28/19 15:37,"335 11th St, Los Angeles, CA 90001"
201791,Wired Headphones,1,11.99,05/28/19 11:51,"896 12th St, Portland, OR 97035"
201792,Lightning Charging Cable,1,14.95,05/20/19 18:36,"52 Dogwood St, Los Angeles, CA 90001"
201792,USB-C Charging Cable,1,11.95,05/20/19 18:36,"52 Dogwood St, Los Angeles, CA 90001"
201793,Apple Airpods Headphones,1,150,05/20/19 08:23,"440 River St, San Francisco, CA 94016"
201794,Apple Airpods Headphones,1,150,05/28/19 11:29,"447 North St, New York City, NY 10001"
201795,Wired Headphones,1,11.99,05/27/19 14:06,"385 8th St, Dallas, TX 75001"
201796,Wired Headphones,2,11.99,05/19/19 07:26,"483 4th St, Boston, MA 02215"
201797,27in 4K Gaming Monitor,1,389.99,05/05/19 22:01,"216 Jefferson St, New York City, NY 10001"
201798,iPhone,1,700,05/05/19 16:56,"488 Chestnut St, Los Angeles, CA 90001"
201798,Lightning Charging Cable,1,14.95,05/05/19 16:56,"488 Chestnut St, Los Angeles, CA 90001"
201799,27in FHD Monitor,1,149.99,05/08/19 09:56,"976 Jefferson St, Dallas, TX 75001"
201800,USB-C Charging Cable,2,11.95,05/14/19 09:42,"645 Highland St, San Francisco, CA 94016"
201801,USB-C Charging Cable,1,11.95,05/22/19 10:12,"504 14th St, New York City, NY 10001"
201802,Vareebadd Phone,1,400,05/19/19 14:53,"965 Sunset St, New York City, NY 10001"
201802,USB-C Charging Cable,1,11.95,05/19/19 14:53,"965 Sunset St, New York City, NY 10001"
201803,USB-C Charging Cable,1,11.95,05/20/19 12:51,"450 9th St, Seattle, WA 98101"
201804,Lightning Charging Cable,1,14.95,05/26/19 01:14,"399 Highland St, Los Angeles, CA 90001"
201805,AAA Batteries (4-pack),4,2.99,05/05/19 15:41,"579 4th St, Austin, TX 73301"
201806,ThinkPad Laptop,1,999.99,05/23/19 11:38,"642 Ridge St, Los Angeles, CA 90001"
201807,Bose SoundSport Headphones,1,99.99,05/28/19 14:59,"579 Highland St, Boston, MA 02215"
201808,34in Ultrawide Monitor,1,379.99,05/28/19 08:18,"258 8th St, Los Angeles, CA 90001"
201809,AAA Batteries (4-pack),2,2.99,05/04/19 07:27,"908 Wilson St, Dallas, TX 75001"
201810,Wired Headphones,1,11.99,05/09/19 17:33,"273 Lake St, San Francisco, CA 94016"
201811,Lightning Charging Cable,1,14.95,05/27/19 21:22,"895 Sunset St, San Francisco, CA 94016"
201812,USB-C Charging Cable,1,11.95,05/22/19 20:41,"137 Jefferson St, New York City, NY 10001"
201813,Apple Airpods Headphones,1,150,05/03/19 15:36,"390 Forest St, Seattle, WA 98101"
201814,Google Phone,1,600,05/16/19 16:54,"94 Elm St, San Francisco, CA 94016"
201815,USB-C Charging Cable,1,11.95,05/31/19 16:30,"9 Lakeview St, New York City, NY 10001"
201816,Apple Airpods Headphones,1,150,05/16/19 18:17,"520 Jefferson St, Atlanta, GA 30301"
201817,LG Dryer,1,600.0,05/07/19 22:35,"573 South St, Seattle, WA 98101"
201818,Apple Airpods Headphones,1,150,05/28/19 18:46,"871 Park St, Austin, TX 73301"
201819,AAA Batteries (4-pack),1,2.99,05/05/19 17:09,"454 Highland St, Atlanta, GA 30301"
201820,USB-C Charging Cable,1,11.95,05/08/19 16:30,"915 Sunset St, San Francisco, CA 94016"
201821,Wired Headphones,1,11.99,05/23/19 07:00,"716 Lake St, San Francisco, CA 94016"
201822,Lightning Charging Cable,1,14.95,05/22/19 11:26,"775 Walnut St, Portland, OR 97035"
201823,Lightning Charging Cable,1,14.95,05/03/19 16:56,"40 Jefferson St, Portland, OR 97035"
201824,ThinkPad Laptop,1,999.99,05/07/19 14:32,"803 Washington St, San Francisco, CA 94016"
201825,AA Batteries (4-pack),3,3.84,05/11/19 07:57,"172 4th St, San Francisco, CA 94016"
201826,LG Washing Machine,1,600.0,05/18/19 10:04,"504 6th St, San Francisco, CA 94016"
201827,Bose SoundSport Headphones,1,99.99,05/15/19 21:38,"794 Adams St, Atlanta, GA 30301"
201828,USB-C Charging Cable,1,11.95,05/02/19 18:16,"679 River St, Portland, OR 97035"
201829,AA Batteries (4-pack),4,3.84,05/09/19 17:05,"628 Lincoln St, Dallas, TX 75001"
201830,AAA Batteries (4-pack),2,2.99,05/26/19 18:13,"812 13th St, Los Angeles, CA 90001"
201831,AAA Batteries (4-pack),2,2.99,05/15/19 15:59,"692 Ridge St, Dallas, TX 75001"
201832,iPhone,1,700,05/09/19 12:32,"278 Adams St, San Francisco, CA 94016"
201833,ThinkPad Laptop,1,999.99,05/22/19 17:16,"37 Lincoln St, New York City, NY 10001"
201834,AA Batteries (4-pack),1,3.84,05/10/19 23:36,"730 6th St, Portland, OR 97035"
201835,AAA Batteries (4-pack),1,2.99,05/02/19 19:38,"86 Elm St, San Francisco, CA 94016"
201836,AA Batteries (4-pack),2,3.84,05/14/19 16:43,"631 9th St, Boston, MA 02215"
201837,AAA Batteries (4-pack),1,2.99,05/20/19 18:40,"883 Pine St, Atlanta, GA 30301"
201838,AA Batteries (4-pack),1,3.84,05/14/19 00:31,"325 Johnson St, Boston, MA 02215"
201839,USB-C Charging Cable,1,11.95,05/07/19 13:57,"195 Ridge St, Portland, OR 97035"
201840,20in Monitor,1,109.99,05/20/19 21:51,"778 10th St, Dallas, TX 75001"
201841,Lightning Charging Cable,1,14.95,05/22/19 12:21,"182 7th St, New York City, NY 10001"
201842,Macbook Pro Laptop,1,1700,05/02/19 19:49,"791 Maple St, San Francisco, CA 94016"
201843,27in FHD Monitor,1,149.99,05/10/19 13:42,"985 Forest St, San Francisco, CA 94016"
201844,AAA Batteries (4-pack),5,2.99,05/18/19 14:22,"13 Jackson St, Seattle, WA 98101"
201845,Flatscreen TV,1,300,05/25/19 23:41,"242 Elm St, Portland, OR 97035"
201846,AA Batteries (4-pack),2,3.84,05/17/19 12:00,"162 8th St, Atlanta, GA 30301"
201847,Lightning Charging Cable,1,14.95,05/06/19 16:46,"196 Maple St, Portland, OR 97035"
201848,27in 4K Gaming Monitor,1,389.99,05/18/19 21:21,"477 10th St, Boston, MA 02215"
201849,27in FHD Monitor,1,149.99,05/24/19 09:51,"890 Highland St, Boston, MA 02215"
201850,AA Batteries (4-pack),1,3.84,05/04/19 20:59,"162 Jackson St, Atlanta, GA 30301"
201851,Wired Headphones,1,11.99,05/07/19 08:48,"546 Meadow St, San Francisco, CA 94016"
201852,34in Ultrawide Monitor,1,379.99,05/31/19 07:50,"33 14th St, New York City, NY 10001"
201853,Lightning Charging Cable,1,14.95,05/11/19 02:13,"63 South St, Los Angeles, CA 90001"
201854,Google Phone,1,600,05/27/19 23:38,"472 North St, Boston, MA 02215"
201855,USB-C Charging Cable,1,11.95,05/14/19 08:46,"830 Dogwood St, Dallas, TX 75001"
201856,Apple Airpods Headphones,1,150,05/24/19 10:10,"758 14th St, Los Angeles, CA 90001"
201857,27in 4K Gaming Monitor,1,389.99,05/07/19 19:40,"731 Johnson St, San Francisco, CA 94016"
201858,Wired Headphones,2,11.99,05/02/19 19:56,"204 River St, Boston, MA 02215"
201859,AA Batteries (4-pack),1,3.84,05/13/19 19:47,"139 Chestnut St, Los Angeles, CA 90001"
201860,Macbook Pro Laptop,1,1700,05/03/19 22:27,"285 South St, Portland, OR 97035"
201861,AA Batteries (4-pack),2,3.84,05/30/19 10:44,"896 5th St, Seattle, WA 98101"
201862,USB-C Charging Cable,1,11.95,05/11/19 19:23,"989 Jackson St, Los Angeles, CA 90001"
201863,27in FHD Monitor,1,149.99,05/08/19 14:59,"67 Madison St, San Francisco, CA 94016"
201864,Apple Airpods Headphones,1,150,05/28/19 10:40,"811 Highland St, Dallas, TX 75001"
201865,AA Batteries (4-pack),1,3.84,05/30/19 15:54,"788 Elm St, Seattle, WA 98101"
201866,Lightning Charging Cable,1,14.95,05/10/19 15:40,"536 Hill St, Atlanta, GA 30301"
201867,34in Ultrawide Monitor,1,379.99,05/27/19 16:54,"281 Ridge St, San Francisco, CA 94016"
201868,Wired Headphones,1,11.99,05/16/19 12:24,"440 Lincoln St, San Francisco, CA 94016"
201869,AAA Batteries (4-pack),1,2.99,05/14/19 08:19,"759 Lakeview St, Los Angeles, CA 90001"
201870,LG Washing Machine,1,600.0,05/29/19 13:00,"288 4th St, Boston, MA 02215"
201871,Bose SoundSport Headphones,1,99.99,05/10/19 12:09,"645 West St, New York City, NY 10001"
201872,Lightning Charging Cable,1,14.95,05/05/19 12:36,"349 Sunset St, Boston, MA 02215"
201873,Wired Headphones,1,11.99,05/12/19 11:54,"971 8th St, San Francisco, CA 94016"
201874,27in 4K Gaming Monitor,1,389.99,05/07/19 13:53,"232 5th St, New York City, NY 10001"
201875,34in Ultrawide Monitor,1,379.99,05/16/19 08:12,"120 Cherry St, New York City, NY 10001"
201876,Wired Headphones,1,11.99,05/28/19 01:01,"929 West St, San Francisco, CA 94016"
201877,Apple Airpods Headphones,1,150,05/10/19 21:54,"770 Wilson St, San Francisco, CA 94016"
201878,Google Phone,1,600,05/10/19 12:14,"827 Lakeview St, Seattle, WA 98101"
201879,Apple Airpods Headphones,1,150,05/11/19 17:54,"732 Lake St, Los Angeles, CA 90001"
201880,Macbook Pro Laptop,1,1700,05/19/19 08:08,"188 South St, Dallas, TX 75001"
201881,Wired Headphones,1,11.99,05/16/19 08:25,"150 Lakeview St, Portland, OR 97035"
201882,34in Ultrawide Monitor,1,379.99,05/17/19 18:05,"919 7th St, San Francisco, CA 94016"
201883,Apple Airpods Headphones,1,150,05/21/19 20:16,"919 Cherry St, Los Angeles, CA 90001"
201884,Lightning Charging Cable,1,14.95,05/23/19 16:09,"938 6th St, New York City, NY 10001"
201885,Lightning Charging Cable,3,14.95,05/22/19 22:46,"18 Spruce St, Austin, TX 73301"
201886,Flatscreen TV,1,300,05/07/19 17:25,"223 Washington St, Atlanta, GA 30301"
201887,Apple Airpods Headphones,1,150,05/14/19 19:29,"419 Pine St, Portland, OR 97035"
201888,USB-C Charging Cable,1,11.95,05/01/19 16:40,"514 5th St, Atlanta, GA 30301"
201889,Wired Headphones,3,11.99,05/01/19 07:31,"849 1st St, Atlanta, GA 30301"
201890,Lightning Charging Cable,1,14.95,05/14/19 00:16,"190 River St, Los Angeles, CA 90001"
201891,AAA Batteries (4-pack),1,2.99,05/20/19 14:01,"228 Walnut St, Seattle, WA 98101"
201892,AAA Batteries (4-pack),1,2.99,05/28/19 11:00,"96 Adams St, Los Angeles, CA 90001"
201893,AAA Batteries (4-pack),1,2.99,05/28/19 11:14,"565 Adams St, San Francisco, CA 94016"
201894,27in FHD Monitor,1,149.99,05/25/19 10:15,"286 5th St, Los Angeles, CA 90001"
201895,Wired Headphones,1,11.99,05/03/19 08:42,"629 Lake St, Austin, TX 73301"
201896,34in Ultrawide Monitor,1,379.99,05/30/19 20:40,"819 11th St, San Francisco, CA 94016"
201897,AA Batteries (4-pack),1,3.84,05/20/19 20:34,"570 Main St, San Francisco, CA 94016"
201898,AA Batteries (4-pack),1,3.84,05/25/19 16:18,"911 Church St, San Francisco, CA 94016"
201899,USB-C Charging Cable,1,11.95,05/25/19 22:39,"652 Lakeview St, New York City, NY 10001"
201900,Lightning Charging Cable,1,14.95,05/04/19 14:51,"341 Maple St, Portland, OR 97035"
201901,20in Monitor,1,109.99,05/02/19 17:28,"554 Walnut St, Boston, MA 02215"
201902,AA Batteries (4-pack),2,3.84,05/28/19 20:23,"807 Hill St, Dallas, TX 75001"
201903,Bose SoundSport Headphones,1,99.99,05/11/19 08:59,"773 Dogwood St, San Francisco, CA 94016"
201904,Lightning Charging Cable,2,14.95,05/05/19 23:31,"635 5th St, San Francisco, CA 94016"
201905,Wired Headphones,1,11.99,05/06/19 00:15,"82 Wilson St, Los Angeles, CA 90001"
201906,Wired Headphones,1,11.99,05/22/19 09:13,"775 South St, Seattle, WA 98101"
201907,AAA Batteries (4-pack),2,2.99,05/29/19 11:25,"546 Lakeview St, San Francisco, CA 94016"
201908,AAA Batteries (4-pack),1,2.99,05/25/19 08:59,"850 Ridge St, Dallas, TX 75001"
201909,Lightning Charging Cable,1,14.95,05/27/19 10:57,"898 North St, Boston, MA 02215"
201910,AAA Batteries (4-pack),1,2.99,05/08/19 17:42,"610 Hill St, New York City, NY 10001"
201911,Apple Airpods Headphones,1,150,05/06/19 20:52,"586 Hickory St, Portland, OR 97035"
201912,Apple Airpods Headphones,1,150,05/08/19 06:41,"801 Cedar St, Los Angeles, CA 90001"
201913,AAA Batteries (4-pack),2,2.99,05/01/19 20:37,"705 Willow St, San Francisco, CA 94016"
201914,AA Batteries (4-pack),1,3.84,05/11/19 20:43,"319 Lakeview St, San Francisco, CA 94016"
201915,AAA Batteries (4-pack),2,2.99,05/16/19 09:19,"28 4th St, Atlanta, GA 30301"
201916,Wired Headphones,1,11.99,05/26/19 22:00,"404 Cherry St, Boston, MA 02215"
201917,Google Phone,1,600,05/25/19 23:06,"94 Jefferson St, Boston, MA 02215"
201917,USB-C Charging Cable,1,11.95,05/25/19 23:06,"94 Jefferson St, Boston, MA 02215"
201918,USB-C Charging Cable,1,11.95,05/17/19 19:04,"459 Meadow St, Boston, MA 02215"
201919,34in Ultrawide Monitor,1,379.99,05/31/19 12:47,"967 Main St, Seattle, WA 98101"
201920,USB-C Charging Cable,1,11.95,05/13/19 20:02,"744 10th St, San Francisco, CA 94016"
201921,AA Batteries (4-pack),1,3.84,05/28/19 21:46,"279 Jackson St, Portland, OR 97035"
201922,Wired Headphones,1,11.99,05/16/19 12:38,"572 Church St, New York City, NY 10001"
201923,Wired Headphones,2,11.99,05/29/19 13:36,"834 14th St, Boston, MA 02215"
201924,27in FHD Monitor,1,149.99,05/24/19 21:39,"146 Hickory St, New York City, NY 10001"
201925,Flatscreen TV,1,300,05/29/19 14:57,"754 9th St, New York City, NY 10001"
201926,Bose SoundSport Headphones,1,99.99,05/08/19 19:22,"288 Highland St, New York City, NY 10001"
201927,27in 4K Gaming Monitor,1,389.99,05/30/19 13:01,"541 Johnson St, New York City, NY 10001"
201928,Google Phone,1,600,05/20/19 14:20,"549 Jefferson St, Dallas, TX 75001"
201929,Lightning Charging Cable,1,14.95,05/22/19 19:39,"525 North St, Portland, OR 97035"
201930,AAA Batteries (4-pack),1,2.99,05/10/19 01:20,"471 River St, Portland, OR 97035"
201931,Flatscreen TV,1,300,05/11/19 00:13,"133 7th St, New York City, NY 10001"
201932,Lightning Charging Cable,1,14.95,05/20/19 09:38,"418 Meadow St, Boston, MA 02215"
201933,AA Batteries (4-pack),1,3.84,05/19/19 10:47,"54 Adams St, San Francisco, CA 94016"
201934,Flatscreen TV,1,300,05/18/19 08:06,"15 Ridge St, Los Angeles, CA 90001"
201935,Bose SoundSport Headphones,1,99.99,05/27/19 10:29,"267 Ridge St, Portland, OR 97035"
201936,Lightning Charging Cable,1,14.95,05/13/19 16:03,"148 Lake St, Los Angeles, CA 90001"
201937,AA Batteries (4-pack),1,3.84,05/30/19 11:01,"345 1st St, Los Angeles, CA 90001"
201938,iPhone,1,700,05/10/19 18:20,"168 Walnut St, San Francisco, CA 94016"
201939,Apple Airpods Headphones,1,150,05/23/19 07:06,"676 Pine St, Boston, MA 02215"
201939,Flatscreen TV,1,300,05/23/19 07:06,"676 Pine St, Boston, MA 02215"
201940,27in FHD Monitor,1,149.99,05/04/19 23:00,"742 Hickory St, Boston, MA 02215"
201941,AA Batteries (4-pack),1,3.84,05/22/19 08:37,"812 North St, Los Angeles, CA 90001"
201942,Apple Airpods Headphones,1,150,05/21/19 12:06,"791 4th St, Dallas, TX 75001"
201943,27in 4K Gaming Monitor,1,389.99,05/26/19 10:44,"179 5th St, New York City, NY 10001"
201944,AA Batteries (4-pack),1,3.84,05/25/19 14:37,"198 11th St, Dallas, TX 75001"
201945,Lightning Charging Cable,1,14.95,05/25/19 18:04,"945 Lake St, New York City, NY 10001"
201946,27in 4K Gaming Monitor,1,389.99,05/22/19 08:30,"32 Willow St, Boston, MA 02215"
201947,LG Dryer,1,600.0,05/17/19 19:21,"103 Washington St, Austin, TX 73301"
201948,AAA Batteries (4-pack),1,2.99,05/30/19 16:27,"722 Jackson St, San Francisco, CA 94016"
201948,Lightning Charging Cable,1,14.95,05/30/19 16:27,"722 Jackson St, San Francisco, CA 94016"
201949,Apple Airpods Headphones,1,150,05/20/19 20:16,"338 Chestnut St, San Francisco, CA 94016"
201950,Lightning Charging Cable,1,14.95,05/15/19 13:34,"412 Lakeview St, New York City, NY 10001"
201951,Apple Airpods Headphones,1,150,05/19/19 11:57,"286 Meadow St, San Francisco, CA 94016"
201952,Lightning Charging Cable,1,14.95,05/24/19 18:53,"857 Highland St, Boston, MA 02215"
201953,Apple Airpods Headphones,1,150,05/13/19 12:20,"865 Highland St, Boston, MA 02215"
201954,AAA Batteries (4-pack),2,2.99,05/17/19 21:27,"650 Maple St, New York City, NY 10001"
201955,Apple Airpods Headphones,1,150,05/13/19 10:09,"565 6th St, San Francisco, CA 94016"
201955,AA Batteries (4-pack),1,3.84,05/13/19 10:09,"565 6th St, San Francisco, CA 94016"
201956,27in 4K Gaming Monitor,1,389.99,05/11/19 18:54,"51 West St, Los Angeles, CA 90001"
201957,AAA Batteries (4-pack),3,2.99,05/24/19 16:49,"31 Main St, Austin, TX 73301"
201958,Wired Headphones,1,11.99,05/21/19 13:14,"128 Main St, Portland, OR 97035"
201959,AAA Batteries (4-pack),2,2.99,05/23/19 21:30,"373 Adams St, San Francisco, CA 94016"
201960,AA Batteries (4-pack),2,3.84,05/10/19 15:33,"143 Ridge St, Seattle, WA 98101"
201961,Apple Airpods Headphones,1,150,05/28/19 11:18,"753 Chestnut St, San Francisco, CA 94016"
201962,iPhone,1,700,05/20/19 17:00,"694 2nd St, New York City, NY 10001"
201962,Wired Headphones,1,11.99,05/20/19 17:00,"694 2nd St, New York City, NY 10001"
201963,AA Batteries (4-pack),1,3.84,05/21/19 09:34,"747 Washington St, San Francisco, CA 94016"
201964,Google Phone,1,600,05/17/19 23:02,"267 Maple St, Atlanta, GA 30301"
201965,iPhone,1,700,05/11/19 15:21,"380 South St, New York City, NY 10001"
201966,iPhone,1,700,05/25/19 17:40,"40 Dogwood St, San Francisco, CA 94016"
201967,USB-C Charging Cable,1,11.95,05/17/19 10:31,"697 Cherry St, San Francisco, CA 94016"
201968,Macbook Pro Laptop,1,1700,05/12/19 11:33,"578 Dogwood St, Portland, ME 04101"
201969,Lightning Charging Cable,1,14.95,05/04/19 19:03,"946 Wilson St, San Francisco, CA 94016"
201970,AA Batteries (4-pack),1,3.84,05/13/19 18:43,"848 Johnson St, Boston, MA 02215"
201971,AA Batteries (4-pack),1,3.84,05/10/19 12:37,"812 Park St, New York City, NY 10001"
201972,USB-C Charging Cable,1,11.95,05/26/19 14:24,"788 Maple St, Boston, MA 02215"
201973,27in 4K Gaming Monitor,1,389.99,05/26/19 18:56,"846 14th St, Seattle, WA 98101"
201974,ThinkPad Laptop,1,999.99,05/19/19 17:09,"86 6th St, Seattle, WA 98101"
201975,iPhone,1,700,05/12/19 23:15,"410 9th St, San Francisco, CA 94016"
201976,Lightning Charging Cable,1,14.95,05/25/19 23:08,"428 10th St, Boston, MA 02215"
201977,USB-C Charging Cable,1,11.95,05/14/19 21:11,"700 Center St, Dallas, TX 75001"
201978,USB-C Charging Cable,1,11.95,05/10/19 07:39,"839 Adams St, Dallas, TX 75001"
201979,AA Batteries (4-pack),1,3.84,05/08/19 19:04,"538 5th St, San Francisco, CA 94016"
201979,Wired Headphones,1,11.99,05/08/19 19:04,"538 5th St, San Francisco, CA 94016"
201980,Wired Headphones,1,11.99,05/19/19 16:51,"135 Lincoln St, Portland, OR 97035"
201981,Wired Headphones,1,11.99,05/22/19 14:11,"209 Park St, Atlanta, GA 30301"
201982,Wired Headphones,1,11.99,05/16/19 20:58,"504 Elm St, Dallas, TX 75001"
201983,AAA Batteries (4-pack),1,2.99,05/15/19 19:48,"734 Hickory St, New York City, NY 10001"
201984,Lightning Charging Cable,1,14.95,05/29/19 12:37,"85 Jefferson St, San Francisco, CA 94016"
201985,Apple Airpods Headphones,1,150,05/13/19 17:11,"811 Jackson St, Los Angeles, CA 90001"
201986,USB-C Charging Cable,2,11.95,05/19/19 11:07,"325 Forest St, Boston, MA 02215"
201987,Wired Headphones,1,11.99,05/28/19 21:07,"717 Jackson St, New York City, NY 10001"
201988,USB-C Charging Cable,1,11.95,05/07/19 09:51,"17 River St, New York City, NY 10001"
201989,Lightning Charging Cable,1,14.95,05/01/19 23:49,"693 Ridge St, Boston, MA 02215"
201990,USB-C Charging Cable,1,11.95,05/04/19 06:37,"791 10th St, Boston, MA 02215"
201991,AA Batteries (4-pack),1,3.84,05/20/19 11:28,"327 Jackson St, Seattle, WA 98101"
201992,Lightning Charging Cable,1,14.95,05/19/19 11:56,"912 Ridge St, San Francisco, CA 94016"
201993,Apple Airpods Headphones,1,150,05/06/19 12:22,"477 11th St, San Francisco, CA 94016"
201994,LG Dryer,1,600.0,05/12/19 17:37,"262 North St, New York City, NY 10001"
201995,AA Batteries (4-pack),1,3.84,05/25/19 17:43,"650 Jackson St, San Francisco, CA 94016"
201996,Apple Airpods Headphones,1,150,05/13/19 14:35,"114 Highland St, Austin, TX 73301"
201997,27in FHD Monitor,1,149.99,05/24/19 00:14,"97 Pine St, Dallas, TX 75001"
201998,27in FHD Monitor,1,149.99,05/01/19 18:41,"18 Wilson St, New York City, NY 10001"
201999,AAA Batteries (4-pack),4,2.99,05/26/19 20:35,"654 Adams St, Los Angeles, CA 90001"
202000,AAA Batteries (4-pack),2,2.99,05/17/19 10:24,"19 Church St, Los Angeles, CA 90001"
202001,Lightning Charging Cable,1,14.95,05/25/19 15:44,"54 North St, San Francisco, CA 94016"
202002,Google Phone,1,600,05/21/19 10:58,"288 14th St, Boston, MA 02215"
202003,iPhone,1,700,05/10/19 16:27,"815 Willow St, Atlanta, GA 30301"
202004,Wired Headphones,1,11.99,05/17/19 14:19,"507 Madison St, San Francisco, CA 94016"
202005,34in Ultrawide Monitor,1,379.99,05/19/19 23:27,"25 12th St, Boston, MA 02215"
202006,AAA Batteries (4-pack),2,2.99,05/10/19 14:26,"491 Center St, Austin, TX 73301"
202007,Lightning Charging Cable,1,14.95,05/31/19 21:17,"72 Cedar St, Los Angeles, CA 90001"
202008,USB-C Charging Cable,1,11.95,05/06/19 21:22,"540 Lincoln St, San Francisco, CA 94016"
202009,iPhone,1,700,05/10/19 23:53,"371 Elm St, Portland, ME 04101"
202010,AA Batteries (4-pack),1,3.84,05/20/19 16:06,"960 Church St, Seattle, WA 98101"
202011,Google Phone,1,600,05/15/19 12:53,"653 2nd St, Dallas, TX 75001"
202012,Lightning Charging Cable,1,14.95,05/09/19 11:13,"63 Lakeview St, Dallas, TX 75001"
202013,27in FHD Monitor,1,149.99,05/07/19 10:31,"503 Hill St, Boston, MA 02215"
202014,AA Batteries (4-pack),1,3.84,05/25/19 17:38,"256 Jackson St, Portland, ME 04101"
202015,AA Batteries (4-pack),1,3.84,05/01/19 11:05,"396 South St, Boston, MA 02215"
202016,Bose SoundSport Headphones,1,99.99,05/13/19 19:45,"759 12th St, Atlanta, GA 30301"
202016,iPhone,1,700,05/13/19 19:45,"759 12th St, Atlanta, GA 30301"
202017,Bose SoundSport Headphones,1,99.99,05/30/19 19:05,"270 Johnson St, New York City, NY 10001"
202018,AA Batteries (4-pack),1,3.84,05/17/19 12:38,"554 5th St, Seattle, WA 98101"
202019,Bose SoundSport Headphones,1,99.99,05/27/19 10:39,"978 Lake St, Atlanta, GA 30301"
202020,AAA Batteries (4-pack),1,2.99,05/29/19 05:39,"218 Meadow St, San Francisco, CA 94016"
202021,Bose SoundSport Headphones,1,99.99,05/31/19 18:29,"811 West St, San Francisco, CA 94016"
202022,AAA Batteries (4-pack),1,2.99,05/03/19 22:54,"324 Hill St, Dallas, TX 75001"
202023,Wired Headphones,2,11.99,05/30/19 14:22,"524 Hickory St, New York City, NY 10001"
202024,Bose SoundSport Headphones,1,99.99,05/28/19 11:58,"492 Cherry St, Boston, MA 02215"
202025,USB-C Charging Cable,1,11.95,05/05/19 20:03,"974 Jefferson St, San Francisco, CA 94016"
202026,Macbook Pro Laptop,1,1700,05/12/19 14:05,"219 Highland St, Boston, MA 02215"
202027,iPhone,1,700,05/10/19 15:14,"523 8th St, New York City, NY 10001"
202028,Wired Headphones,1,11.99,05/17/19 17:51,"167 Adams St, San Francisco, CA 94016"
202029,Flatscreen TV,1,300,05/29/19 08:09,"229 Hill St, Los Angeles, CA 90001"
202030,Apple Airpods Headphones,1,150,05/20/19 12:22,"41 7th St, Atlanta, GA 30301"
202031,Apple Airpods Headphones,1,150,05/20/19 11:58,"868 Lakeview St, Portland, OR 97035"
202032,20in Monitor,1,109.99,05/23/19 17:36,"805 Hickory St, Boston, MA 02215"
202033,Wired Headphones,1,11.99,05/29/19 19:45,"64 Washington St, Dallas, TX 75001"
202034,AA Batteries (4-pack),2,3.84,05/15/19 14:46,"647 14th St, San Francisco, CA 94016"
202035,27in FHD Monitor,1,149.99,05/09/19 17:34,"195 Adams St, San Francisco, CA 94016"
202036,27in FHD Monitor,1,149.99,05/18/19 23:00,"232 14th St, Dallas, TX 75001"
202037,27in 4K Gaming Monitor,1,389.99,05/13/19 22:49,"413 Spruce St, Los Angeles, CA 90001"
202038,USB-C Charging Cable,1,11.95,05/23/19 14:13,"575 Forest St, Boston, MA 02215"
202039,Apple Airpods Headphones,1,150,05/29/19 10:51,"585 Maple St, San Francisco, CA 94016"
202040,AA Batteries (4-pack),2,3.84,05/08/19 20:36,"965 Wilson St, Atlanta, GA 30301"
202041,Lightning Charging Cable,1,14.95,05/22/19 17:13,"213 Cedar St, Austin, TX 73301"
202042,AAA Batteries (4-pack),1,2.99,05/07/19 20:18,"524 9th St, Boston, MA 02215"
202043,AA Batteries (4-pack),1,3.84,05/05/19 11:47,"152 Maple St, Austin, TX 73301"
202044,Lightning Charging Cable,1,14.95,05/11/19 09:15,"11 Park St, Austin, TX 73301"
202045,AAA Batteries (4-pack),1,2.99,05/04/19 20:31,"720 Elm St, Seattle, WA 98101"
202046,Lightning Charging Cable,1,14.95,05/15/19 11:23,"400 Chestnut St, Seattle, WA 98101"
202047,Macbook Pro Laptop,1,1700,05/31/19 20:03,"123 14th St, San Francisco, CA 94016"
202048,34in Ultrawide Monitor,1,379.99,05/15/19 14:13,"653 Adams St, San Francisco, CA 94016"
202049,iPhone,1,700,05/24/19 23:33,"512 River St, Atlanta, GA 30301"
202050,ThinkPad Laptop,1,999.99,05/31/19 07:25,"361 Park St, New York City, NY 10001"
202051,Wired Headphones,1,11.99,05/14/19 20:14,"427 Jefferson St, Seattle, WA 98101"
202052,Apple Airpods Headphones,1,150,05/30/19 19:52,"557 2nd St, Boston, MA 02215"
202053,Wired Headphones,1,11.99,05/28/19 11:53,"714 Hickory St, Atlanta, GA 30301"
202054,AA Batteries (4-pack),3,3.84,05/24/19 17:13,"144 Park St, Seattle, WA 98101"
202055,Flatscreen TV,1,300,05/31/19 09:44,"461 Washington St, San Francisco, CA 94016"
202056,Wired Headphones,1,11.99,05/15/19 14:58,"296 River St, Atlanta, GA 30301"
202057,34in Ultrawide Monitor,1,379.99,05/26/19 19:57,"953 Wilson St, New York City, NY 10001"
202058,Bose SoundSport Headphones,1,99.99,05/21/19 18:26,"870 Jefferson St, Los Angeles, CA 90001"
202059,AAA Batteries (4-pack),1,2.99,05/12/19 15:50,"66 River St, Portland, OR 97035"
202060,27in 4K Gaming Monitor,1,389.99,05/04/19 14:33,"253 Lincoln St, Los Angeles, CA 90001"
202061,LG Dryer,1,600.0,05/15/19 20:47,"534 11th St, San Francisco, CA 94016"
202062,AA Batteries (4-pack),1,3.84,05/09/19 17:04,"893 14th St, Boston, MA 02215"
202063,27in 4K Gaming Monitor,1,389.99,05/20/19 11:52,"127 Meadow St, Seattle, WA 98101"
202064,USB-C Charging Cable,1,11.95,05/10/19 04:50,"163 Hickory St, Dallas, TX 75001"
202065,AA Batteries (4-pack),1,3.84,05/26/19 08:01,"872 Hill St, Atlanta, GA 30301"
202066,AA Batteries (4-pack),1,3.84,05/16/19 01:37,"382 12th St, Portland, OR 97035"
202066,iPhone,1,700,05/16/19 01:37,"382 12th St, Portland, OR 97035"
202067,AAA Batteries (4-pack),1,2.99,05/02/19 22:17,"609 Dogwood St, New York City, NY 10001"
202068,Google Phone,1,600,05/24/19 19:45,"628 Cherry St, Los Angeles, CA 90001"
202069,AA Batteries (4-pack),2,3.84,05/21/19 12:42,"475 4th St, San Francisco, CA 94016"
202070,Wired Headphones,1,11.99,05/04/19 11:51,"958 Park St, New York City, NY 10001"
202071,Apple Airpods Headphones,1,150,05/19/19 18:30,"993 Park St, Los Angeles, CA 90001"
202072,AA Batteries (4-pack),2,3.84,05/09/19 23:22,"125 Madison St, Dallas, TX 75001"
202073,iPhone,1,700,05/27/19 19:38,"491 13th St, Austin, TX 73301"
202074,ThinkPad Laptop,1,999.99,05/29/19 12:04,"477 Hill St, Seattle, WA 98101"
202075,Bose SoundSport Headphones,1,99.99,05/11/19 23:57,"641 Church St, Austin, TX 73301"
202076,Lightning Charging Cable,1,14.95,05/01/19 05:25,"44 2nd St, Portland, ME 04101"
202077,AAA Batteries (4-pack),1,2.99,05/13/19 19:58,"497 Jefferson St, Portland, OR 97035"
202078,Bose SoundSport Headphones,1,99.99,05/23/19 08:30,"423 Johnson St, Seattle, WA 98101"
202079,Wired Headphones,1,11.99,05/08/19 10:40,"782 Pine St, Boston, MA 02215"
202080,Wired Headphones,1,11.99,05/08/19 09:04,"364 Lake St, San Francisco, CA 94016"
202081,Wired Headphones,1,11.99,05/28/19 13:43,"334 5th St, New York City, NY 10001"
202082,27in 4K Gaming Monitor,1,389.99,05/01/19 23:12,"566 Spruce St, New York City, NY 10001"
202083,AA Batteries (4-pack),1,3.84,05/05/19 12:20,"769 River St, New York City, NY 10001"
202084,27in FHD Monitor,1,149.99,05/25/19 18:26,"119 Johnson St, Boston, MA 02215"
202085,USB-C Charging Cable,1,11.95,05/16/19 16:05,"189 Center St, Atlanta, GA 30301"
202086,Apple Airpods Headphones,1,150,05/17/19 08:00,"222 Elm St, Atlanta, GA 30301"
202087,USB-C Charging Cable,1,11.95,05/04/19 23:19,"3 Maple St, New York City, NY 10001"
202088,AA Batteries (4-pack),1,3.84,05/17/19 17:09,"395 1st St, Atlanta, GA 30301"
202089,Wired Headphones,1,11.99,05/22/19 13:24,"549 Spruce St, New York City, NY 10001"
202090,Bose SoundSport Headphones,1,99.99,05/27/19 15:44,"693 Madison St, Boston, MA 02215"
202091,Wired Headphones,1,11.99,05/25/19 06:27,"152 Church St, Boston, MA 02215"
202092,27in FHD Monitor,1,149.99,05/14/19 21:34,"707 North St, San Francisco, CA 94016"
202093,USB-C Charging Cable,1,11.95,05/10/19 13:42,"968 Jefferson St, Los Angeles, CA 90001"
202094,Wired Headphones,1,11.99,05/16/19 19:03,"684 River St, Los Angeles, CA 90001"
202095,Google Phone,1,600,05/15/19 17:17,"757 Main St, Los Angeles, CA 90001"
202096,Lightning Charging Cable,1,14.95,05/18/19 09:34,"974 Forest St, Los Angeles, CA 90001"
202097,Wired Headphones,1,11.99,05/11/19 05:48,"398 Madison St, San Francisco, CA 94016"
202097,AA Batteries (4-pack),2,3.84,05/11/19 05:48,"398 Madison St, San Francisco, CA 94016"
202098,iPhone,1,700,05/10/19 17:10,"908 Madison St, Seattle, WA 98101"
202099,34in Ultrawide Monitor,1,379.99,05/01/19 10:57,"467 Church St, Seattle, WA 98101"
202100,USB-C Charging Cable,1,11.95,05/21/19 18:06,"476 5th St, Seattle, WA 98101"
202101,AAA Batteries (4-pack),1,2.99,05/14/19 12:23,"283 Center St, Atlanta, GA 30301"
202102,AA Batteries (4-pack),1,3.84,05/19/19 23:02,"846 North St, Los Angeles, CA 90001"
202103,Apple Airpods Headphones,1,150,05/31/19 06:51,"339 Pine St, San Francisco, CA 94016"
202104,USB-C Charging Cable,1,11.95,05/29/19 13:47,"728 Pine St, New York City, NY 10001"
202105,Google Phone,1,600,05/02/19 14:56,"281 Cherry St, Atlanta, GA 30301"
202106,Bose SoundSport Headphones,1,99.99,05/18/19 11:04,"506 River St, Dallas, TX 75001"
202107,34in Ultrawide Monitor,1,379.99,05/08/19 20:31,"426 Highland St, New York City, NY 10001"
202108,Vareebadd Phone,1,400,05/29/19 16:55,"803 11th St, New York City, NY 10001"
202109,27in FHD Monitor,1,149.99,05/26/19 12:22,"917 River St, San Francisco, CA 94016"
202110,Lightning Charging Cable,1,14.95,05/10/19 20:55,"805 Ridge St, New York City, NY 10001"
202111,AA Batteries (4-pack),1,3.84,05/27/19 12:44,"251 13th St, Los Angeles, CA 90001"
202112,34in Ultrawide Monitor,1,379.99,05/04/19 09:14,"564 10th St, Dallas, TX 75001"
202113,AAA Batteries (4-pack),2,2.99,05/02/19 08:37,"760 6th St, New York City, NY 10001"
202114,Wired Headphones,1,11.99,05/08/19 19:54,"278 Chestnut St, Portland, OR 97035"
202115,Bose SoundSport Headphones,1,99.99,05/08/19 12:02,"485 Cherry St, New York City, NY 10001"
202116,AA Batteries (4-pack),1,3.84,05/21/19 12:51,"428 11th St, New York City, NY 10001"
202117,27in 4K Gaming Monitor,1,389.99,05/06/19 17:46,"730 14th St, San Francisco, CA 94016"
202118,Lightning Charging Cable,1,14.95,05/05/19 12:29,"850 West St, New York City, NY 10001"
202118,ThinkPad Laptop,1,999.99,05/05/19 12:29,"850 West St, New York City, NY 10001"
202119,AAA Batteries (4-pack),1,2.99,05/28/19 09:40,"270 Sunset St, Dallas, TX 75001"
202120,Wired Headphones,2,11.99,05/15/19 20:04,"79 Jackson St, Los Angeles, CA 90001"
202121,AAA Batteries (4-pack),1,2.99,05/28/19 13:34,"235 Ridge St, Atlanta, GA 30301"
202122,AAA Batteries (4-pack),2,2.99,05/04/19 22:52,"215 Chestnut St, New York City, NY 10001"
202123,Apple Airpods Headphones,1,150,05/13/19 11:59,"471 Walnut St, New York City, NY 10001"
202124,Wired Headphones,1,11.99,05/02/19 13:54,"669 Lake St, Dallas, TX 75001"
202125,Lightning Charging Cable,1,14.95,05/20/19 14:40,"283 Lakeview St, Seattle, WA 98101"
202126,Apple Airpods Headphones,1,150,05/16/19 08:15,"963 9th St, Austin, TX 73301"
202126,Wired Headphones,1,11.99,05/16/19 08:15,"963 9th St, Austin, TX 73301"
202127,AA Batteries (4-pack),2,3.84,05/27/19 15:41,"963 Willow St, New York City, NY 10001"
202128,Lightning Charging Cable,1,14.95,05/11/19 08:56,"329 Ridge St, Boston, MA 02215"
202129,Lightning Charging Cable,1,14.95,05/22/19 20:02,"633 Forest St, San Francisco, CA 94016"
202130,Flatscreen TV,1,300,05/16/19 11:47,"850 Jackson St, New York City, NY 10001"
202131,20in Monitor,1,109.99,05/04/19 17:05,"655 Highland St, Los Angeles, CA 90001"
202132,20in Monitor,1,109.99,05/19/19 07:45,"712 North St, Atlanta, GA 30301"
202133,20in Monitor,1,109.99,05/11/19 20:28,"524 Wilson St, Atlanta, GA 30301"
202134,Vareebadd Phone,1,400,05/19/19 19:16,"702 Highland St, San Francisco, CA 94016"
202135,Apple Airpods Headphones,1,150,05/25/19 15:01,"771 5th St, Los Angeles, CA 90001"
202136,LG Washing Machine,1,600.0,05/01/19 19:25,"850 12th St, Boston, MA 02215"
202137,AAA Batteries (4-pack),2,2.99,05/19/19 03:26,"381 12th St, San Francisco, CA 94016"
202138,Apple Airpods Headphones,1,150,05/17/19 21:32,"340 5th St, Los Angeles, CA 90001"
202138,AAA Batteries (4-pack),1,2.99,05/17/19 21:32,"340 5th St, Los Angeles, CA 90001"
202139,Bose SoundSport Headphones,1,99.99,05/18/19 11:43,"518 Jefferson St, Seattle, WA 98101"
202140,Wired Headphones,1,11.99,05/07/19 18:08,"709 11th St, Dallas, TX 75001"
202141,AA Batteries (4-pack),1,3.84,05/13/19 12:08,"670 12th St, San Francisco, CA 94016"
202142,27in FHD Monitor,1,149.99,05/11/19 12:39,"954 North St, Boston, MA 02215"
202143,Wired Headphones,1,11.99,05/14/19 10:50,"10 13th St, San Francisco, CA 94016"
202144,iPhone,1,700,05/22/19 13:13,"162 Pine St, Boston, MA 02215"
202144,Wired Headphones,1,11.99,05/22/19 13:13,"162 Pine St, Boston, MA 02215"
202145,USB-C Charging Cable,1,11.95,05/22/19 19:53,"938 Chestnut St, Los Angeles, CA 90001"
202146,USB-C Charging Cable,2,11.95,05/30/19 07:59,"849 West St, Los Angeles, CA 90001"
202147,Wired Headphones,1,11.99,05/29/19 18:22,"656 Maple St, New York City, NY 10001"
202148,27in 4K Gaming Monitor,1,389.99,05/30/19 07:17,"446 Meadow St, Boston, MA 02215"
202149,iPhone,1,700,05/19/19 19:29,"798 13th St, San Francisco, CA 94016"
202150,Lightning Charging Cable,1,14.95,05/17/19 16:54,"886 5th St, Atlanta, GA 30301"
202151,Lightning Charging Cable,1,14.95,05/05/19 16:44,"730 Forest St, Los Angeles, CA 90001"
202152,27in 4K Gaming Monitor,1,389.99,05/20/19 19:22,"811 9th St, Dallas, TX 75001"
202153,AAA Batteries (4-pack),1,2.99,05/12/19 22:05,"502 Lakeview St, Atlanta, GA 30301"
202154,27in FHD Monitor,1,149.99,05/24/19 11:21,"994 Adams St, San Francisco, CA 94016"
202155,34in Ultrawide Monitor,1,379.99,05/18/19 21:42,"400 10th St, Boston, MA 02215"
202156,Bose SoundSport Headphones,1,99.99,05/07/19 09:38,"471 5th St, Los Angeles, CA 90001"
202157,AA Batteries (4-pack),2,3.84,05/04/19 18:43,"750 Main St, San Francisco, CA 94016"
202158,AAA Batteries (4-pack),1,2.99,05/25/19 12:02,"80 4th St, Dallas, TX 75001"
202159,27in FHD Monitor,1,149.99,05/12/19 19:13,"482 Hill St, Atlanta, GA 30301"
202160,27in FHD Monitor,1,149.99,05/07/19 20:14,"447 6th St, San Francisco, CA 94016"
202161,34in Ultrawide Monitor,1,379.99,05/19/19 16:52,"539 Center St, New York City, NY 10001"
202162,USB-C Charging Cable,1,11.95,05/28/19 16:50,"612 Chestnut St, New York City, NY 10001"
202163,AA Batteries (4-pack),1,3.84,05/06/19 20:40,"987 Cedar St, Portland, OR 97035"
202164,34in Ultrawide Monitor,1,379.99,05/29/19 14:05,"203 River St, Portland, OR 97035"
202165,27in FHD Monitor,1,149.99,05/25/19 02:36,"461 West St, San Francisco, CA 94016"
202166,USB-C Charging Cable,1,11.95,05/29/19 14:31,"124 5th St, Dallas, TX 75001"
202167,USB-C Charging Cable,1,11.95,05/26/19 08:44,"848 12th St, Portland, OR 97035"
202168,Macbook Pro Laptop,1,1700,05/10/19 16:41,"635 Maple St, San Francisco, CA 94016"
202169,Google Phone,1,600,05/03/19 18:07,"271 Cedar St, San Francisco, CA 94016"
202170,AA Batteries (4-pack),3,3.84,05/30/19 19:44,"509 Cherry St, Boston, MA 02215"
202171,Lightning Charging Cable,2,14.95,05/08/19 10:28,"190 Hill St, San Francisco, CA 94016"
202172,AAA Batteries (4-pack),2,2.99,05/20/19 21:24,"71 Hill St, Portland, OR 97035"
202173,AA Batteries (4-pack),1,3.84,05/14/19 12:02,"177 Chestnut St, San Francisco, CA 94016"
202174,Lightning Charging Cable,1,14.95,05/27/19 21:05,"273 North St, Dallas, TX 75001"
202175,Lightning Charging Cable,1,14.95,05/07/19 19:26,"320 Ridge St, San Francisco, CA 94016"
202176,Lightning Charging Cable,1,14.95,05/17/19 22:04,"244 Park St, New York City, NY 10001"
202177,Apple Airpods Headphones,1,150,05/15/19 14:38,"651 Hill St, Austin, TX 73301"
202178,USB-C Charging Cable,2,11.95,05/21/19 22:20,"802 Center St, New York City, NY 10001"
202179,AAA Batteries (4-pack),1,2.99,05/10/19 20:43,"670 Chestnut St, Atlanta, GA 30301"
202180,AA Batteries (4-pack),2,3.84,05/06/19 16:24,"234 12th St, Los Angeles, CA 90001"
202181,AAA Batteries (4-pack),1,2.99,05/23/19 10:18,"936 Ridge St, New York City, NY 10001"
202182,Apple Airpods Headphones,1,150,05/18/19 19:43,"255 Adams St, Austin, TX 73301"
202183,Bose SoundSport Headphones,1,99.99,05/16/19 11:59,"47 Jackson St, Austin, TX 73301"
202184,AAA Batteries (4-pack),1,2.99,05/30/19 09:33,"351 11th St, New York City, NY 10001"
202185,AAA Batteries (4-pack),2,2.99,05/06/19 09:55,"575 Lincoln St, San Francisco, CA 94016"
202186,Bose SoundSport Headphones,1,99.99,05/16/19 07:09,"296 1st St, Los Angeles, CA 90001"
202186,Bose SoundSport Headphones,1,99.99,05/16/19 07:09,"296 1st St, Los Angeles, CA 90001"
202187,Bose SoundSport Headphones,1,99.99,05/03/19 21:55,"173 13th St, Dallas, TX 75001"
202188,Google Phone,1,600,05/08/19 16:20,"449 9th St, San Francisco, CA 94016"
202189,Wired Headphones,1,11.99,05/31/19 18:42,"103 Forest St, San Francisco, CA 94016"
202189,USB-C Charging Cable,1,11.95,05/31/19 18:42,"103 Forest St, San Francisco, CA 94016"
202190,Wired Headphones,1,11.99,05/06/19 13:55,"415 1st St, San Francisco, CA 94016"
202191,Google Phone,1,600,05/04/19 11:05,"721 Hickory St, Austin, TX 73301"
202192,27in 4K Gaming Monitor,1,389.99,05/31/19 12:00,"436 11th St, San Francisco, CA 94016"
202193,Apple Airpods Headphones,1,150,05/24/19 18:50,"832 11th St, San Francisco, CA 94016"
202194,Lightning Charging Cable,1,14.95,05/03/19 13:04,"902 4th St, San Francisco, CA 94016"
202195,Wired Headphones,1,11.99,05/07/19 15:43,"554 Lake St, Austin, TX 73301"
202196,AA Batteries (4-pack),1,3.84,05/31/19 10:58,"175 Main St, Seattle, WA 98101"
202197,Wired Headphones,1,11.99,05/13/19 02:23,"899 Cherry St, San Francisco, CA 94016"
202198,Wired Headphones,1,11.99,05/02/19 17:08,"390 10th St, Boston, MA 02215"
202199,Lightning Charging Cable,1,14.95,05/16/19 14:02,"301 West St, Atlanta, GA 30301"
202200,Lightning Charging Cable,1,14.95,05/18/19 15:47,"52 2nd St, Los Angeles, CA 90001"
202201,Lightning Charging Cable,2,14.95,05/25/19 22:58,"744 Lincoln St, Atlanta, GA 30301"
202202,34in Ultrawide Monitor,1,379.99,05/16/19 23:07,"598 Willow St, Los Angeles, CA 90001"
202203,AAA Batteries (4-pack),1,2.99,05/28/19 19:27,"374 9th St, Austin, TX 73301"
202204,AAA Batteries (4-pack),1,2.99,05/17/19 16:16,"148 6th St, New York City, NY 10001"
202205,27in FHD Monitor,1,149.99,05/28/19 12:32,"746 Jefferson St, Dallas, TX 75001"
202206,Lightning Charging Cable,1,14.95,05/23/19 09:57,"968 Park St, Dallas, TX 75001"
202207,Macbook Pro Laptop,1,1700,05/10/19 20:35,"180 Johnson St, Los Angeles, CA 90001"
202208,USB-C Charging Cable,1,11.95,05/12/19 16:26,"23 Cherry St, New York City, NY 10001"
202209,Bose SoundSport Headphones,1,99.99,05/31/19 20:20,"589 Highland St, Los Angeles, CA 90001"
202210,Flatscreen TV,1,300,05/19/19 19:38,"460 South St, New York City, NY 10001"
202211,Apple Airpods Headphones,1,150,05/20/19 14:52,"95 Center St, Los Angeles, CA 90001"
202212,Macbook Pro Laptop,1,1700,05/25/19 13:19,"10 1st St, San Francisco, CA 94016"
202212,Macbook Pro Laptop,1,1700,05/25/19 13:19,"10 1st St, San Francisco, CA 94016"
202213,iPhone,1,700,05/31/19 15:47,"193 Ridge St, San Francisco, CA 94016"
202214,Lightning Charging Cable,1,14.95,05/11/19 20:39,"750 Hickory St, Dallas, TX 75001"
202215,AA Batteries (4-pack),1,3.84,05/26/19 21:48,"346 Forest St, Los Angeles, CA 90001"
202216,Wired Headphones,1,11.99,05/09/19 20:12,"793 11th St, Los Angeles, CA 90001"
202217,Lightning Charging Cable,1,14.95,05/02/19 22:19,"852 Adams St, Dallas, TX 75001"
202218,Wired Headphones,1,11.99,05/30/19 21:18,"278 2nd St, San Francisco, CA 94016"
202219,Apple Airpods Headphones,1,150,05/26/19 10:53,"312 12th St, Seattle, WA 98101"
202220,Wired Headphones,1,11.99,05/12/19 12:41,"797 Forest St, Los Angeles, CA 90001"
202221,Bose SoundSport Headphones,1,99.99,05/21/19 22:44,"558 Meadow St, Atlanta, GA 30301"
202222,Bose SoundSport Headphones,1,99.99,05/08/19 17:04,"332 5th St, Atlanta, GA 30301"
202223,Bose SoundSport Headphones,1,99.99,05/29/19 11:25,"111 Highland St, Dallas, TX 75001"
202224,Lightning Charging Cable,1,14.95,05/19/19 21:45,"617 1st St, New York City, NY 10001"
202225,Apple Airpods Headphones,1,150,05/05/19 16:12,"92 Center St, San Francisco, CA 94016"
202226,34in Ultrawide Monitor,1,379.99,05/12/19 21:05,"250 6th St, Boston, MA 02215"
202227,USB-C Charging Cable,1,11.95,05/28/19 17:34,"767 Washington St, New York City, NY 10001"
202228,AAA Batteries (4-pack),1,2.99,05/07/19 01:12,"214 14th St, San Francisco, CA 94016"
202229,AA Batteries (4-pack),1,3.84,05/13/19 16:16,"10 Dogwood St, Seattle, WA 98101"
202230,27in FHD Monitor,1,149.99,05/17/19 04:17,"885 West St, Los Angeles, CA 90001"
202231,AAA Batteries (4-pack),2,2.99,05/07/19 10:34,"568 9th St, Seattle, WA 98101"
202232,USB-C Charging Cable,1,11.95,05/30/19 21:36,"759 Church St, San Francisco, CA 94016"
202233,Google Phone,1,600,05/25/19 16:08,"536 Willow St, Portland, OR 97035"
202234,Apple Airpods Headphones,1,150,05/06/19 14:57,"17 Lake St, Atlanta, GA 30301"
,,,,,
202235,iPhone,1,700,05/28/19 13:28,"679 Hickory St, Portland, OR 97035"
202236,Wired Headphones,1,11.99,05/13/19 16:21,"883 Ridge St, San Francisco, CA 94016"
202236,USB-C Charging Cable,1,11.95,05/13/19 16:21,"883 Ridge St, San Francisco, CA 94016"
202237,Flatscreen TV,1,300,05/14/19 08:54,"447 14th St, Los Angeles, CA 90001"
202238,Lightning Charging Cable,1,14.95,05/08/19 14:45,"648 Highland St, San Francisco, CA 94016"
202239,Bose SoundSport Headphones,1,99.99,05/22/19 19:44,"113 South St, Los Angeles, CA 90001"
202240,34in Ultrawide Monitor,1,379.99,05/22/19 16:24,"2 Lake St, Atlanta, GA 30301"
202241,27in 4K Gaming Monitor,1,389.99,05/24/19 20:09,"373 Hill St, Los Angeles, CA 90001"
202242,LG Washing Machine,1,600.0,05/22/19 09:37,"31 Willow St, Dallas, TX 75001"
202243,AA Batteries (4-pack),1,3.84,05/03/19 21:54,"122 West St, New York City, NY 10001"
202244,Bose SoundSport Headphones,1,99.99,05/30/19 11:13,"521 1st St, Atlanta, GA 30301"
202245,iPhone,1,700,05/15/19 15:13,"237 Pine St, Dallas, TX 75001"
202245,Apple Airpods Headphones,1,150,05/15/19 15:13,"237 Pine St, Dallas, TX 75001"
202246,Apple Airpods Headphones,1,150,05/02/19 21:13,"916 Chestnut St, Seattle, WA 98101"
202247,Apple Airpods Headphones,1,150,05/13/19 19:48,"386 Pine St, Atlanta, GA 30301"
202248,Apple Airpods Headphones,1,150,05/13/19 18:43,"58 Spruce St, Los Angeles, CA 90001"
202249,34in Ultrawide Monitor,1,379.99,05/07/19 14:21,"870 Sunset St, Boston, MA 02215"
202250,Bose SoundSport Headphones,1,99.99,05/19/19 20:11,"599 Forest St, Boston, MA 02215"
202251,AA Batteries (4-pack),2,3.84,05/27/19 00:57,"544 Pine St, San Francisco, CA 94016"
202252,Wired Headphones,1,11.99,05/09/19 17:03,"441 Sunset St, Dallas, TX 75001"
202253,LG Dryer,1,600.0,05/23/19 10:47,"392 Chestnut St, Seattle, WA 98101"
202254,Lightning Charging Cable,1,14.95,05/12/19 02:37,"163 Wilson St, Los Angeles, CA 90001"
202255,AAA Batteries (4-pack),2,2.99,05/31/19 10:24,"690 10th St, San Francisco, CA 94016"
202256,Apple Airpods Headphones,1,150,05/08/19 20:18,"843 12th St, Atlanta, GA 30301"
202257,AA Batteries (4-pack),1,3.84,05/14/19 09:10,"40 Jefferson St, San Francisco, CA 94016"
202258,Lightning Charging Cable,1,14.95,05/17/19 19:13,"810 Meadow St, Austin, TX 73301"
202259,USB-C Charging Cable,1,11.95,05/08/19 08:00,"922 Jackson St, Dallas, TX 75001"
202260,34in Ultrawide Monitor,1,379.99,05/01/19 08:10,"93 Highland St, Dallas, TX 75001"
202261,AA Batteries (4-pack),2,3.84,05/06/19 19:00,"618 Center St, Atlanta, GA 30301"
202262,Lightning Charging Cable,1,14.95,05/18/19 06:02,"815 Lakeview St, Los Angeles, CA 90001"
202262,34in Ultrawide Monitor,1,379.99,05/18/19 06:02,"815 Lakeview St, Los Angeles, CA 90001"
202263,34in Ultrawide Monitor,1,379.99,05/15/19 17:46,"228 Dogwood St, Portland, ME 04101"
202264,Wired Headphones,1,11.99,05/12/19 11:47,"290 Wilson St, Atlanta, GA 30301"
202265,Apple Airpods Headphones,1,150,05/06/19 00:56,"710 Maple St, Boston, MA 02215"
202266,27in FHD Monitor,1,149.99,05/18/19 15:41,"234 Walnut St, New York City, NY 10001"
202267,ThinkPad Laptop,1,999.99,05/08/19 20:33,"720 Cedar St, Seattle, WA 98101"
202268,Wired Headphones,1,11.99,05/08/19 11:16,"691 Lincoln St, San Francisco, CA 94016"
202269,Lightning Charging Cable,1,14.95,05/04/19 17:15,"990 10th St, Los Angeles, CA 90001"
202270,Wired Headphones,1,11.99,05/29/19 16:13,"551 11th St, New York City, NY 10001"
202271,Wired Headphones,2,11.99,05/01/19 07:56,"150 Forest St, Dallas, TX 75001"
202271,Wired Headphones,1,11.99,05/01/19 07:56,"150 Forest St, Dallas, TX 75001"
202272,AA Batteries (4-pack),1,3.84,05/07/19 23:41,"334 South St, Portland, OR 97035"
202273,Flatscreen TV,1,300,05/30/19 19:22,"200 Lake St, Seattle, WA 98101"
202274,USB-C Charging Cable,1,11.95,05/26/19 11:36,"892 Elm St, Boston, MA 02215"
202275,Lightning Charging Cable,1,14.95,05/03/19 11:33,"994 Forest St, Austin, TX 73301"
202276,iPhone,1,700,05/05/19 19:43,"135 Pine St, San Francisco, CA 94016"
202277,USB-C Charging Cable,1,11.95,05/10/19 23:59,"913 Chestnut St, San Francisco, CA 94016"
202278,Lightning Charging Cable,1,14.95,05/27/19 08:01,"367 Pine St, Portland, OR 97035"
202279,Apple Airpods Headphones,1,150,05/02/19 16:27,"953 Walnut St, Boston, MA 02215"
202280,20in Monitor,1,109.99,05/28/19 10:59,"812 South St, New York City, NY 10001"
202281,Lightning Charging Cable,1,14.95,05/14/19 17:57,"120 12th St, Atlanta, GA 30301"
202282,Apple Airpods Headphones,1,150,05/28/19 13:48,"258 Spruce St, Portland, ME 04101"
202283,34in Ultrawide Monitor,1,379.99,05/11/19 18:49,"968 Elm St, Los Angeles, CA 90001"
202284,Apple Airpods Headphones,1,150,05/29/19 20:19,"58 Hickory St, San Francisco, CA 94016"
202285,20in Monitor,1,109.99,05/10/19 18:45,"21 Sunset St, New York City, NY 10001"
202286,USB-C Charging Cable,1,11.95,05/13/19 01:21,"561 Cherry St, Austin, TX 73301"
202287,34in Ultrawide Monitor,1,379.99,05/22/19 08:23,"442 Elm St, Seattle, WA 98101"
202288,iPhone,1,700,05/14/19 19:24,"506 Adams St, Boston, MA 02215"
202289,Apple Airpods Headphones,1,150,05/16/19 10:54,"359 Wilson St, Los Angeles, CA 90001"
202290,AA Batteries (4-pack),1,3.84,05/11/19 20:49,"779 Forest St, Austin, TX 73301"
202291,27in FHD Monitor,1,149.99,05/12/19 22:04,"210 1st St, San Francisco, CA 94016"
202292,Lightning Charging Cable,1,14.95,05/16/19 21:02,"17 Hickory St, San Francisco, CA 94016"
202293,iPhone,1,700,05/26/19 19:34,"344 2nd St, Los Angeles, CA 90001"
202294,AA Batteries (4-pack),1,3.84,05/10/19 10:46,"326 Main St, Los Angeles, CA 90001"
202295,AA Batteries (4-pack),1,3.84,05/18/19 15:30,"632 Spruce St, New York City, NY 10001"
202296,Apple Airpods Headphones,1,150,05/04/19 11:01,"346 5th St, Portland, ME 04101"
202297,AAA Batteries (4-pack),2,2.99,05/25/19 10:15,"203 12th St, New York City, NY 10001"
202298,Wired Headphones,1,11.99,05/12/19 22:01,"980 10th St, Los Angeles, CA 90001"
202299,34in Ultrawide Monitor,1,379.99,05/17/19 18:14,"644 Lincoln St, Dallas, TX 75001"
202300,USB-C Charging Cable,1,11.95,05/29/19 16:38,"495 7th St, Seattle, WA 98101"
202301,Apple Airpods Headphones,1,150,05/08/19 21:59,"420 Wilson St, San Francisco, CA 94016"
202302,AAA Batteries (4-pack),1,2.99,05/23/19 21:44,"329 Washington St, Seattle, WA 98101"
202303,Bose SoundSport Headphones,1,99.99,05/15/19 18:14,"334 12th St, Austin, TX 73301"
202304,Lightning Charging Cable,1,14.95,05/09/19 14:09,"290 Maple St, Los Angeles, CA 90001"
202305,AAA Batteries (4-pack),2,2.99,05/18/19 11:58,"614 West St, Portland, ME 04101"
202306,Bose SoundSport Headphones,1,99.99,05/20/19 19:54,"470 Main St, San Francisco, CA 94016"
202307,AA Batteries (4-pack),1,3.84,05/28/19 13:01,"558 Meadow St, New York City, NY 10001"
202308,Wired Headphones,1,11.99,05/24/19 09:36,"226 Jackson St, Los Angeles, CA 90001"
202309,Lightning Charging Cable,1,14.95,05/08/19 19:32,"121 Cedar St, San Francisco, CA 94016"
202310,Wired Headphones,2,11.99,05/20/19 20:11,"820 North St, New York City, NY 10001"
202311,AA Batteries (4-pack),2,3.84,05/22/19 08:07,"581 North St, Portland, OR 97035"
202312,Bose SoundSport Headphones,1,99.99,05/16/19 12:57,"36 Willow St, San Francisco, CA 94016"
202313,Macbook Pro Laptop,1,1700,05/01/19 11:48,"443 Cedar St, Los Angeles, CA 90001"
202314,iPhone,1,700,05/27/19 23:14,"979 Wilson St, Dallas, TX 75001"
202315,iPhone,1,700,05/02/19 17:14,"334 Johnson St, Portland, ME 04101"
202315,Lightning Charging Cable,1,14.95,05/02/19 17:14,"334 Johnson St, Portland, ME 04101"
202315,Apple Airpods Headphones,1,150,05/02/19 17:14,"334 Johnson St, Portland, ME 04101"
202316,Wired Headphones,1,11.99,05/17/19 09:21,"62 Sunset St, San Francisco, CA 94016"
202317,Wired Headphones,1,11.99,05/25/19 10:04,"648 Ridge St, New York City, NY 10001"
202318,Lightning Charging Cable,1,14.95,05/13/19 16:50,"991 8th St, Dallas, TX 75001"
202319,USB-C Charging Cable,1,11.95,05/22/19 21:57,"813 10th St, Los Angeles, CA 90001"
202320,Lightning Charging Cable,1,14.95,05/04/19 13:46,"212 Chestnut St, Los Angeles, CA 90001"
202321,Bose SoundSport Headphones,1,99.99,05/02/19 00:28,"860 Forest St, New York City, NY 10001"
202322,27in FHD Monitor,1,149.99,05/09/19 12:54,"857 Park St, Seattle, WA 98101"
202323,Lightning Charging Cable,1,14.95,05/08/19 12:57,"724 West St, Los Angeles, CA 90001"
202324,Apple Airpods Headphones,1,150,05/01/19 21:11,"131 Center St, New York City, NY 10001"
202325,Wired Headphones,1,11.99,05/01/19 11:21,"953 Church St, Atlanta, GA 30301"
202326,Apple Airpods Headphones,1,150,05/07/19 06:36,"760 Wilson St, San Francisco, CA 94016"
202327,LG Dryer,1,600.0,05/22/19 06:59,"924 11th St, Boston, MA 02215"
202328,Lightning Charging Cable,1,14.95,05/22/19 10:53,"32 2nd St, San Francisco, CA 94016"
202329,27in 4K Gaming Monitor,1,389.99,05/22/19 23:18,"165 Elm St, New York City, NY 10001"
202330,AAA Batteries (4-pack),1,2.99,05/07/19 20:02,"291 Johnson St, Dallas, TX 75001"
202331,Apple Airpods Headphones,1,150,05/19/19 15:18,"839 River St, San Francisco, CA 94016"
202332,ThinkPad Laptop,1,999.99,05/04/19 10:53,"224 West St, Atlanta, GA 30301"
202333,AA Batteries (4-pack),2,3.84,05/24/19 08:01,"761 Sunset St, Los Angeles, CA 90001"
202334,USB-C Charging Cable,1,11.95,05/30/19 13:03,"487 Hickory St, Dallas, TX 75001"
202335,Apple Airpods Headphones,1,150,05/20/19 08:44,"305 Madison St, Austin, TX 73301"
202336,Apple Airpods Headphones,1,150,05/17/19 17:36,"510 North St, New York City, NY 10001"
202337,LG Dryer,1,600.0,05/09/19 12:29,"644 Jackson St, Los Angeles, CA 90001"
202338,27in FHD Monitor,1,149.99,05/04/19 23:57,"349 13th St, Boston, MA 02215"
202339,Apple Airpods Headphones,1,150,05/19/19 14:53,"935 Center St, New York City, NY 10001"
202340,USB-C Charging Cable,1,11.95,05/10/19 18:36,"795 Dogwood St, Dallas, TX 75001"
202341,USB-C Charging Cable,1,11.95,05/19/19 13:26,"807 Center St, Dallas, TX 75001"
202342,Wired Headphones,1,11.99,05/10/19 19:45,"972 River St, San Francisco, CA 94016"
202343,Bose SoundSport Headphones,1,99.99,05/28/19 12:47,"334 Highland St, Portland, OR 97035"
202344,Lightning Charging Cable,1,14.95,05/14/19 22:20,"370 Hill St, Los Angeles, CA 90001"
202345,AAA Batteries (4-pack),2,2.99,05/06/19 23:29,"673 Lake St, Seattle, WA 98101"
202346,Lightning Charging Cable,1,14.95,05/05/19 23:08,"870 Main St, New York City, NY 10001"
202347,34in Ultrawide Monitor,1,379.99,05/13/19 09:18,"929 Willow St, Boston, MA 02215"
202347,Lightning Charging Cable,1,14.95,05/13/19 09:18,"929 Willow St, Boston, MA 02215"
202348,34in Ultrawide Monitor,1,379.99,05/30/19 22:14,"490 Park St, Atlanta, GA 30301"
202349,AAA Batteries (4-pack),1,2.99,05/03/19 18:54,"38 Ridge St, Boston, MA 02215"
202350,iPhone,1,700,05/12/19 10:24,"453 10th St, San Francisco, CA 94016"
202351,AA Batteries (4-pack),1,3.84,05/22/19 12:50,"905 Meadow St, Portland, ME 04101"
202352,AA Batteries (4-pack),2,3.84,05/06/19 05:46,"462 Highland St, Los Angeles, CA 90001"
,,,,,
202353,34in Ultrawide Monitor,1,379.99,05/29/19 12:20,"456 Lakeview St, Atlanta, GA 30301"
202354,ThinkPad Laptop,1,999.99,05/03/19 11:33,"574 Willow St, San Francisco, CA 94016"
202355,AAA Batteries (4-pack),1,2.99,05/06/19 13:21,"463 Lincoln St, Austin, TX 73301"
202356,Wired Headphones,1,11.99,05/19/19 15:24,"101 South St, Seattle, WA 98101"
202357,USB-C Charging Cable,1,11.95,05/21/19 10:16,"984 Madison St, Atlanta, GA 30301"
202358,Wired Headphones,1,11.99,05/29/19 17:21,"487 Walnut St, San Francisco, CA 94016"
202359,27in FHD Monitor,1,149.99,05/01/19 17:17,"221 11th St, New York City, NY 10001"
202359,LG Dryer,1,600.0,05/01/19 17:17,"221 11th St, New York City, NY 10001"
202360,20in Monitor,1,109.99,05/16/19 21:25,"726 8th St, Los Angeles, CA 90001"
202361,34in Ultrawide Monitor,1,379.99,05/30/19 12:45,"158 14th St, Atlanta, GA 30301"
202362,Wired Headphones,1,11.99,05/20/19 23:15,"821 Cherry St, New York City, NY 10001"
202362,20in Monitor,1,109.99,05/20/19 23:15,"821 Cherry St, New York City, NY 10001"
202363,AAA Batteries (4-pack),1,2.99,05/29/19 15:35,"942 13th St, San Francisco, CA 94016"
202364,Bose SoundSport Headphones,1,99.99,05/14/19 20:35,"861 5th St, Austin, TX 73301"
202365,Wired Headphones,1,11.99,05/31/19 11:27,"980 14th St, Los Angeles, CA 90001"
202366,Apple Airpods Headphones,1,150,05/02/19 16:27,"875 Park St, Boston, MA 02215"
202367,Apple Airpods Headphones,1,150,05/27/19 14:31,"123 12th St, New York City, NY 10001"
202368,iPhone,1,700,05/16/19 18:22,"58 6th St, New York City, NY 10001"
202368,Wired Headphones,1,11.99,05/16/19 18:22,"58 6th St, New York City, NY 10001"
202369,27in FHD Monitor,1,149.99,05/28/19 21:45,"25 Church St, San Francisco, CA 94016"
202370,AA Batteries (4-pack),1,3.84,05/24/19 21:04,"994 North St, New York City, NY 10001"
202371,AA Batteries (4-pack),2,3.84,05/14/19 12:05,"105 North St, Seattle, WA 98101"
202372,AAA Batteries (4-pack),1,2.99,05/28/19 10:32,"358 2nd St, Boston, MA 02215"
202373,Bose SoundSport Headphones,1,99.99,05/17/19 23:24,"465 13th St, San Francisco, CA 94016"
202374,Lightning Charging Cable,1,14.95,05/29/19 22:36,"664 Elm St, San Francisco, CA 94016"
202375,Bose SoundSport Headphones,1,99.99,05/30/19 12:52,"969 Lincoln St, Austin, TX 73301"
202376,USB-C Charging Cable,1,11.95,05/05/19 19:09,"715 Walnut St, Seattle, WA 98101"
202377,Flatscreen TV,1,300,05/04/19 17:15,"727 Jackson St, New York City, NY 10001"
202378,Apple Airpods Headphones,1,150,05/13/19 22:11,"23 Willow St, Boston, MA 02215"
202379,AAA Batteries (4-pack),1,2.99,05/06/19 20:04,"300 2nd St, Seattle, WA 98101"
202380,AA Batteries (4-pack),1,3.84,05/09/19 16:30,"10 Madison St, San Francisco, CA 94016"
202381,ThinkPad Laptop,1,999.99,05/03/19 20:29,"420 Washington St, Boston, MA 02215"
202382,iPhone,1,700,05/25/19 09:58,"194 Spruce St, Los Angeles, CA 90001"
202383,27in FHD Monitor,1,149.99,05/18/19 12:10,"962 Spruce St, San Francisco, CA 94016"
202384,AA Batteries (4-pack),1,3.84,05/22/19 22:13,"323 Adams St, Seattle, WA 98101"
202385,AA Batteries (4-pack),2,3.84,05/21/19 03:33,"87 Elm St, Portland, ME 04101"
202386,AAA Batteries (4-pack),4,2.99,05/08/19 10:13,"832 West St, Austin, TX 73301"
202387,Apple Airpods Headphones,1,150,05/15/19 21:22,"405 Hill St, New York City, NY 10001"
202388,AAA Batteries (4-pack),1,2.99,05/13/19 00:45,"396 Lakeview St, New York City, NY 10001"
202389,AA Batteries (4-pack),1,3.84,05/29/19 20:05,"47 North St, New York City, NY 10001"
202390,AA Batteries (4-pack),3,3.84,05/13/19 10:11,"510 Hickory St, San Francisco, CA 94016"
202391,ThinkPad Laptop,1,999.99,05/13/19 19:16,"243 Lincoln St, New York City, NY 10001"
202392,Wired Headphones,1,11.99,05/29/19 17:53,"241 10th St, New York City, NY 10001"
202393,AA Batteries (4-pack),3,3.84,05/08/19 22:17,"232 Chestnut St, New York City, NY 10001"
202394,27in 4K Gaming Monitor,1,389.99,05/31/19 23:16,"151 Hill St, Austin, TX 73301"
202395,AAA Batteries (4-pack),2,2.99,05/29/19 10:47,"868 Washington St, Portland, OR 97035"
202396,34in Ultrawide Monitor,1,379.99,05/30/19 17:17,"150 Church St, San Francisco, CA 94016"
202397,USB-C Charging Cable,1,11.95,05/11/19 23:33,"406 Highland St, San Francisco, CA 94016"
202397,iPhone,1,700,05/11/19 23:33,"406 Highland St, San Francisco, CA 94016"
202398,AAA Batteries (4-pack),1,2.99,05/17/19 13:07,"908 Jackson St, Austin, TX 73301"
202399,Macbook Pro Laptop,1,1700,05/09/19 19:46,"992 Meadow St, Atlanta, GA 30301"
202400,Wired Headphones,1,11.99,05/21/19 11:54,"866 Highland St, New York City, NY 10001"
202401,34in Ultrawide Monitor,1,379.99,05/30/19 06:36,"519 Pine St, Los Angeles, CA 90001"
202402,27in 4K Gaming Monitor,1,389.99,05/01/19 12:02,"872 North St, Atlanta, GA 30301"
202403,Apple Airpods Headphones,1,150,05/24/19 07:46,"540 Jackson St, Los Angeles, CA 90001"
202404,USB-C Charging Cable,1,11.95,05/15/19 00:52,"623 Park St, Seattle, WA 98101"
202405,AAA Batteries (4-pack),1,2.99,05/27/19 21:16,"474 Madison St, Atlanta, GA 30301"
202406,iPhone,1,700,05/26/19 17:47,"632 Pine St, Austin, TX 73301"
202407,Lightning Charging Cable,1,14.95,05/17/19 10:57,"963 Ridge St, San Francisco, CA 94016"
202408,Bose SoundSport Headphones,1,99.99,05/26/19 19:57,"712 6th St, New York City, NY 10001"
202409,iPhone,1,700,05/08/19 17:13,"81 Willow St, Los Angeles, CA 90001"
202410,USB-C Charging Cable,1,11.95,05/20/19 00:31,"96 5th St, San Francisco, CA 94016"
202411,Lightning Charging Cable,1,14.95,05/19/19 15:21,"716 10th St, Austin, TX 73301"
202412,34in Ultrawide Monitor,1,379.99,05/13/19 04:39,"630 5th St, New York City, NY 10001"
202413,AA Batteries (4-pack),1,3.84,05/27/19 22:36,"957 Chestnut St, Dallas, TX 75001"
202414,Lightning Charging Cable,1,14.95,05/06/19 10:29,"902 7th St, Los Angeles, CA 90001"
202415,Macbook Pro Laptop,1,1700,05/17/19 11:05,"829 Meadow St, Atlanta, GA 30301"
202416,Vareebadd Phone,1,400,05/28/19 21:22,"742 Jackson St, Dallas, TX 75001"
202417,27in FHD Monitor,1,149.99,05/16/19 00:04,"607 12th St, Portland, OR 97035"
202418,ThinkPad Laptop,1,999.99,05/16/19 15:23,"958 Forest St, Seattle, WA 98101"
202419,Lightning Charging Cable,1,14.95,05/16/19 14:34,"42 6th St, Los Angeles, CA 90001"
202420,AAA Batteries (4-pack),1,2.99,05/14/19 15:50,"578 Lake St, Dallas, TX 75001"
202421,AAA Batteries (4-pack),1,2.99,05/22/19 19:08,"110 Hill St, Austin, TX 73301"
202422,27in FHD Monitor,1,149.99,05/27/19 07:15,"765 Lincoln St, San Francisco, CA 94016"
202423,AA Batteries (4-pack),1,3.84,05/09/19 06:40,"9 Cherry St, New York City, NY 10001"
202424,Apple Airpods Headphones,1,150,05/10/19 14:51,"599 Church St, San Francisco, CA 94016"
202425,Wired Headphones,1,11.99,05/31/19 12:42,"114 Cherry St, San Francisco, CA 94016"
202426,AAA Batteries (4-pack),1,2.99,05/09/19 16:41,"70 5th St, San Francisco, CA 94016"
202427,AAA Batteries (4-pack),2,2.99,05/08/19 18:53,"965 Ridge St, San Francisco, CA 94016"
202428,Lightning Charging Cable,1,14.95,05/07/19 11:30,"637 Dogwood St, Boston, MA 02215"
202429,Apple Airpods Headphones,1,150,05/30/19 11:16,"887 Park St, Boston, MA 02215"
202430,Wired Headphones,1,11.99,05/27/19 23:18,"481 10th St, Dallas, TX 75001"
202431,USB-C Charging Cable,1,11.95,05/28/19 10:56,"380 Church St, Seattle, WA 98101"
202432,Bose SoundSport Headphones,1,99.99,05/25/19 18:14,"116 14th St, San Francisco, CA 94016"
202433,AA Batteries (4-pack),1,3.84,05/16/19 10:39,"846 4th St, San Francisco, CA 94016"
202434,Lightning Charging Cable,1,14.95,05/21/19 08:40,"105 Pine St, San Francisco, CA 94016"
202435,AAA Batteries (4-pack),2,2.99,05/15/19 14:07,"394 Ridge St, Los Angeles, CA 90001"
202436,USB-C Charging Cable,1,11.95,05/07/19 06:29,"226 Madison St, San Francisco, CA 94016"
202437,Lightning Charging Cable,1,14.95,05/18/19 10:12,"25 Dogwood St, Atlanta, GA 30301"
202438,Lightning Charging Cable,1,14.95,05/27/19 17:03,"153 Main St, San Francisco, CA 94016"
202439,Bose SoundSport Headphones,1,99.99,05/18/19 20:22,"638 Highland St, San Francisco, CA 94016"
202440,iPhone,1,700,05/31/19 21:29,"341 Lake St, New York City, NY 10001"
202441,Bose SoundSport Headphones,1,99.99,05/14/19 17:53,"796 Elm St, Atlanta, GA 30301"
202442,27in 4K Gaming Monitor,1,389.99,05/22/19 10:26,"836 Spruce St, Atlanta, GA 30301"
202443,AAA Batteries (4-pack),1,2.99,05/15/19 10:05,"495 Park St, New York City, NY 10001"
202444,AAA Batteries (4-pack),3,2.99,05/26/19 12:34,"441 Hill St, New York City, NY 10001"
202445,34in Ultrawide Monitor,1,379.99,05/23/19 22:30,"292 Washington St, San Francisco, CA 94016"
202446,Apple Airpods Headphones,1,150,05/17/19 11:30,"693 Dogwood St, Austin, TX 73301"
202447,Wired Headphones,1,11.99,05/04/19 18:57,"434 River St, San Francisco, CA 94016"
202448,Wired Headphones,1,11.99,05/11/19 01:47,"645 Hill St, Atlanta, GA 30301"
202448,AA Batteries (4-pack),1,3.84,05/11/19 01:47,"645 Hill St, Atlanta, GA 30301"
202449,USB-C Charging Cable,1,11.95,05/25/19 12:35,"400 River St, Los Angeles, CA 90001"
202450,Apple Airpods Headphones,1,150,05/08/19 19:10,"520 Ridge St, Boston, MA 02215"
202451,Flatscreen TV,1,300,05/19/19 02:37,"118 12th St, San Francisco, CA 94016"
202452,Macbook Pro Laptop,1,1700,05/12/19 11:19,"604 4th St, New York City, NY 10001"
202453,Lightning Charging Cable,1,14.95,05/25/19 15:16,"868 Main St, Seattle, WA 98101"
202454,Bose SoundSport Headphones,1,99.99,05/12/19 07:27,"53 2nd St, San Francisco, CA 94016"
Order ID,Product,Quantity Ordered,Price Each,Order Date,Purchase Address
202455,Lightning Charging Cable,1,14.95,05/03/19 07:42,"848 Washington St, Atlanta, GA 30301"
202456,Bose SoundSport Headphones,1,99.99,05/27/19 11:05,"490 Meadow St, Portland, OR 97035"
202457,AA Batteries (4-pack),1,3.84,05/26/19 09:08,"989 Church St, Los Angeles, CA 90001"
202458,27in 4K Gaming Monitor,1,389.99,05/31/19 17:33,"184 North St, Atlanta, GA 30301"
202459,27in FHD Monitor,1,149.99,05/13/19 09:45,"985 Forest St, Seattle, WA 98101"
202460,Bose SoundSport Headphones,1,99.99,06/01/19 01:29,"428 Lake St, San Francisco, CA 94016"
202461,Wired Headphones,1,11.99,05/13/19 18:55,"518 Jackson St, Boston, MA 02215"
202462,Apple Airpods Headphones,1,150,05/26/19 11:02,"32 7th St, New York City, NY 10001"
202463,ThinkPad Laptop,1,999.99,05/07/19 15:37,"479 Wilson St, New York City, NY 10001"
202464,AA Batteries (4-pack),1,3.84,05/19/19 19:42,"929 13th St, Boston, MA 02215"
202465,AA Batteries (4-pack),1,3.84,05/06/19 22:00,"639 River St, Atlanta, GA 30301"
202466,Wired Headphones,1,11.99,05/09/19 18:10,"52 West St, San Francisco, CA 94016"
202467,USB-C Charging Cable,1,11.95,05/24/19 16:52,"819 8th St, Boston, MA 02215"
202468,Wired Headphones,1,11.99,05/20/19 08:52,"187 Maple St, Portland, OR 97035"
202469,iPhone,1,700,05/18/19 19:37,"218 Park St, Dallas, TX 75001"
202470,ThinkPad Laptop,1,999.99,05/27/19 07:09,"541 5th St, Austin, TX 73301"
202471,AA Batteries (4-pack),1,3.84,05/25/19 22:49,"924 Cedar St, Dallas, TX 75001"
202472,AA Batteries (4-pack),1,3.84,05/09/19 14:22,"31 Walnut St, Atlanta, GA 30301"
202473,AA Batteries (4-pack),2,3.84,05/15/19 12:47,"954 Dogwood St, Seattle, WA 98101"
202474,Wired Headphones,1,11.99,05/09/19 13:40,"116 Adams St, Los Angeles, CA 90001"
202475,Apple Airpods Headphones,1,150,05/26/19 19:22,"803 Meadow St, Portland, OR 97035"
202476,27in FHD Monitor,1,149.99,05/07/19 10:12,"894 Lake St, New York City, NY 10001"
202477,Bose SoundSport Headphones,1,99.99,05/17/19 12:48,"685 Highland St, Dallas, TX 75001"
202478,AAA Batteries (4-pack),1,2.99,05/14/19 12:17,"529 Jefferson St, San Francisco, CA 94016"
202479,Lightning Charging Cable,1,14.95,05/06/19 16:48,"464 Willow St, Atlanta, GA 30301"
202480,AA Batteries (4-pack),1,3.84,05/25/19 10:10,"504 7th St, New York City, NY 10001"
202481,iPhone,1,700,05/10/19 14:42,"479 Jackson St, Seattle, WA 98101"
202482,Lightning Charging Cable,1,14.95,05/12/19 21:04,"768 11th St, New York City, NY 10001"
202483,Bose SoundSport Headphones,1,99.99,05/20/19 17:53,"804 Ridge St, Atlanta, GA 30301"
202484,AAA Batteries (4-pack),1,2.99,05/20/19 14:37,"943 12th St, Los Angeles, CA 90001"
202485,AA Batteries (4-pack),1,3.84,05/25/19 18:01,"406 Church St, Los Angeles, CA 90001"
202486,Wired Headphones,1,11.99,05/21/19 09:58,"353 Hickory St, Los Angeles, CA 90001"
202487,Lightning Charging Cable,1,14.95,05/14/19 00:59,"437 Chestnut St, Portland, OR 97035"
202488,AA Batteries (4-pack),1,3.84,05/18/19 19:37,"491 Willow St, San Francisco, CA 94016"
202489,USB-C Charging Cable,1,11.95,05/19/19 13:13,"183 Lakeview St, Seattle, WA 98101"
202490,27in FHD Monitor,1,149.99,05/29/19 15:30,"467 6th St, Boston, MA 02215"
202491,AAA Batteries (4-pack),1,2.99,05/04/19 08:01,"3 Lincoln St, New York City, NY 10001"
202492,AAA Batteries (4-pack),1,2.99,05/08/19 17:58,"223 Lincoln St, New York City, NY 10001"
202493,Apple Airpods Headphones,1,150,05/19/19 18:24,"109 Church St, Portland, ME 04101"
202493,Wired Headphones,1,11.99,05/19/19 18:24,"109 Church St, Portland, ME 04101"
202494,USB-C Charging Cable,1,11.95,05/19/19 11:58,"818 Park St, Atlanta, GA 30301"
202495,Macbook Pro Laptop,1,1700,05/21/19 16:19,"703 10th St, New York City, NY 10001"
202496,Wired Headphones,1,11.99,05/10/19 20:12,"738 North St, Los Angeles, CA 90001"
202497,Macbook Pro Laptop,1,1700,05/03/19 09:18,"548 Lake St, Atlanta, GA 30301"
202498,27in 4K Gaming Monitor,1,389.99,05/01/19 07:56,"772 Cherry St, Los Angeles, CA 90001"
202499,AA Batteries (4-pack),2,3.84,05/15/19 22:09,"799 Park St, San Francisco, CA 94016"
202500,Wired Headphones,2,11.99,05/06/19 18:50,"478 Ridge St, New York City, NY 10001"
202501,27in FHD Monitor,1,149.99,05/18/19 08:12,"384 14th St, San Francisco, CA 94016"
202502,AAA Batteries (4-pack),1,2.99,05/06/19 13:14,"698 Adams St, Los Angeles, CA 90001"
202503,Bose SoundSport Headphones,1,99.99,05/20/19 12:21,"739 Highland St, San Francisco, CA 94016"
202504,27in FHD Monitor,1,149.99,05/07/19 14:36,"484 Main St, San Francisco, CA 94016"
202505,Macbook Pro Laptop,1,1700,05/05/19 22:42,"378 Hill St, Dallas, TX 75001"
202506,Wired Headphones,1,11.99,05/25/19 20:01,"301 14th St, San Francisco, CA 94016"
202507,AA Batteries (4-pack),1,3.84,05/31/19 22:21,"157 7th St, New York City, NY 10001"
202508,Lightning Charging Cable,1,14.95,05/19/19 13:03,"146 Jackson St, Boston, MA 02215"
202509,Apple Airpods Headphones,1,150,05/12/19 12:26,"647 Willow St, San Francisco, CA 94016"
202510,Flatscreen TV,1,300,05/26/19 10:01,"453 Pine St, San Francisco, CA 94016"
202511,Wired Headphones,1,11.99,05/10/19 21:12,"394 14th St, Portland, ME 04101"
202512,USB-C Charging Cable,1,11.95,05/15/19 06:46,"790 Center St, Portland, OR 97035"
202513,27in 4K Gaming Monitor,1,389.99,05/24/19 01:17,"920 1st St, New York City, NY 10001"
202514,AAA Batteries (4-pack),1,2.99,05/02/19 11:56,"982 South St, Seattle, WA 98101"
202515,Wired Headphones,1,11.99,05/19/19 12:00,"519 6th St, Seattle, WA 98101"
202516,27in FHD Monitor,1,149.99,05/19/19 11:29,"934 Washington St, San Francisco, CA 94016"
202517,Apple Airpods Headphones,1,150,05/30/19 17:22,"397 River St, Los Angeles, CA 90001"
202518,AAA Batteries (4-pack),1,2.99,05/12/19 23:36,"698 Maple St, Atlanta, GA 30301"
202518,AA Batteries (4-pack),1,3.84,05/12/19 23:36,"698 Maple St, Atlanta, GA 30301"
202519,20in Monitor,1,109.99,05/25/19 17:30,"910 9th St, Seattle, WA 98101"
202520,Lightning Charging Cable,1,14.95,05/03/19 15:18,"314 Johnson St, San Francisco, CA 94016"
202521,Google Phone,1,600,05/03/19 11:15,"684 12th St, Boston, MA 02215"
202521,USB-C Charging Cable,1,11.95,05/03/19 11:15,"684 12th St, Boston, MA 02215"
202522,27in 4K Gaming Monitor,1,389.99,05/10/19 21:43,"998 7th St, New York City, NY 10001"
202523,Wired Headphones,1,11.99,05/27/19 20:55,"837 South St, Atlanta, GA 30301"
202524,Wired Headphones,1,11.99,05/04/19 18:07,"747 Park St, San Francisco, CA 94016"
202525,AA Batteries (4-pack),1,3.84,05/06/19 20:27,"140 Elm St, Austin, TX 73301"
202526,Lightning Charging Cable,1,14.95,05/05/19 11:51,"183 7th St, Atlanta, GA 30301"
202527,Google Phone,1,600,05/14/19 01:54,"959 Lincoln St, Austin, TX 73301"
202528,Apple Airpods Headphones,1,150,05/01/19 19:42,"299 Hill St, Los Angeles, CA 90001"
202529,iPhone,1,700,05/05/19 11:32,"986 7th St, San Francisco, CA 94016"
202529,Wired Headphones,1,11.99,05/05/19 11:32,"986 7th St, San Francisco, CA 94016"
202530,AA Batteries (4-pack),1,3.84,05/01/19 14:22,"568 Sunset St, Dallas, TX 75001"
202531,27in FHD Monitor,1,149.99,05/29/19 17:13,"763 Lake St, New York City, NY 10001"
202532,20in Monitor,1,109.99,05/28/19 19:59,"547 Pine St, Seattle, WA 98101"
202533,Wired Headphones,1,11.99,05/26/19 19:18,"630 Hill St, New York City, NY 10001"
202534,Google Phone,1,600,05/04/19 10:57,"733 7th St, New York City, NY 10001"
202535,USB-C Charging Cable,1,11.95,05/15/19 17:39,"290 Johnson St, Portland, OR 97035"
202536,Macbook Pro Laptop,1,1700,05/07/19 16:24,"134 Willow St, Los Angeles, CA 90001"
202537,Lightning Charging Cable,1,14.95,05/23/19 23:32,"976 11th St, Atlanta, GA 30301"
202538,AAA Batteries (4-pack),1,2.99,05/18/19 21:44,"833 Lincoln St, Los Angeles, CA 90001"
202539,Lightning Charging Cable,1,14.95,05/23/19 08:34,"970 5th St, Los Angeles, CA 90001"
202540,AA Batteries (4-pack),1,3.84,05/12/19 15:36,"492 10th St, Portland, OR 97035"
202541,AA Batteries (4-pack),2,3.84,05/10/19 22:08,"943 Johnson St, Boston, MA 02215"
202542,Vareebadd Phone,1,400,05/02/19 15:26,"607 Wilson St, New York City, NY 10001"
202542,Apple Airpods Headphones,1,150,05/02/19 15:26,"607 Wilson St, New York City, NY 10001"
202543,Apple Airpods Headphones,1,150,05/14/19 18:36,"897 Washington St, San Francisco, CA 94016"
202544,Apple Airpods Headphones,1,150,05/08/19 20:32,"641 Park St, New York City, NY 10001"
202545,Macbook Pro Laptop,1,1700,05/31/19 21:58,"705 Center St, Seattle, WA 98101"
202546,Lightning Charging Cable,1,14.95,05/14/19 07:46,"286 Ridge St, Seattle, WA 98101"
202547,Lightning Charging Cable,1,14.95,05/04/19 15:59,"181 2nd St, New York City, NY 10001"
202548,Flatscreen TV,1,300,05/09/19 12:56,"757 Pine St, Atlanta, GA 30301"
202549,34in Ultrawide Monitor,1,379.99,05/24/19 15:40,"357 Elm St, Portland, OR 97035"
202550,Lightning Charging Cable,1,14.95,05/26/19 17:42,"614 Sunset St, San Francisco, CA 94016"
202551,USB-C Charging Cable,2,11.95,05/24/19 17:04,"753 Cedar St, Boston, MA 02215"
202552,27in 4K Gaming Monitor,1,389.99,05/06/19 20:17,"639 Wilson St, Los Angeles, CA 90001"
202553,34in Ultrawide Monitor,1,379.99,05/31/19 23:20,"734 Spruce St, Los Angeles, CA 90001"
202554,Lightning Charging Cable,1,14.95,05/27/19 22:11,"790 7th St, Atlanta, GA 30301"
202555,iPhone,1,700,05/04/19 21:11,"780 6th St, San Francisco, CA 94016"
202555,Apple Airpods Headphones,1,150,05/04/19 21:11,"780 6th St, San Francisco, CA 94016"
202556,Lightning Charging Cable,1,14.95,05/09/19 09:26,"878 Wilson St, Boston, MA 02215"
202557,Apple Airpods Headphones,1,150,05/21/19 18:46,"297 West St, Los Angeles, CA 90001"
202558,AAA Batteries (4-pack),1,2.99,05/03/19 18:32,"562 9th St, Boston, MA 02215"
202559,Vareebadd Phone,1,400,05/16/19 22:37,"585 Meadow St, Atlanta, GA 30301"
202559,USB-C Charging Cable,1,11.95,05/16/19 22:37,"585 Meadow St, Atlanta, GA 30301"
202560,AAA Batteries (4-pack),4,2.99,05/17/19 04:29,"665 4th St, Los Angeles, CA 90001"
202561,Wired Headphones,1,11.99,05/12/19 12:09,"419 6th St, New York City, NY 10001"
202562,Lightning Charging Cable,1,14.95,05/12/19 01:36,"4 Park St, San Francisco, CA 94016"
202563,USB-C Charging Cable,1,11.95,05/24/19 19:34,"814 Sunset St, San Francisco, CA 94016"
202564,Lightning Charging Cable,1,14.95,05/27/19 22:17,"693 Adams St, Atlanta, GA 30301"
202565,Wired Headphones,1,11.99,05/20/19 17:15,"131 12th St, Dallas, TX 75001"
202566,USB-C Charging Cable,1,11.95,05/24/19 15:02,"604 Pine St, Dallas, TX 75001"
202567,Apple Airpods Headphones,1,150,05/06/19 19:12,"910 7th St, Austin, TX 73301"
202568,AAA Batteries (4-pack),1,2.99,05/27/19 20:44,"17 13th St, Boston, MA 02215"
202569,USB-C Charging Cable,1,11.95,05/17/19 09:04,"609 Forest St, San Francisco, CA 94016"
202570,AA Batteries (4-pack),1,3.84,05/25/19 17:05,"5 Willow St, Dallas, TX 75001"
202571,Bose SoundSport Headphones,1,99.99,05/13/19 21:55,"537 4th St, San Francisco, CA 94016"
202572,USB-C Charging Cable,1,11.95,05/10/19 16:53,"963 River St, Boston, MA 02215"
202573,AAA Batteries (4-pack),1,2.99,05/07/19 18:08,"227 Ridge St, Boston, MA 02215"
202574,Wired Headphones,1,11.99,05/25/19 22:02,"859 Park St, San Francisco, CA 94016"
202575,Wired Headphones,1,11.99,05/18/19 16:36,"927 Meadow St, Boston, MA 02215"
202576,Wired Headphones,1,11.99,05/27/19 18:25,"941 4th St, San Francisco, CA 94016"
202577,USB-C Charging Cable,1,11.95,05/22/19 19:49,"435 11th St, San Francisco, CA 94016"
202578,Vareebadd Phone,1,400,05/31/19 23:21,"925 14th St, Los Angeles, CA 90001"
202579,34in Ultrawide Monitor,1,379.99,05/15/19 23:02,"492 4th St, New York City, NY 10001"
202580,Apple Airpods Headphones,1,150,05/04/19 14:00,"690 Forest St, New York City, NY 10001"
202581,Wired Headphones,1,11.99,05/30/19 13:39,"217 Cedar St, New York City, NY 10001"
202582,Lightning Charging Cable,1,14.95,05/28/19 13:18,"726 Lake St, Austin, TX 73301"
202583,AAA Batteries (4-pack),2,2.99,05/25/19 20:33,"733 Park St, San Francisco, CA 94016"
202584,Wired Headphones,1,11.99,05/23/19 16:40,"816 Ridge St, San Francisco, CA 94016"
202585,Bose SoundSport Headphones,1,99.99,05/30/19 15:09,"321 Madison St, Boston, MA 02215"
202586,Macbook Pro Laptop,1,1700,05/26/19 19:12,"289 Church St, Atlanta, GA 30301"
202587,Bose SoundSport Headphones,1,99.99,05/17/19 11:27,"496 14th St, New York City, NY 10001"
202588,Macbook Pro Laptop,1,1700,05/18/19 13:04,"879 1st St, Portland, OR 97035"
202589,Bose SoundSport Headphones,1,99.99,05/28/19 19:20,"175 Park St, New York City, NY 10001"
202590,USB-C Charging Cable,1,11.95,05/02/19 21:29,"284 Lakeview St, San Francisco, CA 94016"
202591,Lightning Charging Cable,1,14.95,05/03/19 11:38,"523 6th St, Austin, TX 73301"
202592,Apple Airpods Headphones,1,150,05/01/19 06:44,"639 River St, Austin, TX 73301"
202593,Wired Headphones,1,11.99,05/13/19 12:45,"789 Walnut St, Austin, TX 73301"
202594,USB-C Charging Cable,1,11.95,05/05/19 21:31,"15 Main St, Los Angeles, CA 90001"
202595,AA Batteries (4-pack),1,3.84,05/10/19 20:08,"395 Lincoln St, New York City, NY 10001"
202596,Lightning Charging Cable,1,14.95,05/13/19 12:18,"194 West St, Seattle, WA 98101"
202597,Lightning Charging Cable,1,14.95,05/23/19 18:55,"802 Highland St, San Francisco, CA 94016"
202598,USB-C Charging Cable,1,11.95,05/29/19 18:28,"311 North St, Seattle, WA 98101"
202599,iPhone,1,700,05/06/19 17:30,"35 Jefferson St, San Francisco, CA 94016"
202599,Apple Airpods Headphones,1,150,05/06/19 17:30,"35 Jefferson St, San Francisco, CA 94016"
202600,USB-C Charging Cable,1,11.95,05/21/19 11:14,"949 9th St, Boston, MA 02215"
202601,Bose SoundSport Headphones,1,99.99,05/04/19 13:33,"237 Lincoln St, Boston, MA 02215"
202602,USB-C Charging Cable,1,11.95,05/01/19 10:57,"959 1st St, San Francisco, CA 94016"
202603,Wired Headphones,1,11.99,05/11/19 18:35,"673 10th St, New York City, NY 10001"
202604,Vareebadd Phone,1,400,05/11/19 21:14,"955 Dogwood St, San Francisco, CA 94016"
202604,Wired Headphones,1,11.99,05/11/19 21:14,"955 Dogwood St, San Francisco, CA 94016"
202605,USB-C Charging Cable,1,11.95,05/09/19 17:17,"201 Cedar St, Los Angeles, CA 90001"
202606,iPhone,1,700,05/16/19 17:29,"745 Willow St, Boston, MA 02215"
202606,Apple Airpods Headphones,1,150,05/16/19 17:29,"745 Willow St, Boston, MA 02215"
202607,Bose SoundSport Headphones,1,99.99,05/18/19 17:57,"428 Madison St, San Francisco, CA 94016"
202608,AA Batteries (4-pack),1,3.84,05/26/19 09:10,"453 Willow St, Los Angeles, CA 90001"
202609,20in Monitor,1,109.99,05/05/19 12:23,"214 Madison St, San Francisco, CA 94016"
202610,27in 4K Gaming Monitor,1,389.99,05/08/19 18:13,"999 Forest St, New York City, NY 10001"
202611,iPhone,1,700,05/16/19 14:10,"836 Park St, Dallas, TX 75001"
202611,Wired Headphones,1,11.99,05/16/19 14:10,"836 Park St, Dallas, TX 75001"
202612,AAA Batteries (4-pack),3,2.99,05/05/19 11:34,"7 Jefferson St, Portland, OR 97035"
202613,Wired Headphones,1,11.99,05/22/19 15:13,"442 Church St, Atlanta, GA 30301"
202614,Bose SoundSport Headphones,1,99.99,05/31/19 11:31,"760 13th St, New York City, NY 10001"
202615,Lightning Charging Cable,1,14.95,05/13/19 22:57,"965 Meadow St, Atlanta, GA 30301"
202616,AA Batteries (4-pack),1,3.84,05/28/19 19:10,"889 Lincoln St, Dallas, TX 75001"
202617,iPhone,1,700,05/01/19 20:54,"38 Jackson St, Boston, MA 02215"
202618,27in FHD Monitor,1,149.99,05/25/19 23:32,"376 Washington St, Portland, OR 97035"
202619,Wired Headphones,1,11.99,05/21/19 18:13,"409 Cherry St, Portland, OR 97035"
202620,20in Monitor,1,109.99,05/03/19 00:08,"54 Willow St, Los Angeles, CA 90001"
202621,Apple Airpods Headphones,1,150,05/12/19 11:43,"996 8th St, Los Angeles, CA 90001"
202622,Wired Headphones,2,11.99,05/25/19 18:04,"49 Willow St, Dallas, TX 75001"
202623,Apple Airpods Headphones,1,150,05/14/19 09:47,"285 Lincoln St, Atlanta, GA 30301"
202623,Bose SoundSport Headphones,1,99.99,05/14/19 09:47,"285 Lincoln St, Atlanta, GA 30301"
202624,ThinkPad Laptop,1,999.99,05/01/19 07:19,"671 7th St, Boston, MA 02215"
202625,Wired Headphones,1,11.99,05/27/19 18:23,"412 Ridge St, New York City, NY 10001"
202626,34in Ultrawide Monitor,1,379.99,05/04/19 20:44,"24 14th St, Atlanta, GA 30301"
202627,Wired Headphones,1,11.99,05/05/19 21:24,"235 Pine St, Atlanta, GA 30301"
202628,Lightning Charging Cable,1,14.95,05/15/19 14:39,"549 11th St, Los Angeles, CA 90001"
202629,34in Ultrawide Monitor,1,379.99,05/14/19 12:47,"951 6th St, Los Angeles, CA 90001"
202630,AA Batteries (4-pack),1,3.84,05/20/19 11:41,"360 Jefferson St, Dallas, TX 75001"
202631,Wired Headphones,1,11.99,05/14/19 14:55,"808 13th St, New York City, NY 10001"
202632,20in Monitor,1,109.99,05/30/19 22:58,"582 Highland St, Los Angeles, CA 90001"
202633,AAA Batteries (4-pack),1,2.99,05/01/19 20:49,"473 10th St, Austin, TX 73301"
202634,Bose SoundSport Headphones,1,99.99,05/04/19 19:13,"682 Forest St, Los Angeles, CA 90001"
202635,USB-C Charging Cable,1,11.95,05/12/19 11:53,"550 North St, San Francisco, CA 94016"
202636,Bose SoundSport Headphones,1,99.99,05/26/19 18:29,"575 Hill St, Dallas, TX 75001"
202637,Wired Headphones,1,11.99,05/29/19 14:42,"472 Johnson St, New York City, NY 10001"
202638,Wired Headphones,1,11.99,05/27/19 13:26,"313 Willow St, Los Angeles, CA 90001"
202639,AAA Batteries (4-pack),1,2.99,05/05/19 17:56,"573 10th St, San Francisco, CA 94016"
202640,Bose SoundSport Headphones,1,99.99,05/29/19 14:39,"315 Forest St, Atlanta, GA 30301"
202641,Lightning Charging Cable,1,14.95,05/30/19 16:05,"591 Dogwood St, Atlanta, GA 30301"
202642,AAA Batteries (4-pack),1,2.99,05/13/19 21:35,"101 Forest St, New York City, NY 10001"
202643,USB-C Charging Cable,1,11.95,05/01/19 19:25,"230 Lakeview St, Dallas, TX 75001"
202644,27in 4K Gaming Monitor,1,389.99,05/14/19 11:10,"385 14th St, Atlanta, GA 30301"
202645,Lightning Charging Cable,1,14.95,05/23/19 16:11,"515 Hill St, Dallas, TX 75001"
202646,Lightning Charging Cable,1,14.95,05/08/19 19:31,"581 Cherry St, Seattle, WA 98101"
202647,Apple Airpods Headphones,1,150,05/02/19 15:22,"509 Main St, Boston, MA 02215"
202648,AAA Batteries (4-pack),3,2.99,05/23/19 15:56,"124 Center St, New York City, NY 10001"
202649,34in Ultrawide Monitor,1,379.99,05/22/19 19:06,"271 5th St, Atlanta, GA 30301"
202650,Lightning Charging Cable,1,14.95,05/16/19 17:59,"159 7th St, Dallas, TX 75001"
202651,Google Phone,1,600,05/29/19 19:29,"815 1st St, New York City, NY 10001"
202652,AA Batteries (4-pack),1,3.84,05/14/19 16:55,"612 Sunset St, Seattle, WA 98101"
202653,Lightning Charging Cable,1,14.95,05/16/19 22:36,"609 Forest St, Boston, MA 02215"
202654,AAA Batteries (4-pack),1,2.99,05/13/19 03:38,"109 5th St, San Francisco, CA 94016"
202655,27in FHD Monitor,1,149.99,05/27/19 18:52,"212 Cherry St, San Francisco, CA 94016"
202656,Lightning Charging Cable,1,14.95,05/18/19 14:56,"526 14th St, New York City, NY 10001"
202657,ThinkPad Laptop,1,999.99,05/22/19 14:34,"821 Willow St, Seattle, WA 98101"
202658,Google Phone,1,600,05/07/19 12:18,"228 8th St, San Francisco, CA 94016"
202659,Flatscreen TV,1,300,05/26/19 10:48,"42 Spruce St, San Francisco, CA 94016"
202660,USB-C Charging Cable,1,11.95,05/16/19 04:34,"793 Wilson St, San Francisco, CA 94016"
202661,Macbook Pro Laptop,1,1700,05/10/19 10:12,"529 Hickory St, San Francisco, CA 94016"
202662,AA Batteries (4-pack),1,3.84,05/24/19 19:07,"664 4th St, Boston, MA 02215"
202663,Lightning Charging Cable,1,14.95,05/13/19 13:17,"97 12th St, Seattle, WA 98101"
202664,AA Batteries (4-pack),1,3.84,05/24/19 13:29,"27 11th St, Atlanta, GA 30301"
202665,20in Monitor,1,109.99,05/15/19 23:17,"476 Lakeview St, Portland, OR 97035"
202666,Flatscreen TV,1,300,05/06/19 21:26,"6 Ridge St, Boston, MA 02215"
202667,Lightning Charging Cable,1,14.95,05/15/19 12:56,"789 Jackson St, Boston, MA 02215"
202668,Wired Headphones,1,11.99,05/31/19 19:03,"585 Jackson St, Seattle, WA 98101"
202669,USB-C Charging Cable,1,11.95,05/05/19 19:51,"714 Walnut St, Dallas, TX 75001"
202670,Wired Headphones,1,11.99,05/04/19 00:50,"193 Dogwood St, Los Angeles, CA 90001"
202671,USB-C Charging Cable,1,11.95,05/30/19 20:48,"235 Chestnut St, Portland, OR 97035"
202672,AA Batteries (4-pack),1,3.84,05/16/19 22:38,"373 Highland St, San Francisco, CA 94016"
202673,USB-C Charging Cable,1,11.95,05/13/19 14:30,"907 North St, Los Angeles, CA 90001"
202674,AAA Batteries (4-pack),1,2.99,05/28/19 09:12,"342 Madison St, Los Angeles, CA 90001"
202675,iPhone,1,700,05/18/19 16:51,"972 12th St, Atlanta, GA 30301"
202676,Lightning Charging Cable,1,14.95,05/25/19 08:08,"528 Cherry St, Atlanta, GA 30301"
202677,ThinkPad Laptop,1,999.99,05/08/19 11:47,"634 8th St, Portland, OR 97035"
202678,USB-C Charging Cable,2,11.95,05/05/19 20:06,"277 Johnson St, San Francisco, CA 94016"
202678,27in FHD Monitor,1,149.99,05/05/19 20:06,"277 Johnson St, San Francisco, CA 94016"
202679,iPhone,1,700,05/06/19 22:15,"702 Lakeview St, San Francisco, CA 94016"
202679,Wired Headphones,1,11.99,05/06/19 22:15,"702 Lakeview St, San Francisco, CA 94016"
202679,Lightning Charging Cable,1,14.95,05/06/19 22:15,"702 Lakeview St, San Francisco, CA 94016"
202680,27in 4K Gaming Monitor,1,389.99,05/18/19 20:25,"787 South St, New York City, NY 10001"
202681,27in 4K Gaming Monitor,1,389.99,05/10/19 12:57,"844 Hill St, Portland, OR 97035"
202682,34in Ultrawide Monitor,1,379.99,05/24/19 11:36,"568 Main St, Atlanta, GA 30301"
202683,iPhone,1,700,05/02/19 18:51,"934 Highland St, Seattle, WA 98101"
202684,Lightning Charging Cable,1,14.95,05/08/19 19:46,"283 Jackson St, Los Angeles, CA 90001"
202685,Lightning Charging Cable,1,14.95,05/17/19 20:11,"692 Main St, San Francisco, CA 94016"
202686,AA Batteries (4-pack),1,3.84,05/31/19 21:28,"608 1st St, Atlanta, GA 30301"
202687,Wired Headphones,1,11.99,05/02/19 00:10,"863 4th St, Los Angeles, CA 90001"
202688,Google Phone,1,600,05/04/19 14:29,"657 Sunset St, San Francisco, CA 94016"
202689,USB-C Charging Cable,1,11.95,05/10/19 17:34,"248 Chestnut St, San Francisco, CA 94016"
202690,ThinkPad Laptop,1,999.99,05/24/19 13:37,"656 Sunset St, San Francisco, CA 94016"
202691,AAA Batteries (4-pack),1,2.99,05/21/19 19:24,"228 Main St, New York City, NY 10001"
202692,34in Ultrawide Monitor,1,379.99,05/01/19 13:12,"715 Walnut St, New York City, NY 10001"
202693,iPhone,1,700,05/31/19 14:37,"508 Spruce St, New York City, NY 10001"
202694,Flatscreen TV,1,300,05/30/19 15:41,"222 Lakeview St, Los Angeles, CA 90001"
202695,Wired Headphones,2,11.99,05/20/19 18:59,"886 Church St, San Francisco, CA 94016"
202696,Bose SoundSport Headphones,1,99.99,05/04/19 16:18,"461 11th St, New York City, NY 10001"
202697,Wired Headphones,1,11.99,05/28/19 09:06,"995 8th St, Boston, MA 02215"
202698,Lightning Charging Cable,1,14.95,05/08/19 18:15,"392 Lakeview St, San Francisco, CA 94016"
202699,AAA Batteries (4-pack),2,2.99,05/11/19 10:46,"812 West St, Seattle, WA 98101"
202700,Apple Airpods Headphones,1,150,05/02/19 10:13,"30 Chestnut St, San Francisco, CA 94016"
202701,27in 4K Gaming Monitor,1,389.99,05/30/19 19:08,"580 Wilson St, New York City, NY 10001"
202702,AAA Batteries (4-pack),2,2.99,05/20/19 15:49,"471 Jackson St, Atlanta, GA 30301"
202703,AAA Batteries (4-pack),1,2.99,05/03/19 00:11,"662 Sunset St, Dallas, TX 75001"
202704,27in FHD Monitor,1,149.99,05/24/19 08:15,"726 Forest St, San Francisco, CA 94016"
202705,Lightning Charging Cable,1,14.95,05/04/19 17:21,"125 7th St, San Francisco, CA 94016"
202706,USB-C Charging Cable,1,11.95,05/27/19 09:43,"75 Ridge St, New York City, NY 10001"
202707,Bose SoundSport Headphones,1,99.99,05/23/19 11:45,"688 Jefferson St, San Francisco, CA 94016"
202708,AA Batteries (4-pack),1,3.84,05/04/19 19:24,"758 North St, Los Angeles, CA 90001"
202709,USB-C Charging Cable,1,11.95,05/03/19 16:48,"769 Forest St, New York City, NY 10001"
202710,Macbook Pro Laptop,1,1700,05/11/19 08:09,"961 Willow St, New York City, NY 10001"
202711,Macbook Pro Laptop,1,1700,05/27/19 21:12,"116 10th St, New York City, NY 10001"
202712,34in Ultrawide Monitor,1,379.99,05/18/19 11:48,"787 South St, Boston, MA 02215"
202713,AAA Batteries (4-pack),4,2.99,05/06/19 19:24,"944 Center St, New York City, NY 10001"
202714,USB-C Charging Cable,1,11.95,05/01/19 09:25,"266 8th St, Boston, MA 02215"
202715,AAA Batteries (4-pack),1,2.99,05/06/19 14:23,"23 Highland St, New York City, NY 10001"
202716,Wired Headphones,1,11.99,05/19/19 23:53,"960 6th St, Los Angeles, CA 90001"
202717,Bose SoundSport Headphones,1,99.99,05/31/19 06:25,"731 Spruce St, Dallas, TX 75001"
202718,AAA Batteries (4-pack),1,2.99,05/26/19 22:33,"933 Washington St, Atlanta, GA 30301"
202719,USB-C Charging Cable,1,11.95,05/04/19 09:47,"617 Chestnut St, Los Angeles, CA 90001"
202720,Macbook Pro Laptop,1,1700,05/27/19 20:43,"829 Maple St, San Francisco, CA 94016"
202721,AAA Batteries (4-pack),2,2.99,05/24/19 21:11,"815 6th St, New York City, NY 10001"
,,,,,
202722,34in Ultrawide Monitor,1,379.99,05/27/19 00:51,"468 12th St, Boston, MA 02215"
202723,Lightning Charging Cable,1,14.95,05/11/19 13:00,"214 11th St, New York City, NY 10001"
202724,AA Batteries (4-pack),1,3.84,05/24/19 11:59,"317 1st St, New York City, NY 10001"
202725,Macbook Pro Laptop,1,1700,05/30/19 14:06,"882 Park St, San Francisco, CA 94016"
202726,34in Ultrawide Monitor,1,379.99,05/19/19 10:33,"186 Elm St, Dallas, TX 75001"
202727,USB-C Charging Cable,1,11.95,05/14/19 19:11,"548 River St, Austin, TX 73301"
202728,Google Phone,1,600,05/13/19 23:26,"894 Hickory St, San Francisco, CA 94016"
202729,AAA Batteries (4-pack),3,2.99,05/26/19 18:18,"32 North St, Dallas, TX 75001"
202730,Lightning Charging Cable,1,14.95,05/25/19 10:26,"6 Spruce St, San Francisco, CA 94016"
202731,USB-C Charging Cable,2,11.95,05/14/19 21:31,"734 5th St, Seattle, WA 98101"
202732,Wired Headphones,1,11.99,05/16/19 00:42,"3 Wilson St, San Francisco, CA 94016"
202733,AA Batteries (4-pack),1,3.84,05/20/19 10:08,"507 Lakeview St, Dallas, TX 75001"
202734,USB-C Charging Cable,1,11.95,05/23/19 01:53,"28 2nd St, Portland, OR 97035"
202735,27in 4K Gaming Monitor,1,389.99,05/24/19 02:06,"30 Chestnut St, Portland, OR 97035"
202736,34in Ultrawide Monitor,1,379.99,05/07/19 21:22,"170 Dogwood St, Boston, MA 02215"
202737,ThinkPad Laptop,1,999.99,05/25/19 09:11,"470 Ridge St, Portland, ME 04101"
202738,27in FHD Monitor,1,149.99,05/07/19 08:58,"377 Main St, Austin, TX 73301"
202739,Google Phone,1,600,05/06/19 10:35,"735 Spruce St, San Francisco, CA 94016"
202740,Wired Headphones,1,11.99,05/01/19 18:27,"434 11th St, New York City, NY 10001"
202741,Lightning Charging Cable,2,14.95,05/28/19 15:22,"76 Jefferson St, New York City, NY 10001"
202742,34in Ultrawide Monitor,1,379.99,05/01/19 11:14,"842 Willow St, Los Angeles, CA 90001"
Order ID,Product,Quantity Ordered,Price Each,Order Date,Purchase Address
202743,27in 4K Gaming Monitor,1,389.99,05/09/19 14:51,"871 14th St, Boston, MA 02215"
202744,AAA Batteries (4-pack),1,2.99,05/19/19 19:34,"578 Johnson St, Boston, MA 02215"
202745,AAA Batteries (4-pack),3,2.99,05/26/19 07:21,"301 Jefferson St, Los Angeles, CA 90001"
202746,Lightning Charging Cable,1,14.95,05/15/19 19:17,"865 Cedar St, San Francisco, CA 94016"
202747,ThinkPad Laptop,1,999.99,05/11/19 19:15,"228 Jefferson St, Dallas, TX 75001"
202748,AAA Batteries (4-pack),1,2.99,05/15/19 16:45,"268 Hill St, Boston, MA 02215"
202749,Apple Airpods Headphones,1,150,05/19/19 18:56,"734 Jefferson St, Los Angeles, CA 90001"
202750,USB-C Charging Cable,1,11.95,05/31/19 07:45,"407 Dogwood St, Los Angeles, CA 90001"
202751,USB-C Charging Cable,1,11.95,05/12/19 11:47,"996 Willow St, New York City, NY 10001"
202752,USB-C Charging Cable,1,11.95,05/26/19 12:20,"33 Jackson St, Dallas, TX 75001"
202753,AA Batteries (4-pack),1,3.84,05/07/19 09:30,"308 Park St, Boston, MA 02215"
202754,Google Phone,1,600,05/16/19 20:28,"193 Pine St, Seattle, WA 98101"
202754,USB-C Charging Cable,1,11.95,05/16/19 20:28,"193 Pine St, Seattle, WA 98101"
202754,Bose SoundSport Headphones,1,99.99,05/16/19 20:28,"193 Pine St, Seattle, WA 98101"
202755,20in Monitor,1,109.99,05/20/19 13:44,"300 Cedar St, Los Angeles, CA 90001"
202756,iPhone,1,700,05/17/19 14:24,"277 2nd St, San Francisco, CA 94016"
202757,AAA Batteries (4-pack),1,2.99,05/06/19 20:33,"853 Johnson St, Los Angeles, CA 90001"
202758,Apple Airpods Headphones,1,150,05/20/19 21:42,"659 Lakeview St, Los Angeles, CA 90001"
202759,AAA Batteries (4-pack),2,2.99,05/15/19 20:44,"424 5th St, San Francisco, CA 94016"
202760,AAA Batteries (4-pack),1,2.99,05/05/19 11:16,"860 Sunset St, Dallas, TX 75001"
202761,AA Batteries (4-pack),1,3.84,05/17/19 11:55,"354 Spruce St, Boston, MA 02215"
202762,Lightning Charging Cable,1,14.95,05/26/19 14:12,"974 Elm St, Portland, OR 97035"
202763,Apple Airpods Headphones,1,150,05/06/19 23:37,"945 Chestnut St, New York City, NY 10001"
202764,AA Batteries (4-pack),1,3.84,05/09/19 06:52,"939 Madison St, Los Angeles, CA 90001"
202765,iPhone,1,700,05/15/19 18:44,"262 Park St, Boston, MA 02215"
202765,Lightning Charging Cable,1,14.95,05/15/19 18:44,"262 Park St, Boston, MA 02215"
202765,USB-C Charging Cable,1,11.95,05/15/19 18:44,"262 Park St, Boston, MA 02215"
202766,Flatscreen TV,1,300,05/24/19 22:33,"559 Elm St, San Francisco, CA 94016"
202767,Lightning Charging Cable,1,14.95,05/20/19 11:16,"752 Walnut St, New York City, NY 10001"
202768,34in Ultrawide Monitor,1,379.99,05/16/19 22:28,"845 Elm St, Seattle, WA 98101"
202769,Apple Airpods Headphones,1,150,05/23/19 17:47,"832 Center St, Los Angeles, CA 90001"
202770,Lightning Charging Cable,1,14.95,05/19/19 08:11,"652 13th St, San Francisco, CA 94016"
202771,AA Batteries (4-pack),2,3.84,05/04/19 23:30,"622 Jefferson St, San Francisco, CA 94016"
202772,AA Batteries (4-pack),1,3.84,05/19/19 23:40,"947 South St, New York City, NY 10001"
202773,USB-C Charging Cable,1,11.95,05/24/19 15:45,"632 Park St, New York City, NY 10001"
202774,AAA Batteries (4-pack),2,2.99,05/20/19 09:29,"967 West St, Atlanta, GA 30301"
202775,Flatscreen TV,1,300,05/17/19 18:16,"617 Madison St, New York City, NY 10001"
202776,Apple Airpods Headphones,1,150,05/03/19 18:33,"219 Elm St, Los Angeles, CA 90001"
202777,Wired Headphones,1,11.99,05/06/19 18:58,"171 West St, Seattle, WA 98101"
202778,AAA Batteries (4-pack),2,2.99,05/29/19 02:20,"789 Cedar St, New York City, NY 10001"
202779,27in FHD Monitor,1,149.99,05/10/19 11:10,"967 Madison St, New York City, NY 10001"
202780,27in FHD Monitor,1,149.99,05/24/19 17:00,"149 Elm St, Boston, MA 02215"
202781,Wired Headphones,1,11.99,05/05/19 21:57,"842 Maple St, Los Angeles, CA 90001"
202782,AAA Batteries (4-pack),1,2.99,05/30/19 13:26,"473 14th St, New York City, NY 10001"
202783,Flatscreen TV,1,300,05/14/19 17:39,"671 Center St, Los Angeles, CA 90001"
202783,Macbook Pro Laptop,1,1700,05/14/19 17:39,"671 Center St, Los Angeles, CA 90001"
202784,Lightning Charging Cable,1,14.95,05/29/19 19:48,"406 Cedar St, Los Angeles, CA 90001"
202785,USB-C Charging Cable,1,11.95,05/21/19 01:25,"981 Forest St, Los Angeles, CA 90001"
202786,Google Phone,1,600,05/24/19 18:46,"535 Washington St, New York City, NY 10001"
202787,Bose SoundSport Headphones,1,99.99,05/14/19 03:42,"536 Dogwood St, Dallas, TX 75001"
202788,Flatscreen TV,1,300,05/14/19 16:29,"370 Lake St, Los Angeles, CA 90001"
202789,Bose SoundSport Headphones,1,99.99,05/20/19 18:18,"741 Hickory St, Atlanta, GA 30301"
202790,AAA Batteries (4-pack),1,2.99,05/31/19 11:22,"658 Park St, New York City, NY 10001"
202791,AA Batteries (4-pack),1,3.84,05/27/19 22:07,"232 Wilson St, Boston, MA 02215"
202792,AA Batteries (4-pack),1,3.84,05/27/19 17:01,"769 Johnson St, Portland, OR 97035"
202793,AAA Batteries (4-pack),1,2.99,05/11/19 19:06,"858 Lake St, San Francisco, CA 94016"
202794,Apple Airpods Headphones,1,150,05/26/19 20:30,"285 Forest St, San Francisco, CA 94016"
202795,USB-C Charging Cable,1,11.95,05/11/19 14:18,"884 Forest St, New York City, NY 10001"
202796,27in FHD Monitor,1,149.99,05/07/19 15:08,"451 12th St, New York City, NY 10001"
202797,AA Batteries (4-pack),2,3.84,05/19/19 07:45,"766 Cedar St, Atlanta, GA 30301"
202798,AA Batteries (4-pack),1,3.84,05/13/19 16:24,"187 Elm St, New York City, NY 10001"
202799,AA Batteries (4-pack),1,3.84,05/28/19 03:59,"870 8th St, New York City, NY 10001"
202800,USB-C Charging Cable,1,11.95,05/09/19 22:26,"853 Main St, Austin, TX 73301"
202801,Bose SoundSport Headphones,1,99.99,05/14/19 08:48,"882 1st St, Atlanta, GA 30301"
202802,AA Batteries (4-pack),1,3.84,05/15/19 11:58,"501 Forest St, Los Angeles, CA 90001"
202803,USB-C Charging Cable,1,11.95,05/13/19 10:44,"470 Spruce St, Los Angeles, CA 90001"
202804,AA Batteries (4-pack),1,3.84,05/14/19 22:05,"882 Walnut St, New York City, NY 10001"
202805,Wired Headphones,1,11.99,05/09/19 22:45,"509 Wilson St, New York City, NY 10001"
202806,20in Monitor,1,109.99,05/08/19 10:03,"961 North St, Dallas, TX 75001"
202807,Bose SoundSport Headphones,1,99.99,05/04/19 09:54,"392 Hill St, San Francisco, CA 94016"
202808,AAA Batteries (4-pack),1,2.99,05/05/19 11:49,"52 Chestnut St, San Francisco, CA 94016"
202809,AAA Batteries (4-pack),1,2.99,05/31/19 21:18,"514 Jefferson St, New York City, NY 10001"
202810,AAA Batteries (4-pack),1,2.99,05/04/19 08:49,"599 Willow St, Seattle, WA 98101"
202811,Apple Airpods Headphones,1,150,05/07/19 23:04,"692 Lake St, New York City, NY 10001"
202811,Wired Headphones,1,11.99,05/07/19 23:04,"692 Lake St, New York City, NY 10001"
202812,AAA Batteries (4-pack),1,2.99,05/26/19 22:37,"161 Ridge St, Boston, MA 02215"
202813,Wired Headphones,1,11.99,05/25/19 18:33,"56 Dogwood St, Los Angeles, CA 90001"
202814,ThinkPad Laptop,1,999.99,05/25/19 15:09,"811 Hill St, Los Angeles, CA 90001"
202815,AA Batteries (4-pack),1,3.84,05/03/19 11:49,"222 Wilson St, Seattle, WA 98101"
202816,Wired Headphones,1,11.99,05/13/19 15:33,"427 South St, San Francisco, CA 94016"
202817,27in FHD Monitor,1,149.99,05/12/19 18:11,"47 Spruce St, Los Angeles, CA 90001"
202818,27in 4K Gaming Monitor,1,389.99,05/12/19 17:16,"687 2nd St, New York City, NY 10001"
202819,Bose SoundSport Headphones,1,99.99,05/02/19 22:01,"982 Highland St, Los Angeles, CA 90001"
202820,Flatscreen TV,1,300,05/28/19 18:15,"220 Sunset St, Dallas, TX 75001"
202821,Lightning Charging Cable,1,14.95,05/25/19 13:07,"134 River St, Seattle, WA 98101"
202822,Lightning Charging Cable,1,14.95,05/07/19 19:37,"377 4th St, San Francisco, CA 94016"
202823,Bose SoundSport Headphones,1,99.99,05/16/19 23:39,"180 14th St, New York City, NY 10001"
202824,Google Phone,1,600,05/08/19 10:09,"514 Maple St, Dallas, TX 75001"
202825,AAA Batteries (4-pack),2,2.99,05/14/19 17:23,"831 River St, Atlanta, GA 30301"
202826,AAA Batteries (4-pack),2,2.99,05/23/19 17:24,"894 Maple St, Atlanta, GA 30301"
202827,Bose SoundSport Headphones,1,99.99,05/16/19 10:02,"428 6th St, Seattle, WA 98101"
202828,AAA Batteries (4-pack),1,2.99,05/04/19 14:37,"840 Johnson St, Los Angeles, CA 90001"
202829,iPhone,1,700,05/17/19 07:00,"598 Jackson St, Dallas, TX 75001"
202830,iPhone,1,700,05/16/19 11:13,"109 Washington St, New York City, NY 10001"
202831,Flatscreen TV,1,300,05/27/19 17:37,"56 Hickory St, San Francisco, CA 94016"
202832,Wired Headphones,1,11.99,05/04/19 20:57,"251 Madison St, Dallas, TX 75001"
202833,Lightning Charging Cable,1,14.95,05/12/19 11:33,"737 Cedar St, Boston, MA 02215"
202834,AA Batteries (4-pack),1,3.84,05/09/19 18:55,"404 Chestnut St, San Francisco, CA 94016"
202835,AAA Batteries (4-pack),1,2.99,05/26/19 22:53,"655 13th St, Dallas, TX 75001"
202836,AAA Batteries (4-pack),1,2.99,05/12/19 23:38,"888 14th St, New York City, NY 10001"
202837,USB-C Charging Cable,1,11.95,05/26/19 12:15,"617 Jackson St, Dallas, TX 75001"
202838,Vareebadd Phone,1,400,05/25/19 13:08,"379 Walnut St, Los Angeles, CA 90001"
202839,Apple Airpods Headphones,1,150,05/30/19 07:42,"571 Main St, San Francisco, CA 94016"
202840,AA Batteries (4-pack),1,3.84,05/19/19 12:42,"479 Elm St, New York City, NY 10001"
202841,Apple Airpods Headphones,1,150,05/18/19 19:02,"979 Meadow St, San Francisco, CA 94016"
202842,Wired Headphones,1,11.99,05/29/19 14:45,"808 Jefferson St, Atlanta, GA 30301"
202842,USB-C Charging Cable,1,11.95,05/29/19 14:45,"808 Jefferson St, Atlanta, GA 30301"
202843,AAA Batteries (4-pack),1,2.99,05/01/19 20:24,"681 North St, San Francisco, CA 94016"
202844,34in Ultrawide Monitor,1,379.99,05/26/19 12:17,"655 Center St, Seattle, WA 98101"
202845,USB-C Charging Cable,1,11.95,05/21/19 23:34,"864 9th St, Austin, TX 73301"
202846,AAA Batteries (4-pack),1,2.99,05/20/19 14:03,"510 1st St, San Francisco, CA 94016"
202847,AAA Batteries (4-pack),2,2.99,05/14/19 23:57,"448 Madison St, Seattle, WA 98101"
202848,AAA Batteries (4-pack),1,2.99,05/15/19 20:27,"790 Washington St, Boston, MA 02215"
202849,Bose SoundSport Headphones,1,99.99,05/14/19 11:36,"704 14th St, New York City, NY 10001"
202850,27in 4K Gaming Monitor,1,389.99,05/18/19 16:24,"105 West St, Boston, MA 02215"
202851,USB-C Charging Cable,1,11.95,05/15/19 09:53,"797 River St, Portland, ME 04101"
202852,27in FHD Monitor,1,149.99,05/24/19 11:00,"544 8th St, Austin, TX 73301"
202853,LG Dryer,1,600.0,05/18/19 11:16,"645 5th St, New York City, NY 10001"
202854,Lightning Charging Cable,1,14.95,05/23/19 09:36,"140 Johnson St, Dallas, TX 75001"
202855,AAA Batteries (4-pack),1,2.99,05/14/19 10:56,"298 Sunset St, Los Angeles, CA 90001"
202856,Bose SoundSport Headphones,1,99.99,05/30/19 16:08,"501 9th St, New York City, NY 10001"
202857,Macbook Pro Laptop,1,1700,05/13/19 11:21,"151 Highland St, New York City, NY 10001"
202858,Bose SoundSport Headphones,1,99.99,05/01/19 19:42,"555 Chestnut St, San Francisco, CA 94016"
202859,Apple Airpods Headphones,1,150,05/27/19 04:33,"572 Pine St, Seattle, WA 98101"
202860,Google Phone,1,600,05/25/19 10:00,"961 River St, New York City, NY 10001"
202861,AAA Batteries (4-pack),1,2.99,05/23/19 19:50,"674 Lakeview St, Seattle, WA 98101"
202862,USB-C Charging Cable,1,11.95,05/02/19 09:09,"791 Forest St, Boston, MA 02215"
202863,USB-C Charging Cable,1,11.95,05/20/19 16:57,"243 Hill St, Dallas, TX 75001"
202864,USB-C Charging Cable,1,11.95,05/18/19 15:51,"715 West St, San Francisco, CA 94016"
202865,AAA Batteries (4-pack),1,2.99,05/26/19 17:46,"607 Main St, Los Angeles, CA 90001"
202866,USB-C Charging Cable,1,11.95,05/25/19 20:50,"66 Meadow St, Los Angeles, CA 90001"
202867,AAA Batteries (4-pack),2,2.99,05/19/19 05:08,"759 11th St, Boston, MA 02215"
202868,Lightning Charging Cable,1,14.95,05/31/19 09:15,"351 Maple St, San Francisco, CA 94016"
202869,LG Washing Machine,1,600.0,05/30/19 19:58,"997 Meadow St, Dallas, TX 75001"
202870,27in FHD Monitor,1,149.99,05/16/19 01:37,"45 Jefferson St, San Francisco, CA 94016"
202871,USB-C Charging Cable,1,11.95,05/23/19 20:28,"442 12th St, Austin, TX 73301"
202872,AAA Batteries (4-pack),1,2.99,05/04/19 16:44,"356 Cherry St, New York City, NY 10001"
202873,iPhone,1,700,05/26/19 17:02,"594 Johnson St, Los Angeles, CA 90001"
202874,Lightning Charging Cable,3,14.95,05/12/19 21:14,"963 4th St, San Francisco, CA 94016"
202875,Wired Headphones,1,11.99,05/05/19 17:04,"78 Jefferson St, Dallas, TX 75001"
202876,34in Ultrawide Monitor,1,379.99,05/22/19 17:53,"718 River St, Los Angeles, CA 90001"
202877,Apple Airpods Headphones,1,150,05/07/19 14:10,"236 Jefferson St, Los Angeles, CA 90001"
202878,27in FHD Monitor,1,149.99,05/29/19 19:34,"603 12th St, Boston, MA 02215"
202879,Macbook Pro Laptop,1,1700,05/24/19 19:17,"501 Cherry St, San Francisco, CA 94016"
202880,AAA Batteries (4-pack),2,2.99,05/14/19 13:41,"613 Elm St, San Francisco, CA 94016"
202881,Lightning Charging Cable,1,14.95,05/01/19 16:05,"173 Forest St, New York City, NY 10001"
202882,iPhone,1,700,05/03/19 16:22,"694 South St, New York City, NY 10001"
202883,ThinkPad Laptop,1,999.99,05/29/19 16:07,"450 Cherry St, Boston, MA 02215"
202884,Apple Airpods Headphones,1,150,05/21/19 18:33,"643 Cedar St, San Francisco, CA 94016"
202885,Apple Airpods Headphones,1,150,05/10/19 17:36,"5 West St, Los Angeles, CA 90001"
202886,27in 4K Gaming Monitor,1,389.99,05/24/19 14:27,"639 South St, San Francisco, CA 94016"
202887,Wired Headphones,1,11.99,05/03/19 13:44,"968 Johnson St, San Francisco, CA 94016"
202888,USB-C Charging Cable,1,11.95,05/14/19 13:06,"726 Main St, Los Angeles, CA 90001"
202889,Lightning Charging Cable,1,14.95,05/29/19 13:19,"286 8th St, Dallas, TX 75001"
202890,27in FHD Monitor,1,149.99,05/05/19 16:01,"543 Spruce St, Los Angeles, CA 90001"
202891,Wired Headphones,2,11.99,05/30/19 22:54,"829 12th St, New York City, NY 10001"
202892,AAA Batteries (4-pack),1,2.99,05/22/19 22:18,"472 Walnut St, Boston, MA 02215"
202893,Bose SoundSport Headphones,1,99.99,05/12/19 08:21,"107 Washington St, Los Angeles, CA 90001"
202894,Lightning Charging Cable,1,14.95,05/31/19 09:56,"862 Walnut St, San Francisco, CA 94016"
202895,Wired Headphones,1,11.99,05/13/19 20:40,"636 Hickory St, Los Angeles, CA 90001"
202896,Bose SoundSport Headphones,1,99.99,05/29/19 18:33,"737 Hill St, Portland, OR 97035"
202897,Lightning Charging Cable,1,14.95,05/20/19 21:18,"751 11th St, San Francisco, CA 94016"
202898,AA Batteries (4-pack),6,3.84,05/14/19 17:47,"276 2nd St, San Francisco, CA 94016"
202899,AAA Batteries (4-pack),1,2.99,05/11/19 22:20,"352 Highland St, San Francisco, CA 94016"
202900,USB-C Charging Cable,1,11.95,05/04/19 17:31,"278 Cedar St, Los Angeles, CA 90001"
202901,Lightning Charging Cable,1,14.95,05/26/19 19:48,"737 Meadow St, Portland, OR 97035"
202902,AAA Batteries (4-pack),7,2.99,05/23/19 19:58,"901 Chestnut St, Boston, MA 02215"
202903,Apple Airpods Headphones,1,150,05/04/19 12:33,"593 4th St, Seattle, WA 98101"
202904,iPhone,1,700,05/05/19 19:47,"979 11th St, San Francisco, CA 94016"
202905,AAA Batteries (4-pack),2,2.99,05/02/19 11:56,"835 Ridge St, San Francisco, CA 94016"
202906,20in Monitor,1,109.99,05/09/19 12:13,"785 11th St, Dallas, TX 75001"
202906,Macbook Pro Laptop,1,1700,05/09/19 12:13,"785 11th St, Dallas, TX 75001"
202907,AA Batteries (4-pack),2,3.84,05/03/19 15:54,"156 Madison St, Los Angeles, CA 90001"
202908,USB-C Charging Cable,1,11.95,05/13/19 07:55,"149 6th St, San Francisco, CA 94016"
202909,Bose SoundSport Headphones,1,99.99,05/07/19 14:56,"438 10th St, Atlanta, GA 30301"
202910,iPhone,1,700,05/25/19 12:42,"654 Highland St, Los Angeles, CA 90001"
202910,Lightning Charging Cable,1,14.95,05/25/19 12:42,"654 Highland St, Los Angeles, CA 90001"
202911,AAA Batteries (4-pack),1,2.99,05/17/19 18:17,"594 Meadow St, Atlanta, GA 30301"
202912,ThinkPad Laptop,1,999.99,05/16/19 11:15,"728 Washington St, Portland, ME 04101"
202913,AA Batteries (4-pack),1,3.84,05/02/19 18:43,"251 North St, Atlanta, GA 30301"
202914,USB-C Charging Cable,1,11.95,05/08/19 20:55,"464 Johnson St, New York City, NY 10001"
202915,Flatscreen TV,1,300,05/13/19 16:29,"109 1st St, Atlanta, GA 30301"
202916,USB-C Charging Cable,1,11.95,05/01/19 17:07,"337 Madison St, New York City, NY 10001"
202917,Flatscreen TV,1,300,05/06/19 19:42,"444 North St, New York City, NY 10001"
202918,Apple Airpods Headphones,1,150,05/24/19 22:08,"550 Wilson St, Boston, MA 02215"
202919,Flatscreen TV,1,300,05/01/19 16:51,"382 Lake St, Boston, MA 02215"
202919,USB-C Charging Cable,1,11.95,05/01/19 16:51,"382 Lake St, Boston, MA 02215"
202920,USB-C Charging Cable,1,11.95,05/19/19 20:29,"775 Lake St, Austin, TX 73301"
202921,AA Batteries (4-pack),1,3.84,05/06/19 14:32,"894 Jackson St, San Francisco, CA 94016"
202922,Apple Airpods Headphones,1,150,05/01/19 12:40,"408 Lake St, San Francisco, CA 94016"
202923,AA Batteries (4-pack),1,3.84,05/09/19 18:29,"476 Meadow St, Boston, MA 02215"
202924,27in 4K Gaming Monitor,1,389.99,05/06/19 12:59,"586 1st St, Portland, OR 97035"
202925,Lightning Charging Cable,1,14.95,05/29/19 21:43,"334 Highland St, Portland, OR 97035"
202925,Lightning Charging Cable,2,14.95,05/29/19 21:43,"334 Highland St, Portland, OR 97035"
202926,USB-C Charging Cable,1,11.95,05/02/19 10:34,"484 2nd St, San Francisco, CA 94016"
202927,34in Ultrawide Monitor,1,379.99,05/19/19 18:37,"909 6th St, Boston, MA 02215"
202928,AA Batteries (4-pack),2,3.84,05/19/19 12:43,"859 Cedar St, Los Angeles, CA 90001"
202929,20in Monitor,1,109.99,05/14/19 14:40,"341 7th St, Boston, MA 02215"
202930,Flatscreen TV,1,300,05/18/19 14:34,"926 Park St, San Francisco, CA 94016"
202931,34in Ultrawide Monitor,1,379.99,05/23/19 10:38,"503 South St, Seattle, WA 98101"
202932,Apple Airpods Headphones,1,150,05/20/19 14:32,"426 South St, Seattle, WA 98101"
202933,Lightning Charging Cable,1,14.95,05/31/19 06:14,"975 Meadow St, Portland, OR 97035"
202934,USB-C Charging Cable,1,11.95,05/20/19 08:40,"817 Sunset St, Portland, OR 97035"
202935,USB-C Charging Cable,1,11.95,05/10/19 16:10,"869 Lincoln St, Los Angeles, CA 90001"
202936,AA Batteries (4-pack),2,3.84,05/17/19 17:21,"923 Church St, San Francisco, CA 94016"
202937,Apple Airpods Headphones,1,150,05/12/19 13:29,"30 Johnson St, Dallas, TX 75001"
202938,iPhone,1,700,05/09/19 00:39,"285 Dogwood St, Los Angeles, CA 90001"
202939,USB-C Charging Cable,1,11.95,05/19/19 13:07,"619 Center St, San Francisco, CA 94016"
202940,34in Ultrawide Monitor,1,379.99,05/01/19 19:25,"553 Madison St, San Francisco, CA 94016"
202941,Apple Airpods Headphones,1,150,05/30/19 17:15,"66 5th St, Los Angeles, CA 90001"
202942,iPhone,1,700,05/19/19 16:18,"566 Center St, San Francisco, CA 94016"
202943,27in FHD Monitor,1,149.99,05/22/19 16:41,"134 Madison St, Los Angeles, CA 90001"
202944,AAA Batteries (4-pack),2,2.99,05/19/19 19:39,"151 Cherry St, Los Angeles, CA 90001"
202945,Lightning Charging Cable,1,14.95,05/29/19 04:00,"984 Park St, Atlanta, GA 30301"
202946,Wired Headphones,2,11.99,05/14/19 00:53,"438 Wilson St, Los Angeles, CA 90001"
202947,AAA Batteries (4-pack),1,2.99,05/16/19 11:21,"95 10th St, Los Angeles, CA 90001"
202948,AA Batteries (4-pack),1,3.84,05/21/19 21:07,"429 1st St, Los Angeles, CA 90001"
202948,27in 4K Gaming Monitor,1,389.99,05/21/19 21:07,"429 1st St, Los Angeles, CA 90001"
202949,Wired Headphones,1,11.99,05/17/19 13:06,"182 Highland St, Boston, MA 02215"
202950,iPhone,1,700,05/19/19 11:08,"65 Lakeview St, San Francisco, CA 94016"
202950,Lightning Charging Cable,1,14.95,05/19/19 11:08,"65 Lakeview St, San Francisco, CA 94016"
202951,Wired Headphones,2,11.99,05/25/19 01:29,"660 7th St, Portland, OR 97035"
202952,Lightning Charging Cable,1,14.95,05/12/19 21:03,"902 Center St, New York City, NY 10001"
202953,27in FHD Monitor,1,149.99,05/26/19 13:39,"583 Jefferson St, New York City, NY 10001"
202954,AAA Batteries (4-pack),1,2.99,05/20/19 09:25,"905 8th St, Seattle, WA 98101"
202955,USB-C Charging Cable,1,11.95,05/20/19 17:30,"739 West St, San Francisco, CA 94016"
202956,Wired Headphones,1,11.99,05/14/19 13:00,"4 8th St, Los Angeles, CA 90001"
202957,27in 4K Gaming Monitor,1,389.99,05/08/19 18:56,"27 West St, Dallas, TX 75001"
202958,Lightning Charging Cable,1,14.95,05/01/19 09:45,"925 Lake St, Atlanta, GA 30301"
202959,27in FHD Monitor,1,149.99,05/30/19 15:30,"971 Church St, Atlanta, GA 30301"
202960,USB-C Charging Cable,1,11.95,05/18/19 10:07,"545 Hickory St, San Francisco, CA 94016"
202961,27in FHD Monitor,1,149.99,05/25/19 19:03,"297 Center St, Portland, ME 04101"
202962,AA Batteries (4-pack),2,3.84,05/21/19 20:39,"206 North St, Austin, TX 73301"
202963,Lightning Charging Cable,1,14.95,05/15/19 10:18,"642 Hill St, Seattle, WA 98101"
202964,Bose SoundSport Headphones,2,99.99,05/13/19 13:18,"274 Cherry St, Dallas, TX 75001"
202965,Wired Headphones,1,11.99,05/06/19 18:20,"436 Cedar St, Atlanta, GA 30301"
202966,Wired Headphones,1,11.99,05/10/19 12:41,"721 1st St, Los Angeles, CA 90001"
202967,Lightning Charging Cable,1,14.95,05/14/19 20:16,"335 River St, Dallas, TX 75001"
202968,Apple Airpods Headphones,1,150,05/19/19 23:40,"235 6th St, Portland, OR 97035"
202969,AAA Batteries (4-pack),1,2.99,05/30/19 09:37,"699 Wilson St, Boston, MA 02215"
202970,Lightning Charging Cable,1,14.95,05/17/19 06:06,"254 Adams St, Portland, OR 97035"
202971,iPhone,1,700,05/05/19 21:04,"170 Cherry St, Los Angeles, CA 90001"
202972,ThinkPad Laptop,1,999.99,05/03/19 15:14,"418 Cherry St, San Francisco, CA 94016"
202973,AA Batteries (4-pack),1,3.84,05/21/19 13:16,"973 Main St, Dallas, TX 75001"
202974,Wired Headphones,1,11.99,05/27/19 15:00,"827 Meadow St, New York City, NY 10001"
202975,27in FHD Monitor,1,149.99,05/24/19 16:15,"955 Cedar St, San Francisco, CA 94016"
202976,Google Phone,1,600,05/01/19 19:08,"662 Wilson St, Dallas, TX 75001"
202977,Apple Airpods Headphones,1,150,05/17/19 09:02,"18 Park St, Los Angeles, CA 90001"
202978,20in Monitor,1,109.99,05/23/19 12:58,"347 Pine St, San Francisco, CA 94016"
202979,Wired Headphones,1,11.99,05/10/19 20:04,"143 Forest St, Los Angeles, CA 90001"
202980,USB-C Charging Cable,1,11.95,05/04/19 19:34,"655 5th St, Los Angeles, CA 90001"
202981,Bose SoundSport Headphones,1,99.99,05/24/19 06:20,"261 Jefferson St, San Francisco, CA 94016"
202982,Bose SoundSport Headphones,1,99.99,05/11/19 00:25,"728 6th St, Portland, OR 97035"
202983,Wired Headphones,1,11.99,05/29/19 17:54,"204 River St, San Francisco, CA 94016"
202984,Wired Headphones,1,11.99,05/24/19 06:38,"258 7th St, Atlanta, GA 30301"
202985,AA Batteries (4-pack),2,3.84,05/10/19 18:49,"722 Meadow St, Seattle, WA 98101"
202986,iPhone,1,700,05/22/19 22:04,"558 Highland St, Los Angeles, CA 90001"
202987,Bose SoundSport Headphones,1,99.99,05/18/19 08:59,"697 Willow St, Atlanta, GA 30301"
202988,Bose SoundSport Headphones,1,99.99,05/19/19 10:50,"128 South St, Los Angeles, CA 90001"
202989,Apple Airpods Headphones,1,150,05/01/19 13:16,"329 South St, San Francisco, CA 94016"
202990,Apple Airpods Headphones,1,150,05/26/19 18:10,"931 Willow St, New York City, NY 10001"
202991,27in FHD Monitor,1,149.99,05/29/19 11:17,"251 Jackson St, Dallas, TX 75001"
202992,Wired Headphones,1,11.99,05/07/19 09:28,"166 Sunset St, New York City, NY 10001"
202992,AAA Batteries (4-pack),3,2.99,05/07/19 09:28,"166 Sunset St, New York City, NY 10001"
202993,iPhone,1,700,05/21/19 16:08,"263 Walnut St, San Francisco, CA 94016"
202993,Lightning Charging Cable,1,14.95,05/21/19 16:08,"263 Walnut St, San Francisco, CA 94016"
202994,27in 4K Gaming Monitor,1,389.99,05/14/19 09:22,"612 5th St, New York City, NY 10001"
202995,20in Monitor,1,109.99,05/23/19 06:37,"419 Hill St, Los Angeles, CA 90001"
202996,iPhone,1,700,05/20/19 08:16,"851 14th St, New York City, NY 10001"
202997,iPhone,1,700,05/27/19 16:05,"392 Park St, San Francisco, CA 94016"
202998,AAA Batteries (4-pack),1,2.99,05/29/19 15:07,"715 Dogwood St, New York City, NY 10001"
202999,20in Monitor,1,109.99,05/03/19 20:41,"27 Jefferson St, San Francisco, CA 94016"
203000,Google Phone,1,600,05/25/19 15:10,"594 Wilson St, San Francisco, CA 94016"
203001,Google Phone,1,600,05/05/19 10:31,"803 South St, Boston, MA 02215"
203002,Lightning Charging Cable,1,14.95,05/22/19 05:35,"686 1st St, San Francisco, CA 94016"
203002,27in FHD Monitor,1,149.99,05/22/19 05:35,"686 1st St, San Francisco, CA 94016"
203003,34in Ultrawide Monitor,1,379.99,05/15/19 22:03,"320 Elm St, New York City, NY 10001"
203004,Apple Airpods Headphones,1,150,05/15/19 22:08,"601 2nd St, Portland, OR 97035"
203005,USB-C Charging Cable,1,11.95,05/04/19 10:20,"90 Willow St, Los Angeles, CA 90001"
203006,AAA Batteries (4-pack),1,2.99,05/27/19 23:18,"548 Sunset St, Austin, TX 73301"
203007,ThinkPad Laptop,1,999.99,05/25/19 19:35,"529 Jefferson St, Seattle, WA 98101"
203008,AA Batteries (4-pack),1,3.84,05/07/19 11:11,"197 Hickory St, Atlanta, GA 30301"
203009,AA Batteries (4-pack),1,3.84,05/02/19 21:37,"42 Lincoln St, San Francisco, CA 94016"
203010,Bose SoundSport Headphones,1,99.99,05/25/19 18:57,"953 Meadow St, Los Angeles, CA 90001"
203011,27in 4K Gaming Monitor,1,389.99,05/25/19 22:03,"404 12th St, New York City, NY 10001"
203012,USB-C Charging Cable,1,11.95,05/18/19 22:04,"978 Elm St, San Francisco, CA 94016"
203013,AAA Batteries (4-pack),1,2.99,05/17/19 09:06,"492 Spruce St, New York City, NY 10001"
203014,USB-C Charging Cable,1,11.95,05/21/19 07:21,"560 Church St, Atlanta, GA 30301"
203015,Apple Airpods Headphones,1,150,05/30/19 11:01,"892 Park St, Atlanta, GA 30301"
203016,27in 4K Gaming Monitor,1,389.99,05/28/19 13:43,"697 West St, Portland, OR 97035"
203017,Lightning Charging Cable,1,14.95,05/21/19 20:38,"651 Willow St, Dallas, TX 75001"
203018,Vareebadd Phone,1,400,05/25/19 09:42,"139 Wilson St, Los Angeles, CA 90001"
203018,Bose SoundSport Headphones,1,99.99,05/25/19 09:42,"139 Wilson St, Los Angeles, CA 90001"
203019,Flatscreen TV,1,300,05/06/19 14:25,"448 Wilson St, San Francisco, CA 94016"
203020,iPhone,1,700,05/30/19 10:10,"419 West St, Boston, MA 02215"
203021,Apple Airpods Headphones,1,150,05/08/19 23:19,"594 2nd St, Seattle, WA 98101"
203022,Wired Headphones,1,11.99,05/18/19 10:05,"985 Dogwood St, New York City, NY 10001"
203023,Apple Airpods Headphones,1,150,05/22/19 16:43,"480 9th St, San Francisco, CA 94016"
203024,Lightning Charging Cable,1,14.95,05/07/19 17:24,"918 13th St, New York City, NY 10001"
203025,USB-C Charging Cable,1,11.95,05/13/19 10:50,"762 Jefferson St, Boston, MA 02215"
203026,AAA Batteries (4-pack),1,2.99,05/22/19 20:55,"874 7th St, New York City, NY 10001"
203027,Bose SoundSport Headphones,1,99.99,05/14/19 14:00,"32 Dogwood St, San Francisco, CA 94016"
203028,USB-C Charging Cable,1,11.95,05/16/19 08:58,"161 Cherry St, San Francisco, CA 94016"
203029,Apple Airpods Headphones,1,150,05/15/19 15:42,"805 Jefferson St, San Francisco, CA 94016"
203030,AA Batteries (4-pack),1,3.84,05/02/19 18:04,"77 13th St, Dallas, TX 75001"
203031,iPhone,1,700,05/29/19 12:36,"671 West St, Atlanta, GA 30301"
203032,AA Batteries (4-pack),1,3.84,05/18/19 13:44,"512 Madison St, Boston, MA 02215"
203033,Lightning Charging Cable,1,14.95,05/02/19 09:17,"928 Jefferson St, Seattle, WA 98101"
203034,Vareebadd Phone,1,400,05/14/19 20:15,"785 1st St, Los Angeles, CA 90001"
203035,Bose SoundSport Headphones,1,99.99,05/01/19 14:23,"806 Highland St, Los Angeles, CA 90001"
203036,USB-C Charging Cable,1,11.95,05/08/19 11:19,"744 Lakeview St, New York City, NY 10001"
203037,Lightning Charging Cable,1,14.95,05/22/19 11:05,"540 Pine St, San Francisco, CA 94016"
203038,27in 4K Gaming Monitor,1,389.99,05/17/19 21:42,"820 Jefferson St, San Francisco, CA 94016"
203039,USB-C Charging Cable,1,11.95,05/20/19 08:53,"628 Ridge St, San Francisco, CA 94016"
203040,Wired Headphones,1,11.99,05/20/19 21:25,"821 Park St, Los Angeles, CA 90001"
203041,iPhone,1,700,05/24/19 10:02,"48 14th St, San Francisco, CA 94016"
203042,AAA Batteries (4-pack),1,2.99,05/23/19 13:15,"492 Washington St, San Francisco, CA 94016"
203043,Lightning Charging Cable,1,14.95,05/18/19 16:21,"312 11th St, Boston, MA 02215"
203044,Bose SoundSport Headphones,1,99.99,05/02/19 17:41,"65 1st St, Atlanta, GA 30301"
203045,Lightning Charging Cable,1,14.95,05/27/19 20:40,"674 13th St, Los Angeles, CA 90001"
203046,Bose SoundSport Headphones,1,99.99,05/02/19 12:33,"354 2nd St, Portland, OR 97035"
203047,Wired Headphones,1,11.99,05/10/19 10:18,"402 4th St, San Francisco, CA 94016"
203048,AA Batteries (4-pack),2,3.84,05/01/19 12:57,"392 Spruce St, New York City, NY 10001"
203049,USB-C Charging Cable,1,11.95,05/02/19 18:59,"359 Maple St, Seattle, WA 98101"
203050,AA Batteries (4-pack),1,3.84,05/20/19 21:13,"181 Lakeview St, Dallas, TX 75001"
203051,Bose SoundSport Headphones,1,99.99,05/23/19 15:42,"641 Hill St, Atlanta, GA 30301"
203052,Macbook Pro Laptop,1,1700,05/02/19 21:52,"830 Forest St, New York City, NY 10001"
203053,34in Ultrawide Monitor,1,379.99,05/09/19 12:07,"81 Lincoln St, San Francisco, CA 94016"
203054,AAA Batteries (4-pack),2,2.99,05/11/19 17:15,"377 7th St, New York City, NY 10001"
203055,Apple Airpods Headphones,1,150,05/09/19 18:34,"231 Walnut St, Boston, MA 02215"
203056,Vareebadd Phone,1,400,05/18/19 15:01,"769 Lincoln St, Los Angeles, CA 90001"
203057,Bose SoundSport Headphones,1,99.99,05/23/19 19:55,"90 Meadow St, Atlanta, GA 30301"
203058,Lightning Charging Cable,1,14.95,05/08/19 00:06,"689 5th St, New York City, NY 10001"
203059,AA Batteries (4-pack),1,3.84,05/31/19 12:45,"810 Highland St, Boston, MA 02215"
203060,AAA Batteries (4-pack),2,2.99,05/06/19 15:02,"292 Spruce St, Portland, OR 97035"
203061,Bose SoundSport Headphones,1,99.99,05/27/19 20:29,"873 Cedar St, Boston, MA 02215"
203062,USB-C Charging Cable,1,11.95,05/04/19 20:47,"263 11th St, Boston, MA 02215"
203063,USB-C Charging Cable,1,11.95,05/04/19 19:45,"652 Park St, San Francisco, CA 94016"
203064,USB-C Charging Cable,1,11.95,05/29/19 17:29,"823 Church St, San Francisco, CA 94016"
203065,Wired Headphones,1,11.99,05/01/19 20:20,"810 Cedar St, San Francisco, CA 94016"
203066,Apple Airpods Headphones,1,150,05/18/19 21:37,"704 6th St, Los Angeles, CA 90001"
203067,Wired Headphones,1,11.99,05/18/19 11:58,"842 Maple St, New York City, NY 10001"
203068,USB-C Charging Cable,1,11.95,05/09/19 13:16,"985 Sunset St, Portland, OR 97035"
203069,AA Batteries (4-pack),1,3.84,05/12/19 11:30,"10 Madison St, Dallas, TX 75001"
203070,AAA Batteries (4-pack),1,2.99,05/22/19 08:29,"451 12th St, Los Angeles, CA 90001"
203071,Bose SoundSport Headphones,1,99.99,05/23/19 19:27,"398 10th St, San Francisco, CA 94016"
203072,Apple Airpods Headphones,1,150,05/14/19 12:08,"85 Adams St, New York City, NY 10001"
203073,AA Batteries (4-pack),1,3.84,05/13/19 08:04,"598 13th St, Seattle, WA 98101"
203074,27in FHD Monitor,1,149.99,05/14/19 19:40,"36 10th St, Atlanta, GA 30301"
203075,27in 4K Gaming Monitor,1,389.99,05/18/19 03:47,"951 Madison St, San Francisco, CA 94016"
203076,Bose SoundSport Headphones,1,99.99,05/07/19 10:15,"641 Dogwood St, San Francisco, CA 94016"
203077,Wired Headphones,1,11.99,05/20/19 12:43,"820 North St, San Francisco, CA 94016"
203078,AAA Batteries (4-pack),1,2.99,05/06/19 11:53,"693 Dogwood St, Atlanta, GA 30301"
203079,AA Batteries (4-pack),2,3.84,05/19/19 17:31,"600 Center St, Portland, OR 97035"
203080,Lightning Charging Cable,1,14.95,05/14/19 21:13,"950 8th St, Dallas, TX 75001"
203081,AA Batteries (4-pack),1,3.84,05/02/19 15:47,"77 Lake St, New York City, NY 10001"
203082,AA Batteries (4-pack),2,3.84,05/06/19 16:19,"819 5th St, San Francisco, CA 94016"
203083,Macbook Pro Laptop,1,1700,05/28/19 18:28,"742 Hickory St, Dallas, TX 75001"
203084,iPhone,1,700,05/17/19 23:53,"49 8th St, Los Angeles, CA 90001"
203085,Lightning Charging Cable,1,14.95,05/29/19 15:46,"723 11th St, Los Angeles, CA 90001"
203086,AAA Batteries (4-pack),1,2.99,05/22/19 17:01,"567 Meadow St, San Francisco, CA 94016"
203086,34in Ultrawide Monitor,1,379.99,05/22/19 17:01,"567 Meadow St, San Francisco, CA 94016"
203087,Lightning Charging Cable,1,14.95,05/06/19 17:10,"812 9th St, Atlanta, GA 30301"
203088,27in FHD Monitor,1,149.99,05/28/19 23:01,"210 11th St, Los Angeles, CA 90001"
203089,Flatscreen TV,1,300,05/19/19 11:57,"21 1st St, Atlanta, GA 30301"
203090,USB-C Charging Cable,1,11.95,05/27/19 11:02,"28 Main St, Austin, TX 73301"
203091,Wired Headphones,1,11.99,05/14/19 14:50,"556 Forest St, San Francisco, CA 94016"
203092,27in FHD Monitor,1,149.99,05/09/19 15:41,"798 Spruce St, Dallas, TX 75001"
203093,Wired Headphones,2,11.99,05/19/19 14:07,"473 Main St, Seattle, WA 98101"
203094,AA Batteries (4-pack),1,3.84,05/22/19 12:09,"147 River St, Seattle, WA 98101"
203094,Bose SoundSport Headphones,1,99.99,05/22/19 12:09,"147 River St, Seattle, WA 98101"
203095,Bose SoundSport Headphones,1,99.99,05/28/19 09:19,"490 Hickory St, Boston, MA 02215"
203096,USB-C Charging Cable,1,11.95,05/30/19 23:50,"504 Johnson St, Seattle, WA 98101"
203097,Lightning Charging Cable,1,14.95,05/05/19 13:48,"919 Walnut St, Dallas, TX 75001"
203098,Wired Headphones,1,11.99,05/24/19 13:54,"878 Madison St, Los Angeles, CA 90001"
203099,USB-C Charging Cable,1,11.95,05/09/19 15:50,"759 Ridge St, Los Angeles, CA 90001"
203100,27in 4K Gaming Monitor,1,389.99,05/03/19 20:51,"642 14th St, Boston, MA 02215"
203100,AAA Batteries (4-pack),2,2.99,05/03/19 20:51,"642 14th St, Boston, MA 02215"
203101,27in 4K Gaming Monitor,1,389.99,05/16/19 12:13,"371 Jackson St, New York City, NY 10001"
203102,USB-C Charging Cable,1,11.95,05/16/19 14:34,"632 Elm St, Atlanta, GA 30301"
203103,Flatscreen TV,1,300,05/20/19 12:36,"426 Willow St, San Francisco, CA 94016"
203104,Flatscreen TV,1,300,05/10/19 18:38,"101 4th St, Seattle, WA 98101"
203105,Lightning Charging Cable,1,14.95,05/09/19 12:09,"68 Cherry St, Seattle, WA 98101"
203106,Apple Airpods Headphones,1,150,05/04/19 20:57,"396 2nd St, Boston, MA 02215"
203107,USB-C Charging Cable,2,11.95,05/10/19 20:32,"359 Church St, Portland, OR 97035"
203108,Wired Headphones,2,11.99,05/18/19 15:34,"461 Chestnut St, Dallas, TX 75001"
203109,27in 4K Gaming Monitor,1,389.99,05/23/19 20:04,"46 Jackson St, Austin, TX 73301"
203110,Lightning Charging Cable,1,14.95,05/29/19 22:11,"362 Walnut St, San Francisco, CA 94016"
203111,Wired Headphones,1,11.99,05/06/19 08:08,"466 8th St, Boston, MA 02215"
203112,Wired Headphones,1,11.99,05/02/19 16:08,"207 Elm St, Boston, MA 02215"
203113,AAA Batteries (4-pack),1,2.99,05/27/19 08:46,"205 Ridge St, Atlanta, GA 30301"
203114,Lightning Charging Cable,1,14.95,05/25/19 19:11,"587 Maple St, New York City, NY 10001"
203115,Bose SoundSport Headphones,1,99.99,05/06/19 13:43,"145 Chestnut St, Los Angeles, CA 90001"
203116,Bose SoundSport Headphones,1,99.99,05/05/19 09:52,"36 Dogwood St, San Francisco, CA 94016"
203117,AAA Batteries (4-pack),2,2.99,05/12/19 09:53,"411 Madison St, New York City, NY 10001"
203118,ThinkPad Laptop,1,999.99,05/24/19 15:36,"763 4th St, Boston, MA 02215"
203119,AA Batteries (4-pack),1,3.84,05/16/19 11:04,"543 Center St, Boston, MA 02215"
203120,27in FHD Monitor,1,149.99,05/30/19 18:26,"596 6th St, Boston, MA 02215"
203121,Wired Headphones,1,11.99,05/18/19 12:42,"274 Madison St, Austin, TX 73301"
203122,Flatscreen TV,1,300,05/26/19 11:52,"541 Ridge St, New York City, NY 10001"
203123,iPhone,1,700,05/11/19 23:39,"601 Wilson St, Boston, MA 02215"
203124,AAA Batteries (4-pack),1,2.99,05/19/19 20:29,"448 6th St, San Francisco, CA 94016"
203125,Lightning Charging Cable,1,14.95,05/09/19 20:11,"770 12th St, San Francisco, CA 94016"
203125,AA Batteries (4-pack),1,3.84,05/09/19 20:11,"770 12th St, San Francisco, CA 94016"
203126,AA Batteries (4-pack),1,3.84,05/23/19 00:42,"259 Meadow St, Boston, MA 02215"
203127,27in FHD Monitor,1,149.99,05/25/19 20:25,"305 Forest St, Los Angeles, CA 90001"
203128,USB-C Charging Cable,1,11.95,05/12/19 10:37,"987 River St, Los Angeles, CA 90001"
203129,AA Batteries (4-pack),1,3.84,05/13/19 13:33,"283 Cherry St, Seattle, WA 98101"
203130,Lightning Charging Cable,1,14.95,05/09/19 09:18,"943 North St, Boston, MA 02215"
203131,iPhone,1,700,05/28/19 16:38,"511 Willow St, New York City, NY 10001"
203131,Lightning Charging Cable,1,14.95,05/28/19 16:38,"511 Willow St, New York City, NY 10001"
203132,USB-C Charging Cable,1,11.95,05/09/19 16:08,"768 River St, Seattle, WA 98101"
203133,Google Phone,1,600,05/14/19 18:36,"113 14th St, Los Angeles, CA 90001"
203133,USB-C Charging Cable,1,11.95,05/14/19 18:36,"113 14th St, Los Angeles, CA 90001"
203133,Wired Headphones,1,11.99,05/14/19 18:36,"113 14th St, Los Angeles, CA 90001"
203134,Bose SoundSport Headphones,1,99.99,05/21/19 18:17,"257 4th St, San Francisco, CA 94016"
203135,34in Ultrawide Monitor,1,379.99,05/05/19 11:13,"90 Dogwood St, Dallas, TX 75001"
203136,Lightning Charging Cable,1,14.95,05/09/19 13:20,"396 Highland St, Los Angeles, CA 90001"
203137,AA Batteries (4-pack),1,3.84,05/31/19 11:33,"89 Elm St, Atlanta, GA 30301"
203138,AAA Batteries (4-pack),1,2.99,05/31/19 07:54,"361 Spruce St, Dallas, TX 75001"
203139,AAA Batteries (4-pack),1,2.99,05/23/19 10:01,"162 9th St, San Francisco, CA 94016"
203140,Wired Headphones,1,11.99,05/03/19 16:14,"936 Park St, Dallas, TX 75001"
203141,Bose SoundSport Headphones,1,99.99,05/19/19 11:43,"321 Park St, Los Angeles, CA 90001"
203142,USB-C Charging Cable,1,11.95,05/17/19 21:41,"442 Cedar St, Seattle, WA 98101"
203143,Lightning Charging Cable,1,14.95,05/05/19 09:00,"727 Church St, Portland, OR 97035"
203144,AA Batteries (4-pack),3,3.84,05/08/19 11:05,"375 Lakeview St, Boston, MA 02215"
203145,AA Batteries (4-pack),1,3.84,05/21/19 23:59,"666 Jefferson St, New York City, NY 10001"
203146,Lightning Charging Cable,1,14.95,05/10/19 16:23,"953 Elm St, Portland, OR 97035"
203147,AAA Batteries (4-pack),1,2.99,05/18/19 00:01,"209 Sunset St, Austin, TX 73301"
203148,27in 4K Gaming Monitor,1,389.99,05/09/19 14:13,"234 Willow St, San Francisco, CA 94016"
203149,Google Phone,1,600,05/08/19 15:39,"655 11th St, New York City, NY 10001"
203149,USB-C Charging Cable,1,11.95,05/08/19 15:39,"655 11th St, New York City, NY 10001"
203150,Bose SoundSport Headphones,1,99.99,05/01/19 18:50,"38 Ridge St, New York City, NY 10001"
203151,Lightning Charging Cable,1,14.95,05/25/19 09:23,"716 Chestnut St, Atlanta, GA 30301"
203152,Flatscreen TV,1,300,05/03/19 10:54,"170 West St, Atlanta, GA 30301"
203153,Bose SoundSport Headphones,1,99.99,05/16/19 21:33,"796 Church St, Austin, TX 73301"
203153,AA Batteries (4-pack),1,3.84,05/16/19 21:33,"796 Church St, Austin, TX 73301"
203154,AA Batteries (4-pack),1,3.84,05/06/19 19:11,"823 2nd St, New York City, NY 10001"
203155,27in FHD Monitor,1,149.99,05/25/19 10:04,"426 6th St, San Francisco, CA 94016"
203156,Apple Airpods Headphones,1,150,05/26/19 08:28,"290 5th St, San Francisco, CA 94016"
203157,AAA Batteries (4-pack),2,2.99,05/15/19 09:43,"641 Adams St, San Francisco, CA 94016"
203158,Lightning Charging Cable,2,14.95,05/29/19 18:14,"197 7th St, Boston, MA 02215"
203159,AAA Batteries (4-pack),1,2.99,05/02/19 22:57,"823 Hill St, Los Angeles, CA 90001"
203160,27in 4K Gaming Monitor,1,389.99,05/21/19 12:40,"485 Park St, San Francisco, CA 94016"
203161,Apple Airpods Headphones,1,150,05/19/19 20:37,"419 Maple St, Dallas, TX 75001"
203162,Flatscreen TV,1,300,05/20/19 10:58,"493 10th St, Portland, OR 97035"
203163,USB-C Charging Cable,1,11.95,05/29/19 21:42,"241 Lincoln St, Boston, MA 02215"
Order ID,Product,Quantity Ordered,Price Each,Order Date,Purchase Address
203164,Wired Headphones,1,11.99,05/06/19 14:26,"34 Meadow St, San Francisco, CA 94016"
203165,Apple Airpods Headphones,1,150,05/02/19 16:24,"449 9th St, Atlanta, GA 30301"
203166,USB-C Charging Cable,1,11.95,05/23/19 11:19,"207 Washington St, New York City, NY 10001"
203167,27in FHD Monitor,1,149.99,05/19/19 09:08,"654 Hill St, Austin, TX 73301"
203168,Lightning Charging Cable,1,14.95,05/25/19 07:44,"576 Maple St, San Francisco, CA 94016"
Order ID,Product,Quantity Ordered,Price Each,Order Date,Purchase Address
203169,Lightning Charging Cable,1,14.95,05/26/19 22:01,"206 14th St, Boston, MA 02215"
203170,ThinkPad Laptop,1,999.99,05/03/19 19:56,"704 Highland St, Seattle, WA 98101"
203171,AA Batteries (4-pack),1,3.84,05/02/19 07:12,"292 1st St, Los Angeles, CA 90001"
203172,Apple Airpods Headphones,1,150,05/01/19 10:15,"258 11th St, Portland, OR 97035"
203173,Bose SoundSport Headphones,1,99.99,05/29/19 18:26,"37 Sunset St, Los Angeles, CA 90001"
203174,USB-C Charging Cable,1,11.95,05/04/19 18:12,"755 South St, Atlanta, GA 30301"
203174,27in FHD Monitor,1,149.99,05/04/19 18:12,"755 South St, Atlanta, GA 30301"
203175,Apple Airpods Headphones,1,150,05/22/19 11:48,"199 Hickory St, Los Angeles, CA 90001"
203176,AAA Batteries (4-pack),1,2.99,05/06/19 21:23,"487 River St, Los Angeles, CA 90001"
203177,USB-C Charging Cable,2,11.95,05/31/19 21:02,"973 Lakeview St, San Francisco, CA 94016"
203178,Flatscreen TV,1,300,05/09/19 01:38,"139 Chestnut St, New York City, NY 10001"
203179,Wired Headphones,1,11.99,05/04/19 14:55,"675 Wilson St, Boston, MA 02215"
203180,Lightning Charging Cable,1,14.95,05/22/19 12:59,"480 Willow St, Dallas, TX 75001"
203181,20in Monitor,1,109.99,05/02/19 11:22,"455 Park St, Portland, OR 97035"
203182,34in Ultrawide Monitor,1,379.99,05/09/19 21:09,"691 6th St, Seattle, WA 98101"
203183,20in Monitor,2,109.99,05/15/19 21:45,"238 Ridge St, New York City, NY 10001"
203184,iPhone,1,700,05/25/19 21:52,"491 13th St, Los Angeles, CA 90001"
203185,Apple Airpods Headphones,1,150,05/11/19 23:43,"734 Lincoln St, San Francisco, CA 94016"
203186,27in FHD Monitor,1,149.99,05/18/19 14:23,"706 Spruce St, New York City, NY 10001"
203187,USB-C Charging Cable,1,11.95,05/23/19 21:14,"171 Maple St, New York City, NY 10001"
203188,27in FHD Monitor,1,149.99,05/16/19 17:18,"902 Lake St, San Francisco, CA 94016"
203189,27in 4K Gaming Monitor,1,389.99,05/31/19 11:39,"351 Lake St, San Francisco, CA 94016"
203190,AA Batteries (4-pack),1,3.84,05/04/19 23:06,"375 Walnut St, San Francisco, CA 94016"
203190,Lightning Charging Cable,2,14.95,05/04/19 23:06,"375 Walnut St, San Francisco, CA 94016"
203191,iPhone,1,700,05/10/19 19:56,"87 Pine St, New York City, NY 10001"
203191,Apple Airpods Headphones,1,150,05/10/19 19:56,"87 Pine St, New York City, NY 10001"
203192,Bose SoundSport Headphones,1,99.99,05/04/19 14:56,"988 Elm St, Dallas, TX 75001"
203193,27in 4K Gaming Monitor,1,389.99,05/14/19 08:09,"172 Forest St, Boston, MA 02215"
203194,Bose SoundSport Headphones,1,99.99,05/26/19 13:05,"827 Ridge St, New York City, NY 10001"
,,,,,
203195,AAA Batteries (4-pack),1,2.99,05/19/19 22:35,"102 Church St, San Francisco, CA 94016"
203196,34in Ultrawide Monitor,1,379.99,05/19/19 01:02,"967 Adams St, New York City, NY 10001"
203197,Apple Airpods Headphones,1,150,05/03/19 11:18,"501 12th St, New York City, NY 10001"
203198,Wired Headphones,1,11.99,05/28/19 23:57,"471 5th St, Boston, MA 02215"
203199,USB-C Charging Cable,1,11.95,05/05/19 13:15,"209 North St, Boston, MA 02215"
203200,20in Monitor,1,109.99,05/22/19 23:43,"67 Madison St, New York City, NY 10001"
203201,iPhone,1,700,05/17/19 16:26,"936 Lincoln St, San Francisco, CA 94016"
203202,iPhone,1,700,05/07/19 15:34,"820 Washington St, Los Angeles, CA 90001"
203203,Lightning Charging Cable,1,14.95,05/25/19 11:29,"182 Madison St, Portland, ME 04101"
203204,AAA Batteries (4-pack),1,2.99,05/25/19 19:44,"659 7th St, Dallas, TX 75001"
203205,USB-C Charging Cable,3,11.95,05/26/19 20:53,"289 Lincoln St, Seattle, WA 98101"
203206,Wired Headphones,1,11.99,05/22/19 15:54,"852 Washington St, New York City, NY 10001"
203207,AAA Batteries (4-pack),1,2.99,05/10/19 11:28,"565 Meadow St, Boston, MA 02215"
203208,Wired Headphones,1,11.99,05/15/19 11:40,"388 Lakeview St, Atlanta, GA 30301"
203209,USB-C Charging Cable,1,11.95,05/02/19 18:40,"997 Johnson St, San Francisco, CA 94016"
203210,Google Phone,1,600,05/05/19 09:28,"611 Main St, San Francisco, CA 94016"
203211,27in FHD Monitor,1,149.99,05/06/19 18:35,"182 Forest St, Dallas, TX 75001"
203212,USB-C Charging Cable,1,11.95,05/01/19 16:50,"667 Sunset St, Dallas, TX 75001"
203213,Lightning Charging Cable,1,14.95,05/06/19 11:44,"298 Sunset St, San Francisco, CA 94016"
203214,Bose SoundSport Headphones,1,99.99,05/28/19 16:02,"761 Church St, Dallas, TX 75001"
203215,27in FHD Monitor,1,149.99,05/07/19 21:07,"41 Jackson St, Austin, TX 73301"
203216,27in FHD Monitor,1,149.99,05/26/19 20:03,"359 6th St, Portland, ME 04101"
203217,Lightning Charging Cable,1,14.95,05/09/19 19:30,"342 River St, Boston, MA 02215"
203218,Flatscreen TV,1,300,05/30/19 06:24,"746 Willow St, Los Angeles, CA 90001"
203219,AA Batteries (4-pack),1,3.84,05/22/19 14:13,"955 Forest St, Los Angeles, CA 90001"
203220,Lightning Charging Cable,1,14.95,05/23/19 07:46,"317 Sunset St, Atlanta, GA 30301"
203221,Lightning Charging Cable,2,14.95,05/18/19 22:11,"808 Lakeview St, Los Angeles, CA 90001"
203222,Apple Airpods Headphones,1,150,05/09/19 07:23,"513 Park St, Atlanta, GA 30301"
203223,Google Phone,1,600,05/14/19 22:57,"122 River St, Austin, TX 73301"
203224,AA Batteries (4-pack),1,3.84,05/06/19 19:29,"724 Spruce St, Atlanta, GA 30301"
203225,Macbook Pro Laptop,1,1700,05/24/19 19:21,"772 11th St, San Francisco, CA 94016"
203226,Wired Headphones,1,11.99,05/21/19 21:22,"783 Walnut St, Dallas, TX 75001"
203227,AAA Batteries (4-pack),1,2.99,05/30/19 17:18,"605 Center St, Boston, MA 02215"
203228,Bose SoundSport Headphones,1,99.99,05/29/19 19:11,"84 Spruce St, Boston, MA 02215"
203229,AA Batteries (4-pack),1,3.84,05/26/19 15:39,"104 Forest St, Atlanta, GA 30301"
203230,USB-C Charging Cable,1,11.95,05/20/19 17:35,"47 Cedar St, Los Angeles, CA 90001"
203231,AAA Batteries (4-pack),2,2.99,05/18/19 20:32,"475 Main St, Los Angeles, CA 90001"
203232,ThinkPad Laptop,1,999.99,05/27/19 13:57,"487 Forest St, Los Angeles, CA 90001"
203233,AAA Batteries (4-pack),1,2.99,05/13/19 21:08,"986 River St, San Francisco, CA 94016"
203234,Bose SoundSport Headphones,1,99.99,05/14/19 14:09,"900 Elm St, Seattle, WA 98101"
203235,AAA Batteries (4-pack),1,2.99,05/29/19 17:28,"855 Highland St, San Francisco, CA 94016"
203235,34in Ultrawide Monitor,1,379.99,05/29/19 17:28,"855 Highland St, San Francisco, CA 94016"
203236,Bose SoundSport Headphones,1,99.99,05/19/19 17:33,"379 Wilson St, Seattle, WA 98101"
203237,AA Batteries (4-pack),1,3.84,05/08/19 15:23,"822 Dogwood St, Los Angeles, CA 90001"
203238,20in Monitor,1,109.99,05/11/19 22:25,"726 Walnut St, San Francisco, CA 94016"
203239,USB-C Charging Cable,2,11.95,05/18/19 06:59,"139 Sunset St, Seattle, WA 98101"
203240,Apple Airpods Headphones,1,150,05/16/19 14:45,"233 Adams St, Atlanta, GA 30301"
203241,Wired Headphones,1,11.99,05/26/19 11:23,"51 Highland St, San Francisco, CA 94016"
203242,Lightning Charging Cable,1,14.95,05/16/19 19:13,"95 Forest St, San Francisco, CA 94016"
203243,AAA Batteries (4-pack),1,2.99,05/05/19 20:52,"242 8th St, Portland, OR 97035"
203244,Apple Airpods Headphones,1,150,05/25/19 09:38,"890 South St, Los Angeles, CA 90001"
203245,iPhone,1,700,05/31/19 19:49,"724 Pine St, Dallas, TX 75001"
203245,Lightning Charging Cable,1,14.95,05/31/19 19:49,"724 Pine St, Dallas, TX 75001"
203246,Wired Headphones,1,11.99,05/23/19 20:55,"693 7th St, Atlanta, GA 30301"
203247,AAA Batteries (4-pack),1,2.99,05/05/19 21:34,"987 Madison St, Seattle, WA 98101"
203248,Flatscreen TV,1,300,05/23/19 16:41,"912 Washington St, San Francisco, CA 94016"
203249,Wired Headphones,1,11.99,05/04/19 21:56,"61 Johnson St, Boston, MA 02215"
203250,AAA Batteries (4-pack),2,2.99,05/11/19 16:58,"67 13th St, San Francisco, CA 94016"
203251,USB-C Charging Cable,1,11.95,05/28/19 16:49,"791 13th St, Los Angeles, CA 90001"
203252,AA Batteries (4-pack),1,3.84,05/04/19 23:20,"206 2nd St, Los Angeles, CA 90001"
203253,Apple Airpods Headphones,1,150,05/29/19 21:51,"689 12th St, New York City, NY 10001"
203254,AAA Batteries (4-pack),1,2.99,05/01/19 14:42,"362 Jefferson St, Portland, OR 97035"
203255,iPhone,1,700,05/07/19 21:05,"716 Lincoln St, Seattle, WA 98101"
203256,Lightning Charging Cable,1,14.95,05/03/19 07:18,"714 Highland St, New York City, NY 10001"
203257,Wired Headphones,1,11.99,05/12/19 13:34,"567 Lakeview St, Austin, TX 73301"
203258,USB-C Charging Cable,1,11.95,05/08/19 15:13,"568 Ridge St, Los Angeles, CA 90001"
203259,iPhone,1,700,05/23/19 10:05,"312 Ridge St, Boston, MA 02215"
203260,Lightning Charging Cable,1,14.95,05/14/19 12:40,"12 Sunset St, Dallas, TX 75001"
203261,Lightning Charging Cable,1,14.95,05/18/19 10:12,"156 Chestnut St, San Francisco, CA 94016"
203262,Lightning Charging Cable,1,14.95,05/06/19 16:52,"576 13th St, Los Angeles, CA 90001"
203263,AAA Batteries (4-pack),1,2.99,05/19/19 17:03,"73 8th St, Austin, TX 73301"
203264,LG Washing Machine,1,600.0,05/18/19 14:19,"816 Ridge St, Portland, OR 97035"
203265,20in Monitor,1,109.99,05/20/19 17:35,"786 Main St, New York City, NY 10001"
203266,Wired Headphones,1,11.99,05/05/19 18:41,"759 Dogwood St, New York City, NY 10001"
203267,Apple Airpods Headphones,1,150,05/02/19 23:51,"473 Maple St, San Francisco, CA 94016"
203268,ThinkPad Laptop,1,999.99,05/30/19 21:14,"694 Jefferson St, Dallas, TX 75001"
203269,AAA Batteries (4-pack),1,2.99,05/13/19 22:36,"667 Elm St, Dallas, TX 75001"
203270,AA Batteries (4-pack),1,3.84,05/22/19 20:46,"732 11th St, New York City, NY 10001"
203271,Wired Headphones,1,11.99,05/19/19 23:31,"434 1st St, New York City, NY 10001"
203272,Apple Airpods Headphones,1,150,05/25/19 18:58,"29 7th St, New York City, NY 10001"
203273,AA Batteries (4-pack),1,3.84,05/15/19 20:02,"777 1st St, Los Angeles, CA 90001"
203274,AAA Batteries (4-pack),1,2.99,05/06/19 22:06,"605 14th St, San Francisco, CA 94016"
203275,USB-C Charging Cable,1,11.95,05/09/19 21:00,"665 Park St, Austin, TX 73301"
203276,27in FHD Monitor,1,149.99,05/12/19 00:59,"14 River St, Boston, MA 02215"
203277,27in FHD Monitor,1,149.99,05/01/19 17:13,"955 Elm St, Atlanta, GA 30301"
203278,USB-C Charging Cable,1,11.95,05/22/19 18:57,"280 Madison St, San Francisco, CA 94016"
203279,ThinkPad Laptop,1,999.99,05/25/19 15:55,"135 Highland St, Dallas, TX 75001"
203280,27in FHD Monitor,1,149.99,05/13/19 23:13,"183 South St, Dallas, TX 75001"
203281,Lightning Charging Cable,1,14.95,05/19/19 23:35,"861 Johnson St, Boston, MA 02215"
203282,Lightning Charging Cable,1,14.95,05/09/19 10:19,"604 Madison St, San Francisco, CA 94016"
203283,Wired Headphones,1,11.99,05/11/19 13:08,"562 Park St, New York City, NY 10001"
203284,ThinkPad Laptop,1,999.99,05/05/19 19:44,"353 6th St, Atlanta, GA 30301"
203284,Lightning Charging Cable,1,14.95,05/05/19 19:44,"353 6th St, Atlanta, GA 30301"
203285,27in 4K Gaming Monitor,1,389.99,05/16/19 02:19,"394 9th St, Los Angeles, CA 90001"
203286,27in FHD Monitor,1,149.99,05/04/19 15:36,"16 Cherry St, Boston, MA 02215"
203287,AAA Batteries (4-pack),1,2.99,05/26/19 22:23,"670 North St, New York City, NY 10001"
203288,Wired Headphones,1,11.99,05/21/19 17:50,"172 Forest St, Los Angeles, CA 90001"
203289,Wired Headphones,1,11.99,05/23/19 13:15,"594 Chestnut St, Boston, MA 02215"
203290,AA Batteries (4-pack),1,3.84,05/14/19 21:35,"203 1st St, Austin, TX 73301"
203291,Macbook Pro Laptop,1,1700,05/26/19 19:35,"667 Chestnut St, Portland, OR 97035"
203292,ThinkPad Laptop,1,999.99,05/08/19 01:46,"74 Walnut St, Boston, MA 02215"
203293,AA Batteries (4-pack),1,3.84,05/25/19 12:15,"416 Meadow St, San Francisco, CA 94016"
203294,Bose SoundSport Headphones,1,99.99,05/25/19 18:27,"920 9th St, San Francisco, CA 94016"
203295,Lightning Charging Cable,1,14.95,05/23/19 10:13,"15 Lakeview St, Boston, MA 02215"
203296,Apple Airpods Headphones,1,150,05/19/19 19:37,"190 Jackson St, San Francisco, CA 94016"
203297,USB-C Charging Cable,1,11.95,05/19/19 12:45,"72 6th St, San Francisco, CA 94016"
203298,Flatscreen TV,1,300,05/22/19 19:31,"229 River St, Los Angeles, CA 90001"
203299,USB-C Charging Cable,1,11.95,05/05/19 19:32,"424 River St, San Francisco, CA 94016"
203300,AA Batteries (4-pack),2,3.84,05/21/19 18:52,"817 Cedar St, New York City, NY 10001"
203301,AA Batteries (4-pack),1,3.84,05/29/19 12:59,"858 Cherry St, San Francisco, CA 94016"
203302,ThinkPad Laptop,1,999.99,05/08/19 13:31,"185 Park St, San Francisco, CA 94016"
203303,Bose SoundSport Headphones,1,99.99,05/11/19 18:42,"747 South St, Dallas, TX 75001"
203304,AAA Batteries (4-pack),1,2.99,05/11/19 11:05,"435 Church St, Seattle, WA 98101"
203305,Google Phone,1,600,05/22/19 10:54,"803 West St, New York City, NY 10001"
203306,USB-C Charging Cable,1,11.95,05/28/19 18:55,"901 Lake St, Seattle, WA 98101"
203307,USB-C Charging Cable,1,11.95,05/12/19 12:36,"398 Lake St, Boston, MA 02215"
203308,Lightning Charging Cable,1,14.95,05/11/19 12:34,"840 Willow St, Seattle, WA 98101"
203309,iPhone,1,700,05/07/19 21:00,"799 Wilson St, Boston, MA 02215"
203310,Macbook Pro Laptop,1,1700,05/27/19 15:16,"199 Lincoln St, Austin, TX 73301"
203311,20in Monitor,1,109.99,05/28/19 20:44,"607 6th St, San Francisco, CA 94016"
203312,AA Batteries (4-pack),2,3.84,05/28/19 18:34,"749 Forest St, Boston, MA 02215"
203313,Wired Headphones,1,11.99,05/20/19 15:18,"357 Willow St, Dallas, TX 75001"
203314,Apple Airpods Headphones,1,150,05/19/19 09:36,"136 Madison St, Los Angeles, CA 90001"
203315,AA Batteries (4-pack),1,3.84,05/16/19 09:56,"872 9th St, Dallas, TX 75001"
203316,AA Batteries (4-pack),1,3.84,05/17/19 09:29,"342 4th St, Atlanta, GA 30301"
203317,27in 4K Gaming Monitor,1,389.99,05/25/19 19:15,"700 Chestnut St, New York City, NY 10001"
203318,Lightning Charging Cable,2,14.95,05/06/19 08:47,"200 Hill St, Atlanta, GA 30301"
203319,Lightning Charging Cable,2,14.95,05/29/19 14:40,"600 5th St, San Francisco, CA 94016"
203320,USB-C Charging Cable,1,11.95,05/15/19 22:04,"401 11th St, Boston, MA 02215"
203321,Bose SoundSport Headphones,1,99.99,05/31/19 19:13,"84 Center St, San Francisco, CA 94016"
203322,USB-C Charging Cable,1,11.95,05/27/19 10:41,"545 11th St, Dallas, TX 75001"
203323,Macbook Pro Laptop,1,1700,05/11/19 20:09,"662 7th St, San Francisco, CA 94016"
203324,Lightning Charging Cable,1,14.95,05/13/19 05:57,"788 4th St, San Francisco, CA 94016"
203325,ThinkPad Laptop,1,999.99,05/30/19 21:41,"571 Highland St, Dallas, TX 75001"
203326,ThinkPad Laptop,1,999.99,05/11/19 09:05,"13 Wilson St, Atlanta, GA 30301"
203327,AA Batteries (4-pack),1,3.84,05/12/19 19:51,"163 1st St, San Francisco, CA 94016"
203328,27in FHD Monitor,1,149.99,05/03/19 21:17,"299 Washington St, New York City, NY 10001"
203328,AA Batteries (4-pack),1,3.84,05/03/19 21:17,"299 Washington St, New York City, NY 10001"
203329,USB-C Charging Cable,1,11.95,05/12/19 06:22,"383 12th St, San Francisco, CA 94016"
,,,,,
203330,AA Batteries (4-pack),1,3.84,05/13/19 20:33,"104 Jefferson St, San Francisco, CA 94016"
203331,Bose SoundSport Headphones,1,99.99,05/02/19 01:22,"615 Park St, Los Angeles, CA 90001"
203332,iPhone,1,700,05/27/19 18:11,"428 Hickory St, San Francisco, CA 94016"
203333,iPhone,1,700,05/29/19 13:49,"788 Maple St, San Francisco, CA 94016"
203334,Macbook Pro Laptop,1,1700,05/11/19 11:11,"813 2nd St, Austin, TX 73301"
203335,AAA Batteries (4-pack),2,2.99,05/21/19 18:13,"630 Center St, Dallas, TX 75001"
203336,27in FHD Monitor,1,149.99,05/22/19 15:30,"49 9th St, New York City, NY 10001"
203337,ThinkPad Laptop,1,999.99,05/14/19 01:32,"874 12th St, Los Angeles, CA 90001"
203338,Apple Airpods Headphones,1,150,05/12/19 08:57,"751 Cedar St, Boston, MA 02215"
203339,Bose SoundSport Headphones,1,99.99,05/05/19 22:56,"856 Church St, San Francisco, CA 94016"
203340,Lightning Charging Cable,1,14.95,05/08/19 09:24,"79 Jefferson St, Seattle, WA 98101"
203341,AAA Batteries (4-pack),2,2.99,05/02/19 16:00,"348 10th St, Austin, TX 73301"
203342,27in 4K Gaming Monitor,1,389.99,05/18/19 10:19,"402 Pine St, Portland, OR 97035"
203343,Flatscreen TV,1,300,05/29/19 03:37,"111 West St, Atlanta, GA 30301"
203344,Wired Headphones,1,11.99,05/05/19 18:45,"873 4th St, Dallas, TX 75001"
203345,Apple Airpods Headphones,1,150,05/20/19 06:34,"849 Madison St, New York City, NY 10001"
203346,Apple Airpods Headphones,1,150,05/16/19 11:45,"938 Lakeview St, Boston, MA 02215"
203347,Wired Headphones,1,11.99,05/25/19 14:57,"931 9th St, New York City, NY 10001"
203348,Bose SoundSport Headphones,1,99.99,05/21/19 13:34,"308 10th St, San Francisco, CA 94016"
203349,Lightning Charging Cable,1,14.95,05/04/19 22:18,"95 1st St, Austin, TX 73301"
203350,Lightning Charging Cable,1,14.95,05/22/19 15:13,"437 Cedar St, San Francisco, CA 94016"
203351,AA Batteries (4-pack),2,3.84,05/14/19 19:55,"441 River St, Dallas, TX 75001"
203352,Bose SoundSport Headphones,1,99.99,05/04/19 17:25,"848 6th St, San Francisco, CA 94016"
203353,LG Washing Machine,1,600.0,05/11/19 14:06,"516 Washington St, Los Angeles, CA 90001"
203354,USB-C Charging Cable,1,11.95,05/08/19 12:26,"497 Highland St, New York City, NY 10001"
203355,USB-C Charging Cable,1,11.95,05/23/19 00:21,"919 7th St, Atlanta, GA 30301"
203356,Lightning Charging Cable,1,14.95,05/11/19 20:39,"42 Center St, New York City, NY 10001"
203357,34in Ultrawide Monitor,1,379.99,05/21/19 10:07,"248 4th St, Portland, ME 04101"
203358,Lightning Charging Cable,1,14.95,05/21/19 12:40,"577 Center St, Los Angeles, CA 90001"
203359,20in Monitor,1,109.99,05/13/19 19:41,"526 Ridge St, Atlanta, GA 30301"
203360,27in FHD Monitor,1,149.99,05/20/19 13:58,"998 9th St, Boston, MA 02215"
203361,Vareebadd Phone,1,400,05/14/19 19:26,"428 1st St, Portland, OR 97035"
203362,AAA Batteries (4-pack),1,2.99,05/25/19 08:20,"687 Jackson St, San Francisco, CA 94016"
203363,34in Ultrawide Monitor,1,379.99,05/03/19 19:57,"949 Johnson St, Seattle, WA 98101"
203364,Apple Airpods Headphones,1,150,05/24/19 15:40,"629 Jefferson St, Boston, MA 02215"
203365,Google Phone,1,600,05/05/19 13:38,"272 Madison St, Atlanta, GA 30301"
203365,Bose SoundSport Headphones,1,99.99,05/05/19 13:38,"272 Madison St, Atlanta, GA 30301"
203365,Apple Airpods Headphones,1,150,05/05/19 13:38,"272 Madison St, Atlanta, GA 30301"
203366,34in Ultrawide Monitor,1,379.99,05/07/19 19:18,"92 Jefferson St, Portland, OR 97035"
203367,ThinkPad Laptop,1,999.99,05/28/19 16:37,"622 Washington St, New York City, NY 10001"
203368,AA Batteries (4-pack),1,3.84,05/29/19 07:13,"315 Meadow St, Los Angeles, CA 90001"
203369,AA Batteries (4-pack),2,3.84,05/13/19 10:32,"916 Lakeview St, Atlanta, GA 30301"
203370,iPhone,1,700,05/31/19 10:43,"217 West St, San Francisco, CA 94016"
203370,Lightning Charging Cable,1,14.95,05/31/19 10:43,"217 West St, San Francisco, CA 94016"
203371,Google Phone,1,600,05/26/19 07:09,"943 Cherry St, Atlanta, GA 30301"
203372,34in Ultrawide Monitor,1,379.99,05/13/19 15:07,"265 West St, Seattle, WA 98101"
203373,Google Phone,1,600,05/02/19 10:44,"409 Forest St, New York City, NY 10001"
203374,Bose SoundSport Headphones,1,99.99,05/07/19 19:42,"924 Sunset St, Dallas, TX 75001"
203375,ThinkPad Laptop,1,999.99,05/28/19 14:52,"925 Willow St, Portland, OR 97035"
,,,,,
203376,USB-C Charging Cable,1,11.95,05/27/19 15:21,"469 Park St, Los Angeles, CA 90001"
203377,27in FHD Monitor,1,149.99,05/09/19 11:40,"612 Wilson St, Dallas, TX 75001"
203378,USB-C Charging Cable,1,11.95,05/06/19 14:16,"539 Forest St, Seattle, WA 98101"
203379,AA Batteries (4-pack),1,3.84,05/28/19 20:41,"254 Cherry St, San Francisco, CA 94016"
203380,Wired Headphones,1,11.99,05/14/19 06:16,"742 Lincoln St, Los Angeles, CA 90001"
203381,AAA Batteries (4-pack),2,2.99,05/31/19 22:20,"981 8th St, New York City, NY 10001"
203382,34in Ultrawide Monitor,1,379.99,05/17/19 10:10,"994 Pine St, Los Angeles, CA 90001"
203383,Apple Airpods Headphones,1,150,05/12/19 13:48,"420 10th St, Seattle, WA 98101"
203384,Macbook Pro Laptop,1,1700,05/24/19 10:45,"434 Spruce St, San Francisco, CA 94016"
203384,27in 4K Gaming Monitor,1,389.99,05/24/19 10:45,"434 Spruce St, San Francisco, CA 94016"
203385,Flatscreen TV,1,300,05/05/19 18:02,"495 7th St, Los Angeles, CA 90001"
203386,Wired Headphones,1,11.99,05/17/19 21:12,"406 Forest St, Los Angeles, CA 90001"
203387,27in 4K Gaming Monitor,1,389.99,05/10/19 12:02,"577 Meadow St, Los Angeles, CA 90001"
203388,27in FHD Monitor,1,149.99,05/20/19 08:43,"273 Lincoln St, New York City, NY 10001"
203389,Wired Headphones,1,11.99,05/10/19 21:12,"176 12th St, New York City, NY 10001"
203390,Bose SoundSport Headphones,1,99.99,05/07/19 20:33,"913 Lake St, Los Angeles, CA 90001"
203391,27in FHD Monitor,1,149.99,05/23/19 20:30,"889 2nd St, Seattle, WA 98101"
203392,Vareebadd Phone,1,400,05/11/19 14:40,"476 6th St, San Francisco, CA 94016"
203392,USB-C Charging Cable,1,11.95,05/11/19 14:40,"476 6th St, San Francisco, CA 94016"
203393,Wired Headphones,1,11.99,05/28/19 18:20,"509 Spruce St, Austin, TX 73301"
203394,USB-C Charging Cable,1,11.95,05/31/19 20:52,"573 Lakeview St, Boston, MA 02215"
203395,AAA Batteries (4-pack),3,2.99,05/02/19 21:05,"129 Dogwood St, New York City, NY 10001"
203395,AAA Batteries (4-pack),2,2.99,05/02/19 21:05,"129 Dogwood St, New York City, NY 10001"
203396,AA Batteries (4-pack),2,3.84,05/30/19 16:26,"768 North St, New York City, NY 10001"
203397,AA Batteries (4-pack),1,3.84,05/25/19 10:36,"194 River St, San Francisco, CA 94016"
203398,Bose SoundSport Headphones,1,99.99,05/01/19 10:55,"97 Maple St, Seattle, WA 98101"
203399,Lightning Charging Cable,1,14.95,05/07/19 09:26,"621 14th St, Seattle, WA 98101"
203400,Lightning Charging Cable,1,14.95,05/03/19 17:06,"63 Lincoln St, Dallas, TX 75001"
203401,AA Batteries (4-pack),1,3.84,05/26/19 19:40,"169 River St, Boston, MA 02215"
203402,iPhone,1,700,05/09/19 14:38,"646 1st St, Los Angeles, CA 90001"
203403,Apple Airpods Headphones,1,150,05/06/19 04:22,"386 Highland St, Los Angeles, CA 90001"
203404,Google Phone,1,600,05/11/19 22:32,"152 Lake St, San Francisco, CA 94016"
203405,27in 4K Gaming Monitor,1,389.99,05/28/19 05:35,"93 9th St, San Francisco, CA 94016"
203406,Flatscreen TV,1,300,05/20/19 17:19,"432 7th St, Boston, MA 02215"
203407,Apple Airpods Headphones,1,150,05/17/19 19:03,"264 Hickory St, Los Angeles, CA 90001"
Order ID,Product,Quantity Ordered,Price Each,Order Date,Purchase Address
203408,USB-C Charging Cable,1,11.95,05/04/19 19:10,"489 Center St, Atlanta, GA 30301"
203409,Macbook Pro Laptop,1,1700,05/05/19 12:02,"734 8th St, Austin, TX 73301"
203410,Lightning Charging Cable,1,14.95,05/16/19 12:06,"37 Adams St, Los Angeles, CA 90001"
203411,ThinkPad Laptop,1,999.99,05/16/19 10:20,"616 Lincoln St, Atlanta, GA 30301"
203412,AA Batteries (4-pack),1,3.84,05/03/19 21:59,"812 Highland St, Atlanta, GA 30301"
203413,Wired Headphones,1,11.99,05/14/19 16:13,"371 Cedar St, Portland, OR 97035"
203414,AA Batteries (4-pack),3,3.84,05/02/19 20:07,"581 Jackson St, Dallas, TX 75001"
203415,AAA Batteries (4-pack),1,2.99,05/20/19 02:36,"961 South St, New York City, NY 10001"
203416,27in 4K Gaming Monitor,1,389.99,05/15/19 20:37,"804 Ridge St, Boston, MA 02215"
203417,USB-C Charging Cable,1,11.95,05/27/19 22:57,"749 8th St, San Francisco, CA 94016"
203418,Wired Headphones,1,11.99,05/08/19 19:47,"155 Sunset St, Portland, OR 97035"
203419,Wired Headphones,1,11.99,05/18/19 19:49,"682 Main St, Portland, OR 97035"
203420,USB-C Charging Cable,1,11.95,05/04/19 19:37,"227 Johnson St, New York City, NY 10001"
203421,Macbook Pro Laptop,1,1700,05/16/19 09:51,"184 7th St, Boston, MA 02215"
203422,iPhone,1,700,05/28/19 19:31,"381 10th St, Seattle, WA 98101"
203422,Lightning Charging Cable,1,14.95,05/28/19 19:31,"381 10th St, Seattle, WA 98101"
203423,AAA Batteries (4-pack),3,2.99,05/26/19 13:26,"152 Cherry St, Los Angeles, CA 90001"
203424,USB-C Charging Cable,1,11.95,05/18/19 15:29,"70 Hickory St, Dallas, TX 75001"
203425,AA Batteries (4-pack),1,3.84,05/03/19 22:04,"953 Elm St, New York City, NY 10001"
203426,Lightning Charging Cable,1,14.95,05/17/19 12:08,"841 Maple St, Atlanta, GA 30301"
203427,USB-C Charging Cable,2,11.95,05/14/19 10:54,"89 Madison St, Dallas, TX 75001"
203428,USB-C Charging Cable,1,11.95,05/20/19 17:45,"428 4th St, Los Angeles, CA 90001"
203429,Wired Headphones,1,11.99,05/01/19 11:00,"330 Meadow St, San Francisco, CA 94016"
203430,Wired Headphones,1,11.99,05/12/19 10:57,"618 8th St, Boston, MA 02215"
203431,AA Batteries (4-pack),1,3.84,05/25/19 19:39,"810 Walnut St, New York City, NY 10001"
203432,USB-C Charging Cable,1,11.95,05/10/19 18:19,"342 West St, San Francisco, CA 94016"
203433,AAA Batteries (4-pack),3,2.99,05/31/19 18:57,"436 5th St, Austin, TX 73301"
203434,AA Batteries (4-pack),1,3.84,05/21/19 09:55,"888 Highland St, Los Angeles, CA 90001"
203435,USB-C Charging Cable,1,11.95,05/23/19 23:25,"679 Hickory St, Los Angeles, CA 90001"
203436,AA Batteries (4-pack),1,3.84,05/15/19 08:03,"351 Main St, New York City, NY 10001"
203437,iPhone,1,700,05/01/19 18:21,"443 Lake St, San Francisco, CA 94016"
203437,Wired Headphones,1,11.99,05/01/19 18:21,"443 Lake St, San Francisco, CA 94016"
203438,20in Monitor,1,109.99,05/08/19 19:52,"718 Hill St, San Francisco, CA 94016"
203439,Wired Headphones,1,11.99,05/30/19 21:40,"66 Madison St, Dallas, TX 75001"
203440,iPhone,1,700,05/09/19 20:26,"24 Sunset St, Los Angeles, CA 90001"
203441,USB-C Charging Cable,1,11.95,05/20/19 14:38,"202 Center St, Atlanta, GA 30301"
203442,USB-C Charging Cable,1,11.95,05/06/19 21:24,"494 14th St, Dallas, TX 75001"
203443,Apple Airpods Headphones,1,150,05/11/19 18:49,"328 Meadow St, New York City, NY 10001"
203444,Bose SoundSport Headphones,2,99.99,05/29/19 22:11,"931 Jefferson St, Austin, TX 73301"
203445,Apple Airpods Headphones,1,150,05/05/19 18:15,"922 12th St, Portland, OR 97035"
203446,ThinkPad Laptop,1,999.99,05/17/19 09:40,"492 River St, New York City, NY 10001"
203447,Wired Headphones,1,11.99,05/25/19 13:13,"980 Meadow St, San Francisco, CA 94016"
203448,Bose SoundSport Headphones,1,99.99,05/27/19 12:36,"391 Lincoln St, Los Angeles, CA 90001"
203449,Apple Airpods Headphones,1,150,05/23/19 12:59,"277 Johnson St, Dallas, TX 75001"
203450,Apple Airpods Headphones,1,150,05/23/19 22:50,"256 North St, Los Angeles, CA 90001"
203450,Google Phone,1,600,05/23/19 22:50,"256 North St, Los Angeles, CA 90001"
203451,AA Batteries (4-pack),1,3.84,05/21/19 20:00,"124 Highland St, Dallas, TX 75001"
203452,Wired Headphones,1,11.99,05/31/19 10:33,"64 Willow St, Los Angeles, CA 90001"
203453,AAA Batteries (4-pack),2,2.99,05/09/19 17:42,"814 Meadow St, Seattle, WA 98101"
203454,Wired Headphones,4,11.99,05/25/19 10:06,"548 Ridge St, San Francisco, CA 94016"
203455,Apple Airpods Headphones,1,150,05/06/19 23:47,"347 14th St, Los Angeles, CA 90001"
203456,AAA Batteries (4-pack),1,2.99,05/13/19 16:30,"217 Dogwood St, Seattle, WA 98101"
203457,Wired Headphones,1,11.99,05/16/19 19:49,"204 Main St, Boston, MA 02215"
203458,AA Batteries (4-pack),1,3.84,05/23/19 06:50,"599 Lakeview St, New York City, NY 10001"
203459,AAA Batteries (4-pack),1,2.99,05/06/19 08:13,"418 11th St, Portland, OR 97035"
203460,AAA Batteries (4-pack),1,2.99,05/09/19 15:17,"748 10th St, San Francisco, CA 94016"
203461,Macbook Pro Laptop,1,1700,05/11/19 14:31,"999 Cherry St, Boston, MA 02215"
203462,Wired Headphones,1,11.99,05/27/19 12:29,"954 Adams St, Dallas, TX 75001"
203463,ThinkPad Laptop,1,999.99,05/08/19 16:33,"257 Elm St, Dallas, TX 75001"
203464,Wired Headphones,3,11.99,05/04/19 13:19,"165 13th St, New York City, NY 10001"
203465,Apple Airpods Headphones,1,150,05/25/19 14:43,"952 Walnut St, Los Angeles, CA 90001"
203466,AAA Batteries (4-pack),1,2.99,05/07/19 17:56,"876 Johnson St, Portland, OR 97035"
203467,Bose SoundSport Headphones,1,99.99,05/25/19 09:21,"892 Jefferson St, San Francisco, CA 94016"
203468,27in FHD Monitor,1,149.99,05/14/19 22:41,"416 5th St, Austin, TX 73301"
203469,iPhone,1,700,05/05/19 20:28,"52 Hill St, Atlanta, GA 30301"
203469,Lightning Charging Cable,1,14.95,05/05/19 20:28,"52 Hill St, Atlanta, GA 30301"
203470,34in Ultrawide Monitor,1,379.99,05/15/19 09:12,"110 Sunset St, Portland, OR 97035"
203471,Wired Headphones,1,11.99,05/12/19 19:47,"16 7th St, Dallas, TX 75001"
203471,AA Batteries (4-pack),1,3.84,05/12/19 19:47,"16 7th St, Dallas, TX 75001"
203472,AAA Batteries (4-pack),2,2.99,05/11/19 11:59,"479 7th St, Seattle, WA 98101"
203473,Wired Headphones,1,11.99,05/05/19 20:33,"726 Willow St, Los Angeles, CA 90001"
203474,Bose SoundSport Headphones,1,99.99,05/18/19 00:13,"48 2nd St, New York City, NY 10001"
203475,Apple Airpods Headphones,1,150,05/23/19 02:18,"389 Church St, Austin, TX 73301"
203476,Apple Airpods Headphones,1,150,05/14/19 14:34,"196 Cherry St, Los Angeles, CA 90001"
203477,34in Ultrawide Monitor,1,379.99,05/20/19 12:24,"704 Hickory St, Dallas, TX 75001"
203478,AAA Batteries (4-pack),2,2.99,05/15/19 09:19,"758 4th St, New York City, NY 10001"
203479,AA Batteries (4-pack),1,3.84,05/21/19 21:10,"312 6th St, New York City, NY 10001"
203480,Apple Airpods Headphones,1,150,05/29/19 22:58,"692 Cherry St, Los Angeles, CA 90001"
203481,ThinkPad Laptop,1,999.99,05/15/19 16:52,"964 Wilson St, Dallas, TX 75001"
203482,USB-C Charging Cable,1,11.95,05/24/19 08:42,"821 12th St, Boston, MA 02215"
203483,Wired Headphones,1,11.99,05/03/19 09:05,"750 Adams St, San Francisco, CA 94016"
203484,Flatscreen TV,1,300,05/17/19 11:03,"877 Elm St, Los Angeles, CA 90001"
203485,iPhone,1,700,05/10/19 09:59,"612 Wilson St, Boston, MA 02215"
203485,Lightning Charging Cable,1,14.95,05/10/19 09:59,"612 Wilson St, Boston, MA 02215"
203486,AA Batteries (4-pack),1,3.84,05/18/19 11:25,"160 Center St, New York City, NY 10001"
203487,Apple Airpods Headphones,1,150,05/30/19 18:21,"366 Sunset St, Austin, TX 73301"
203488,USB-C Charging Cable,1,11.95,05/07/19 08:29,"953 Meadow St, Seattle, WA 98101"
203489,AA Batteries (4-pack),1,3.84,05/11/19 17:27,"871 Cedar St, New York City, NY 10001"
203490,Apple Airpods Headphones,1,150,05/02/19 15:21,"171 Lincoln St, New York City, NY 10001"
203491,USB-C Charging Cable,1,11.95,05/11/19 14:27,"87 Spruce St, San Francisco, CA 94016"
203492,iPhone,1,700,05/12/19 07:45,"761 South St, Boston, MA 02215"
203493,Bose SoundSport Headphones,1,99.99,05/08/19 10:47,"568 Dogwood St, San Francisco, CA 94016"
203494,AA Batteries (4-pack),1,3.84,05/20/19 15:34,"366 Maple St, Dallas, TX 75001"
203495,Lightning Charging Cable,1,14.95,05/08/19 10:40,"237 Hill St, Atlanta, GA 30301"
203496,Apple Airpods Headphones,1,150,05/22/19 09:02,"653 Cedar St, New York City, NY 10001"
203497,USB-C Charging Cable,1,11.95,05/20/19 09:38,"583 Forest St, Austin, TX 73301"
203498,20in Monitor,1,109.99,05/09/19 09:13,"344 Lincoln St, San Francisco, CA 94016"
203499,USB-C Charging Cable,1,11.95,05/28/19 15:19,"207 Wilson St, Seattle, WA 98101"
203500,LG Washing Machine,1,600.0,05/25/19 19:12,"229 Washington St, San Francisco, CA 94016"
203501,AAA Batteries (4-pack),1,2.99,05/08/19 16:48,"642 Hill St, San Francisco, CA 94016"
203502,AA Batteries (4-pack),1,3.84,05/24/19 17:49,"601 Lake St, Seattle, WA 98101"
203503,AAA Batteries (4-pack),1,2.99,05/27/19 14:28,"511 Center St, Los Angeles, CA 90001"
203504,iPhone,1,700,05/16/19 22:53,"772 Adams St, San Francisco, CA 94016"
203505,Wired Headphones,2,11.99,05/26/19 18:39,"354 Cedar St, Seattle, WA 98101"
203506,USB-C Charging Cable,1,11.95,05/05/19 18:33,"144 Main St, Portland, OR 97035"
203507,USB-C Charging Cable,1,11.95,05/27/19 18:20,"894 10th St, San Francisco, CA 94016"
203508,USB-C Charging Cable,1,11.95,05/15/19 09:42,"586 1st St, Dallas, TX 75001"
203509,USB-C Charging Cable,1,11.95,05/21/19 14:04,"49 River St, Austin, TX 73301"
203510,AA Batteries (4-pack),1,3.84,05/11/19 16:15,"433 South St, Portland, OR 97035"
203511,iPhone,1,700,05/02/19 22:46,"553 Meadow St, Los Angeles, CA 90001"
203512,Wired Headphones,1,11.99,05/10/19 00:59,"122 Elm St, Los Angeles, CA 90001"
203513,34in Ultrawide Monitor,1,379.99,05/18/19 07:40,"239 Lake St, Seattle, WA 98101"
203514,34in Ultrawide Monitor,1,379.99,05/11/19 08:04,"281 Wilson St, Boston, MA 02215"
203515,Lightning Charging Cable,2,14.95,05/20/19 20:05,"59 Lake St, San Francisco, CA 94016"
203516,Flatscreen TV,1,300,05/24/19 18:24,"938 Johnson St, San Francisco, CA 94016"
203517,Lightning Charging Cable,1,14.95,05/17/19 08:07,"538 Maple St, Boston, MA 02215"
203518,Google Phone,1,600,05/08/19 17:54,"150 Sunset St, Seattle, WA 98101"
203518,Apple Airpods Headphones,1,150,05/08/19 17:54,"150 Sunset St, Seattle, WA 98101"
203519,20in Monitor,1,109.99,05/06/19 10:57,"154 Maple St, Los Angeles, CA 90001"
203520,Vareebadd Phone,1,400,05/24/19 10:05,"972 Madison St, San Francisco, CA 94016"
203521,Bose SoundSport Headphones,1,99.99,05/24/19 01:12,"295 Park St, Atlanta, GA 30301"
203522,Lightning Charging Cable,2,14.95,05/22/19 08:11,"303 13th St, Los Angeles, CA 90001"
203523,Google Phone,1,600,05/07/19 17:26,"577 Walnut St, Atlanta, GA 30301"
203524,Wired Headphones,1,11.99,05/20/19 09:54,"842 Jefferson St, New York City, NY 10001"
203525,Macbook Pro Laptop,1,1700,05/03/19 13:57,"848 North St, San Francisco, CA 94016"
203526,Apple Airpods Headphones,1,150,05/10/19 11:50,"397 Meadow St, Los Angeles, CA 90001"
203527,Macbook Pro Laptop,1,1700,05/06/19 11:33,"969 Johnson St, San Francisco, CA 94016"
203528,USB-C Charging Cable,2,11.95,05/28/19 13:13,"368 2nd St, Austin, TX 73301"
203529,20in Monitor,1,109.99,05/02/19 11:23,"431 Willow St, Los Angeles, CA 90001"
203530,27in FHD Monitor,1,149.99,05/15/19 20:11,"352 Lakeview St, San Francisco, CA 94016"
203531,USB-C Charging Cable,2,11.95,05/14/19 04:45,"946 Lincoln St, Dallas, TX 75001"
203532,AAA Batteries (4-pack),1,2.99,05/28/19 11:49,"208 Highland St, Dallas, TX 75001"
203533,AAA Batteries (4-pack),2,2.99,05/15/19 13:38,"602 Dogwood St, Dallas, TX 75001"
203534,AAA Batteries (4-pack),1,2.99,05/21/19 19:15,"670 1st St, San Francisco, CA 94016"
203535,27in FHD Monitor,1,149.99,05/10/19 12:44,"317 Park St, Dallas, TX 75001"
203536,Wired Headphones,1,11.99,05/31/19 00:15,"466 12th St, Seattle, WA 98101"
203537,Wired Headphones,1,11.99,05/12/19 13:35,"276 5th St, Boston, MA 02215"
203538,AAA Batteries (4-pack),1,2.99,05/09/19 12:11,"992 Church St, San Francisco, CA 94016"
203539,USB-C Charging Cable,1,11.95,05/17/19 09:07,"695 13th St, Atlanta, GA 30301"
203540,Apple Airpods Headphones,1,150,05/28/19 11:33,"428 Highland St, Dallas, TX 75001"
203541,27in 4K Gaming Monitor,1,389.99,05/04/19 23:54,"495 5th St, San Francisco, CA 94016"
203542,Lightning Charging Cable,2,14.95,05/19/19 22:19,"511 Center St, Atlanta, GA 30301"
203543,Macbook Pro Laptop,1,1700,05/22/19 19:09,"897 8th St, San Francisco, CA 94016"
203544,iPhone,1,700,05/07/19 02:03,"175 Wilson St, Atlanta, GA 30301"
203545,AA Batteries (4-pack),2,3.84,05/21/19 08:41,"16 7th St, San Francisco, CA 94016"
203546,AA Batteries (4-pack),1,3.84,05/31/19 19:14,"558 West St, Seattle, WA 98101"
203547,USB-C Charging Cable,1,11.95,05/24/19 14:07,"58 6th St, New York City, NY 10001"
203548,USB-C Charging Cable,1,11.95,05/17/19 17:43,"690 Sunset St, Dallas, TX 75001"
203549,Apple Airpods Headphones,1,150,05/29/19 09:04,"141 Center St, Los Angeles, CA 90001"
203550,AA Batteries (4-pack),1,3.84,05/02/19 11:32,"731 Jefferson St, New York City, NY 10001"
203551,Lightning Charging Cable,1,14.95,05/06/19 08:29,"171 Madison St, San Francisco, CA 94016"
203552,USB-C Charging Cable,1,11.95,05/11/19 20:20,"197 9th St, Boston, MA 02215"
203553,Lightning Charging Cable,1,14.95,05/28/19 13:28,"333 8th St, Boston, MA 02215"
203554,AAA Batteries (4-pack),1,2.99,05/10/19 19:31,"103 13th St, Boston, MA 02215"
203555,AAA Batteries (4-pack),1,2.99,05/06/19 18:18,"97 Madison St, Boston, MA 02215"
203556,Lightning Charging Cable,1,14.95,05/07/19 11:14,"316 Elm St, Dallas, TX 75001"
203557,Apple Airpods Headphones,1,150,05/31/19 17:16,"982 North St, Los Angeles, CA 90001"
203558,34in Ultrawide Monitor,1,379.99,05/01/19 18:49,"336 Adams St, San Francisco, CA 94016"
203559,Bose SoundSport Headphones,1,99.99,05/11/19 13:19,"827 Meadow St, New York City, NY 10001"
203560,AA Batteries (4-pack),1,3.84,05/22/19 22:19,"63 River St, Los Angeles, CA 90001"
203561,AA Batteries (4-pack),2,3.84,05/04/19 19:19,"560 Jackson St, Portland, OR 97035"
203562,iPhone,1,700,05/29/19 15:21,"196 9th St, Portland, OR 97035"
203563,AAA Batteries (4-pack),1,2.99,05/22/19 22:33,"191 Walnut St, San Francisco, CA 94016"
203564,AAA Batteries (4-pack),1,2.99,05/11/19 09:00,"90 Elm St, Boston, MA 02215"
203565,Lightning Charging Cable,1,14.95,05/04/19 09:35,"600 Cedar St, San Francisco, CA 94016"
203566,AAA Batteries (4-pack),1,2.99,05/16/19 18:13,"555 10th St, Dallas, TX 75001"
203567,Lightning Charging Cable,1,14.95,05/25/19 22:03,"800 South St, San Francisco, CA 94016"
203568,AAA Batteries (4-pack),2,2.99,05/20/19 19:44,"416 Park St, Los Angeles, CA 90001"
203569,Lightning Charging Cable,1,14.95,05/03/19 14:40,"240 7th St, San Francisco, CA 94016"
203570,AA Batteries (4-pack),1,3.84,05/06/19 18:48,"492 Adams St, Austin, TX 73301"
203571,USB-C Charging Cable,1,11.95,05/17/19 12:46,"751 Meadow St, Seattle, WA 98101"
203572,Wired Headphones,1,11.99,05/27/19 07:41,"284 7th St, San Francisco, CA 94016"
203573,27in FHD Monitor,1,149.99,05/05/19 08:17,"710 Adams St, Los Angeles, CA 90001"
203574,Apple Airpods Headphones,1,150,05/17/19 20:28,"681 Maple St, Atlanta, GA 30301"
203575,27in 4K Gaming Monitor,1,389.99,05/18/19 11:32,"962 Cherry St, New York City, NY 10001"
203576,Wired Headphones,1,11.99,05/03/19 09:04,"434 9th St, San Francisco, CA 94016"
203577,AAA Batteries (4-pack),1,2.99,05/06/19 19:13,"782 Washington St, Portland, OR 97035"
203578,Flatscreen TV,1,300,05/20/19 08:46,"525 Chestnut St, Los Angeles, CA 90001"
203579,AAA Batteries (4-pack),1,2.99,05/09/19 01:09,"733 Willow St, San Francisco, CA 94016"
203580,USB-C Charging Cable,2,11.95,05/07/19 13:51,"345 Cherry St, New York City, NY 10001"
203581,27in 4K Gaming Monitor,1,389.99,05/21/19 19:23,"500 Spruce St, Los Angeles, CA 90001"
203582,Vareebadd Phone,1,400,05/07/19 18:22,"669 Cedar St, Boston, MA 02215"
203582,USB-C Charging Cable,1,11.95,05/07/19 18:22,"669 Cedar St, Boston, MA 02215"
203583,Lightning Charging Cable,1,14.95,05/18/19 06:42,"840 Johnson St, Los Angeles, CA 90001"
203584,34in Ultrawide Monitor,1,379.99,05/30/19 19:39,"407 Church St, Austin, TX 73301"
203585,Wired Headphones,1,11.99,05/19/19 06:48,"551 14th St, Los Angeles, CA 90001"
203586,27in FHD Monitor,1,149.99,05/09/19 19:42,"817 Lincoln St, San Francisco, CA 94016"
203587,ThinkPad Laptop,1,999.99,05/08/19 20:45,"526 Lincoln St, Dallas, TX 75001"
203588,Apple Airpods Headphones,1,150,05/23/19 19:44,"370 Church St, San Francisco, CA 94016"
203589,27in FHD Monitor,1,149.99,05/31/19 20:37,"95 Hickory St, San Francisco, CA 94016"
203590,Lightning Charging Cable,1,14.95,05/11/19 10:17,"201 Maple St, Boston, MA 02215"
203591,iPhone,1,700,05/17/19 13:38,"332 Park St, Portland, OR 97035"
203591,Lightning Charging Cable,1,14.95,05/17/19 13:38,"332 Park St, Portland, OR 97035"
203592,Wired Headphones,1,11.99,05/13/19 15:28,"417 12th St, Seattle, WA 98101"
203593,AAA Batteries (4-pack),2,2.99,05/13/19 00:08,"321 Chestnut St, San Francisco, CA 94016"
203594,Wired Headphones,1,11.99,05/18/19 11:11,"971 Hill St, Austin, TX 73301"
203595,USB-C Charging Cable,2,11.95,05/08/19 15:21,"844 North St, San Francisco, CA 94016"
203596,USB-C Charging Cable,1,11.95,05/15/19 11:30,"311 Walnut St, San Francisco, CA 94016"
203597,AAA Batteries (4-pack),4,2.99,05/07/19 20:45,"453 Hickory St, Boston, MA 02215"
203597,USB-C Charging Cable,1,11.95,05/07/19 20:45,"453 Hickory St, Boston, MA 02215"
,,,,,
203598,27in FHD Monitor,1,149.99,05/15/19 10:06,"152 Center St, Dallas, TX 75001"
203599,Lightning Charging Cable,1,14.95,05/16/19 21:58,"448 Walnut St, Boston, MA 02215"
203600,USB-C Charging Cable,1,11.95,05/27/19 12:47,"830 Highland St, Seattle, WA 98101"
203601,Wired Headphones,1,11.99,05/01/19 13:36,"904 Adams St, Portland, OR 97035"
203602,Apple Airpods Headphones,1,150,05/26/19 01:30,"939 Sunset St, San Francisco, CA 94016"
203603,Flatscreen TV,1,300,05/20/19 20:32,"550 Jackson St, Los Angeles, CA 90001"
203604,34in Ultrawide Monitor,1,379.99,05/31/19 12:23,"979 Center St, Dallas, TX 75001"
203605,iPhone,1,700,05/20/19 17:58,"615 North St, Austin, TX 73301"
203606,Flatscreen TV,1,300,05/04/19 15:39,"20 10th St, Seattle, WA 98101"
203607,Wired Headphones,1,11.99,05/18/19 21:28,"519 Church St, Dallas, TX 75001"
203608,Wired Headphones,1,11.99,05/09/19 20:17,"195 13th St, Portland, OR 97035"
203608,Vareebadd Phone,1,400,05/09/19 20:17,"195 13th St, Portland, OR 97035"
203609,Wired Headphones,1,11.99,05/25/19 12:18,"891 Maple St, Los Angeles, CA 90001"
203610,AAA Batteries (4-pack),2,2.99,05/12/19 10:11,"326 West St, Austin, TX 73301"
203611,USB-C Charging Cable,1,11.95,05/14/19 06:38,"388 Meadow St, Los Angeles, CA 90001"
203612,USB-C Charging Cable,1,11.95,05/27/19 14:22,"276 7th St, Portland, ME 04101"
203613,Bose SoundSport Headphones,1,99.99,05/19/19 13:42,"131 13th St, New York City, NY 10001"
203614,iPhone,1,700,05/30/19 19:27,"405 14th St, Portland, OR 97035"
203614,Lightning Charging Cable,2,14.95,05/30/19 19:27,"405 14th St, Portland, OR 97035"
203614,Wired Headphones,1,11.99,05/30/19 19:27,"405 14th St, Portland, OR 97035"
203615,27in FHD Monitor,1,149.99,05/14/19 16:56,"10 Pine St, San Francisco, CA 94016"
203616,AAA Batteries (4-pack),3,2.99,05/25/19 06:11,"666 Madison St, Atlanta, GA 30301"
203617,Lightning Charging Cable,1,14.95,05/16/19 15:34,"509 Maple St, Los Angeles, CA 90001"
203618,USB-C Charging Cable,1,11.95,05/19/19 18:54,"281 Church St, San Francisco, CA 94016"
203619,Apple Airpods Headphones,1,150,05/28/19 12:54,"52 Sunset St, San Francisco, CA 94016"
203620,AAA Batteries (4-pack),1,2.99,05/11/19 19:44,"598 Dogwood St, Boston, MA 02215"
203621,USB-C Charging Cable,2,11.95,05/15/19 10:58,"187 South St, New York City, NY 10001"
203622,iPhone,1,700,05/17/19 17:55,"519 South St, San Francisco, CA 94016"
203623,AA Batteries (4-pack),1,3.84,05/08/19 20:56,"440 West St, Dallas, TX 75001"
203624,AAA Batteries (4-pack),1,2.99,05/03/19 15:42,"378 Main St, Seattle, WA 98101"
203625,AAA Batteries (4-pack),1,2.99,05/13/19 16:50,"848 Spruce St, Portland, OR 97035"
203626,27in 4K Gaming Monitor,1,389.99,05/14/19 14:57,"883 2nd St, Seattle, WA 98101"
203627,34in Ultrawide Monitor,1,379.99,05/29/19 00:18,"189 South St, Dallas, TX 75001"
203628,Lightning Charging Cable,2,14.95,05/30/19 22:04,"748 Lake St, San Francisco, CA 94016"
203629,Bose SoundSport Headphones,1,99.99,05/16/19 18:42,"268 5th St, Los Angeles, CA 90001"
203630,34in Ultrawide Monitor,1,379.99,05/07/19 20:30,"649 Johnson St, San Francisco, CA 94016"
203631,27in 4K Gaming Monitor,1,389.99,05/05/19 08:07,"352 Highland St, Boston, MA 02215"
203632,USB-C Charging Cable,1,11.95,05/27/19 21:16,"764 Adams St, Austin, TX 73301"
203633,27in FHD Monitor,1,149.99,05/16/19 13:16,"561 Cherry St, Atlanta, GA 30301"
203634,Wired Headphones,1,11.99,05/26/19 17:46,"911 Pine St, New York City, NY 10001"
203635,Bose SoundSport Headphones,1,99.99,05/08/19 14:28,"710 13th St, Seattle, WA 98101"
203636,AAA Batteries (4-pack),2,2.99,05/05/19 18:33,"996 Jefferson St, New York City, NY 10001"
203637,ThinkPad Laptop,1,999.99,05/18/19 21:38,"669 6th St, San Francisco, CA 94016"
203638,AAA Batteries (4-pack),1,2.99,05/22/19 14:29,"384 Chestnut St, Dallas, TX 75001"
203639,Bose SoundSport Headphones,1,99.99,05/29/19 13:40,"1 Lincoln St, Portland, ME 04101"
203640,AAA Batteries (4-pack),1,2.99,05/25/19 21:11,"324 Wilson St, Boston, MA 02215"
203641,Lightning Charging Cable,2,14.95,05/25/19 01:02,"316 Meadow St, New York City, NY 10001"
203642,AA Batteries (4-pack),1,3.84,05/16/19 14:59,"953 12th St, Los Angeles, CA 90001"
203643,AA Batteries (4-pack),1,3.84,05/13/19 19:55,"241 14th St, New York City, NY 10001"
203644,AA Batteries (4-pack),1,3.84,05/30/19 10:23,"964 Elm St, Portland, ME 04101"
203645,AA Batteries (4-pack),1,3.84,05/13/19 21:56,"936 Lakeview St, Austin, TX 73301"
203646,Flatscreen TV,1,300,05/02/19 15:51,"47 Meadow St, Austin, TX 73301"
203647,USB-C Charging Cable,1,11.95,05/09/19 01:00,"763 4th St, Atlanta, GA 30301"
203648,27in 4K Gaming Monitor,1,389.99,05/11/19 21:52,"121 Forest St, Atlanta, GA 30301"
203649,Wired Headphones,1,11.99,05/01/19 12:17,"733 Ridge St, Atlanta, GA 30301"
203650,Apple Airpods Headphones,1,150,05/30/19 18:19,"573 12th St, Dallas, TX 75001"
203651,Google Phone,1,600,05/14/19 01:30,"334 Hickory St, San Francisco, CA 94016"
,,,,,
203652,Apple Airpods Headphones,1,150,05/14/19 13:41,"671 Willow St, Seattle, WA 98101"
203653,27in 4K Gaming Monitor,1,389.99,05/22/19 08:40,"93 11th St, Boston, MA 02215"
203654,27in FHD Monitor,1,149.99,05/22/19 22:09,"578 9th St, Atlanta, GA 30301"
203655,Apple Airpods Headphones,1,150,05/21/19 08:47,"104 1st St, Dallas, TX 75001"
203656,ThinkPad Laptop,1,999.99,05/08/19 09:01,"704 Lakeview St, Los Angeles, CA 90001"
203657,Bose SoundSport Headphones,1,99.99,05/07/19 09:00,"520 Madison St, Austin, TX 73301"
203658,Wired Headphones,1,11.99,05/14/19 20:57,"912 Madison St, New York City, NY 10001"
203659,Lightning Charging Cable,2,14.95,05/07/19 17:58,"399 Church St, Los Angeles, CA 90001"
203660,AA Batteries (4-pack),1,3.84,05/01/19 07:27,"975 North St, San Francisco, CA 94016"
203661,Bose SoundSport Headphones,1,99.99,05/18/19 09:47,"95 11th St, Seattle, WA 98101"
203662,Apple Airpods Headphones,1,150,05/02/19 09:32,"761 Lincoln St, Boston, MA 02215"
203663,AA Batteries (4-pack),1,3.84,05/23/19 17:48,"919 Church St, San Francisco, CA 94016"
203664,Apple Airpods Headphones,1,150,05/14/19 15:20,"23 Jefferson St, San Francisco, CA 94016"
203665,USB-C Charging Cable,1,11.95,05/05/19 15:35,"807 Madison St, New York City, NY 10001"
203666,USB-C Charging Cable,1,11.95,05/24/19 17:41,"642 Dogwood St, Atlanta, GA 30301"
203667,Apple Airpods Headphones,1,150,05/30/19 07:42,"267 Hill St, Boston, MA 02215"
203668,AAA Batteries (4-pack),2,2.99,05/11/19 22:30,"293 West St, Boston, MA 02215"
203669,AA Batteries (4-pack),1,3.84,05/28/19 17:39,"56 Hickory St, Austin, TX 73301"
203670,Macbook Pro Laptop,1,1700,05/13/19 20:09,"909 Park St, San Francisco, CA 94016"
203671,AA Batteries (4-pack),2,3.84,05/20/19 18:16,"466 River St, Seattle, WA 98101"
203672,ThinkPad Laptop,1,999.99,05/25/19 16:37,"212 Jackson St, Portland, OR 97035"
203673,Wired Headphones,1,11.99,05/01/19 17:18,"614 14th St, New York City, NY 10001"
203674,USB-C Charging Cable,1,11.95,05/31/19 02:41,"937 Wilson St, San Francisco, CA 94016"
203675,AAA Batteries (4-pack),3,2.99,05/09/19 12:47,"964 8th St, Dallas, TX 75001"
203676,Vareebadd Phone,1,400,05/20/19 21:42,"234 Jefferson St, Boston, MA 02215"
203676,USB-C Charging Cable,1,11.95,05/20/19 21:42,"234 Jefferson St, Boston, MA 02215"
203677,iPhone,1,700,05/08/19 11:10,"598 Lincoln St, Austin, TX 73301"
203678,Apple Airpods Headphones,1,150,05/05/19 00:15,"495 Highland St, Los Angeles, CA 90001"
203679,Flatscreen TV,1,300,05/19/19 23:30,"230 10th St, Dallas, TX 75001"
203680,USB-C Charging Cable,2,11.95,05/16/19 06:57,"577 Lincoln St, Boston, MA 02215"
203681,iPhone,1,700,05/11/19 11:00,"718 14th St, Boston, MA 02215"
203682,Lightning Charging Cable,1,14.95,05/14/19 09:01,"967 Lakeview St, San Francisco, CA 94016"
203683,34in Ultrawide Monitor,1,379.99,05/29/19 13:17,"1 Lake St, Boston, MA 02215"
203684,Apple Airpods Headphones,1,150,05/27/19 20:04,"56 Lincoln St, Austin, TX 73301"
203685,27in 4K Gaming Monitor,1,389.99,05/24/19 21:01,"317 10th St, San Francisco, CA 94016"
203686,Lightning Charging Cable,1,14.95,05/25/19 20:32,"430 12th St, San Francisco, CA 94016"
203687,Bose SoundSport Headphones,1,99.99,05/03/19 20:01,"660 14th St, Los Angeles, CA 90001"
203688,Google Phone,1,600,05/06/19 15:27,"196 Lake St, Los Angeles, CA 90001"
203689,Wired Headphones,1,11.99,05/07/19 19:38,"727 1st St, Los Angeles, CA 90001"
203690,USB-C Charging Cable,2,11.95,05/25/19 09:14,"605 Meadow St, Los Angeles, CA 90001"
203691,Bose SoundSport Headphones,1,99.99,05/15/19 09:14,"44 Johnson St, Portland, OR 97035"
203692,Flatscreen TV,1,300,05/02/19 14:13,"745 Cherry St, Austin, TX 73301"
203693,Lightning Charging Cable,2,14.95,05/19/19 15:58,"791 12th St, Atlanta, GA 30301"
203694,USB-C Charging Cable,2,11.95,05/29/19 14:28,"410 7th St, Los Angeles, CA 90001"
203695,Wired Headphones,1,11.99,05/22/19 14:34,"978 12th St, Atlanta, GA 30301"
203696,Lightning Charging Cable,1,14.95,05/03/19 12:28,"747 Hill St, Los Angeles, CA 90001"
203697,Wired Headphones,1,11.99,05/04/19 18:21,"985 11th St, San Francisco, CA 94016"
203698,USB-C Charging Cable,1,11.95,05/18/19 10:15,"345 Spruce St, Dallas, TX 75001"
203699,ThinkPad Laptop,1,999.99,05/15/19 17:37,"334 Wilson St, San Francisco, CA 94016"
203700,Flatscreen TV,1,300,05/10/19 20:15,"460 9th St, Los Angeles, CA 90001"
203701,USB-C Charging Cable,2,11.95,05/11/19 21:31,"366 Ridge St, San Francisco, CA 94016"
203702,27in 4K Gaming Monitor,1,389.99,05/09/19 22:01,"86 Chestnut St, Dallas, TX 75001"
203703,USB-C Charging Cable,2,11.95,05/07/19 01:21,"189 Jackson St, San Francisco, CA 94016"
203704,AA Batteries (4-pack),1,3.84,05/01/19 19:04,"90 Cedar St, New York City, NY 10001"
203705,Lightning Charging Cable,1,14.95,05/12/19 09:39,"534 Dogwood St, San Francisco, CA 94016"
203706,27in 4K Gaming Monitor,1,389.99,05/16/19 16:26,"993 10th St, San Francisco, CA 94016"
203707,Lightning Charging Cable,1,14.95,05/23/19 20:52,"352 4th St, San Francisco, CA 94016"
203708,Lightning Charging Cable,1,14.95,05/11/19 00:13,"86 5th St, San Francisco, CA 94016"
203709,AA Batteries (4-pack),1,3.84,05/19/19 20:47,"115 Madison St, Dallas, TX 75001"
203710,34in Ultrawide Monitor,1,379.99,05/19/19 15:14,"849 Main St, Boston, MA 02215"
203711,AA Batteries (4-pack),1,3.84,05/24/19 02:11,"479 14th St, San Francisco, CA 94016"
203712,Lightning Charging Cable,1,14.95,05/03/19 14:37,"17 5th St, Boston, MA 02215"
203713,USB-C Charging Cable,1,11.95,05/29/19 10:49,"648 Forest St, Los Angeles, CA 90001"
203714,USB-C Charging Cable,1,11.95,05/10/19 17:01,"388 Wilson St, Seattle, WA 98101"
203715,Lightning Charging Cable,1,14.95,05/04/19 18:44,"230 9th St, New York City, NY 10001"
203716,USB-C Charging Cable,2,11.95,05/03/19 11:04,"88 1st St, Portland, OR 97035"
203717,Flatscreen TV,1,300,05/13/19 12:33,"865 10th St, Los Angeles, CA 90001"
203718,Bose SoundSport Headphones,1,99.99,05/05/19 22:00,"196 10th St, Portland, ME 04101"
203719,Apple Airpods Headphones,1,150,05/03/19 11:10,"992 Cedar St, New York City, NY 10001"
203720,Wired Headphones,1,11.99,05/14/19 09:47,"562 8th St, Dallas, TX 75001"
203721,AAA Batteries (4-pack),1,2.99,05/30/19 19:57,"617 Wilson St, San Francisco, CA 94016"
203722,USB-C Charging Cable,1,11.95,05/17/19 23:54,"384 Cherry St, Boston, MA 02215"
203723,AAA Batteries (4-pack),1,2.99,05/12/19 19:32,"617 Park St, Los Angeles, CA 90001"
203724,AA Batteries (4-pack),1,3.84,05/20/19 01:26,"150 5th St, New York City, NY 10001"
203725,34in Ultrawide Monitor,1,379.99,05/20/19 23:12,"609 Johnson St, Los Angeles, CA 90001"
203726,Bose SoundSport Headphones,1,99.99,05/23/19 17:33,"808 Center St, Portland, OR 97035"
203727,AAA Batteries (4-pack),1,2.99,05/29/19 18:42,"368 12th St, Atlanta, GA 30301"
203728,20in Monitor,1,109.99,05/09/19 11:42,"914 12th St, San Francisco, CA 94016"
203729,Bose SoundSport Headphones,1,99.99,05/30/19 21:47,"909 Elm St, Seattle, WA 98101"
203730,USB-C Charging Cable,2,11.95,05/12/19 10:29,"608 Madison St, Dallas, TX 75001"
203731,USB-C Charging Cable,1,11.95,05/27/19 20:29,"487 4th St, Portland, ME 04101"
203732,27in FHD Monitor,1,149.99,05/22/19 11:36,"148 14th St, San Francisco, CA 94016"
203733,27in FHD Monitor,1,149.99,05/06/19 12:52,"293 Cherry St, Boston, MA 02215"
203734,Wired Headphones,1,11.99,05/13/19 17:05,"404 Madison St, New York City, NY 10001"
203735,USB-C Charging Cable,1,11.95,05/17/19 06:06,"9 Sunset St, Austin, TX 73301"
203736,USB-C Charging Cable,2,11.95,05/12/19 20:48,"879 North St, Boston, MA 02215"
203736,AAA Batteries (4-pack),1,2.99,05/12/19 20:48,"879 North St, Boston, MA 02215"
203737,Apple Airpods Headphones,1,150,05/23/19 14:28,"426 8th St, Los Angeles, CA 90001"
203738,AA Batteries (4-pack),1,3.84,05/03/19 21:27,"180 Johnson St, San Francisco, CA 94016"
203739,Apple Airpods Headphones,1,150,05/12/19 15:27,"834 Hickory St, San Francisco, CA 94016"
203740,USB-C Charging Cable,1,11.95,05/27/19 12:13,"853 Spruce St, Los Angeles, CA 90001"
203741,iPhone,1,700,05/06/19 18:20,"217 Pine St, New York City, NY 10001"
203741,Wired Headphones,1,11.99,05/06/19 18:20,"217 Pine St, New York City, NY 10001"
203742,Bose SoundSport Headphones,1,99.99,05/27/19 17:57,"325 Willow St, Portland, OR 97035"
203743,Lightning Charging Cable,1,14.95,05/31/19 18:40,"918 Spruce St, Boston, MA 02215"
203744,Apple Airpods Headphones,1,150,05/21/19 21:25,"988 6th St, San Francisco, CA 94016"
203745,USB-C Charging Cable,1,11.95,05/27/19 14:04,"389 North St, Los Angeles, CA 90001"
203746,27in FHD Monitor,1,149.99,05/30/19 19:08,"755 Hill St, Seattle, WA 98101"
203747,iPhone,1,700,05/20/19 12:02,"926 Washington St, San Francisco, CA 94016"
203748,AAA Batteries (4-pack),2,2.99,05/22/19 19:42,"238 Meadow St, Portland, OR 97035"
203749,Flatscreen TV,1,300,05/15/19 01:40,"747 14th St, San Francisco, CA 94016"
203750,Wired Headphones,1,11.99,05/02/19 12:18,"859 Adams St, Atlanta, GA 30301"
203751,Lightning Charging Cable,1,14.95,05/06/19 17:32,"717 Hill St, Dallas, TX 75001"
203752,Flatscreen TV,1,300,05/21/19 08:09,"269 Adams St, Los Angeles, CA 90001"
203753,34in Ultrawide Monitor,1,379.99,05/08/19 08:46,"779 Pine St, San Francisco, CA 94016"
203754,27in FHD Monitor,1,149.99,05/05/19 20:57,"121 Hickory St, Los Angeles, CA 90001"
203755,AAA Batteries (4-pack),4,2.99,05/05/19 14:31,"854 Willow St, New York City, NY 10001"
203756,Wired Headphones,1,11.99,05/31/19 21:52,"976 Center St, Los Angeles, CA 90001"
203757,34in Ultrawide Monitor,1,379.99,05/18/19 08:39,"343 4th St, San Francisco, CA 94016"
203758,Macbook Pro Laptop,1,1700,05/08/19 19:14,"358 1st St, Seattle, WA 98101"
203759,27in 4K Gaming Monitor,1,389.99,05/23/19 14:49,"156 Chestnut St, Los Angeles, CA 90001"
203760,AAA Batteries (4-pack),1,2.99,05/09/19 17:20,"193 1st St, New York City, NY 10001"
203761,27in 4K Gaming Monitor,1,389.99,05/30/19 14:13,"223 Johnson St, Los Angeles, CA 90001"
203762,Google Phone,1,600,05/08/19 15:37,"235 14th St, Los Angeles, CA 90001"
203763,USB-C Charging Cable,1,11.95,06/01/19 01:40,"857 Church St, San Francisco, CA 94016"
203764,AAA Batteries (4-pack),1,2.99,05/08/19 14:31,"567 Lake St, Boston, MA 02215"
203765,Flatscreen TV,1,300,05/14/19 20:16,"52 Main St, Boston, MA 02215"
203766,AAA Batteries (4-pack),1,2.99,05/06/19 16:11,"284 Hickory St, Portland, OR 97035"
203767,Wired Headphones,2,11.99,05/31/19 17:03,"170 13th St, Boston, MA 02215"
203768,Lightning Charging Cable,1,14.95,05/06/19 09:38,"217 Elm St, Boston, MA 02215"
203769,AAA Batteries (4-pack),1,2.99,05/14/19 21:31,"690 11th St, Boston, MA 02215"
203770,AAA Batteries (4-pack),1,2.99,05/22/19 09:12,"883 Walnut St, San Francisco, CA 94016"
203771,Google Phone,1,600,05/22/19 11:41,"776 Main St, Atlanta, GA 30301"
203771,USB-C Charging Cable,1,11.95,05/22/19 11:41,"776 Main St, Atlanta, GA 30301"
203772,Bose SoundSport Headphones,1,99.99,05/02/19 21:21,"954 12th St, Dallas, TX 75001"
203773,USB-C Charging Cable,1,11.95,05/24/19 20:03,"653 Maple St, Los Angeles, CA 90001"
203774,Lightning Charging Cable,1,14.95,05/14/19 23:11,"62 6th St, Atlanta, GA 30301"
203775,Bose SoundSport Headphones,1,99.99,05/21/19 22:01,"520 Elm St, San Francisco, CA 94016"
203776,Apple Airpods Headphones,1,150,05/12/19 20:36,"521 Wilson St, Los Angeles, CA 90001"
203777,AA Batteries (4-pack),1,3.84,05/12/19 15:57,"90 Lake St, Los Angeles, CA 90001"
203778,AA Batteries (4-pack),1,3.84,05/15/19 14:54,"778 Wilson St, New York City, NY 10001"
203779,AAA Batteries (4-pack),1,2.99,05/31/19 06:50,"489 Lincoln St, Seattle, WA 98101"
203780,Apple Airpods Headphones,1,150,05/18/19 14:40,"677 Maple St, Seattle, WA 98101"
203781,Lightning Charging Cable,1,14.95,05/11/19 11:08,"738 Main St, Austin, TX 73301"
203782,Apple Airpods Headphones,1,150,05/13/19 01:18,"340 11th St, San Francisco, CA 94016"
203783,Apple Airpods Headphones,2,150,05/17/19 08:01,"481 Lakeview St, New York City, NY 10001"
203784,20in Monitor,1,109.99,05/20/19 19:55,"213 Spruce St, San Francisco, CA 94016"
203785,Macbook Pro Laptop,1,1700,05/31/19 09:11,"768 Johnson St, Los Angeles, CA 90001"
203786,Wired Headphones,1,11.99,05/10/19 13:22,"115 Willow St, Los Angeles, CA 90001"
203787,AA Batteries (4-pack),1,3.84,05/03/19 20:14,"820 6th St, Atlanta, GA 30301"
203788,USB-C Charging Cable,1,11.95,05/10/19 12:12,"386 12th St, New York City, NY 10001"
203789,Wired Headphones,1,11.99,05/14/19 14:26,"298 Willow St, New York City, NY 10001"
203790,Wired Headphones,1,11.99,05/26/19 18:59,"600 Chestnut St, Atlanta, GA 30301"
203791,AA Batteries (4-pack),1,3.84,05/23/19 22:59,"565 Park St, Seattle, WA 98101"
203792,Apple Airpods Headphones,1,150,05/01/19 20:27,"596 Lake St, San Francisco, CA 94016"
203793,34in Ultrawide Monitor,1,379.99,05/19/19 09:57,"47 Park St, Atlanta, GA 30301"
203794,Bose SoundSport Headphones,1,99.99,05/25/19 13:32,"145 Sunset St, Dallas, TX 75001"
203795,USB-C Charging Cable,1,11.95,05/30/19 19:19,"638 Washington St, San Francisco, CA 94016"
203796,AAA Batteries (4-pack),2,2.99,05/01/19 20:00,"714 Hill St, Los Angeles, CA 90001"
203797,Google Phone,1,600,05/28/19 14:52,"338 9th St, New York City, NY 10001"
203798,iPhone,1,700,05/04/19 10:48,"212 Hill St, Seattle, WA 98101"
203799,27in 4K Gaming Monitor,1,389.99,05/24/19 21:37,"632 Sunset St, Dallas, TX 75001"
203800,Lightning Charging Cable,1,14.95,05/31/19 15:57,"192 Lake St, Atlanta, GA 30301"
203801,27in 4K Gaming Monitor,1,389.99,05/05/19 11:29,"28 Main St, San Francisco, CA 94016"
203802,Lightning Charging Cable,1,14.95,05/20/19 18:46,"932 Walnut St, San Francisco, CA 94016"
203803,Lightning Charging Cable,1,14.95,05/30/19 22:20,"888 Washington St, Atlanta, GA 30301"
203804,Apple Airpods Headphones,1,150,05/26/19 15:10,"12 Lake St, Los Angeles, CA 90001"
203805,USB-C Charging Cable,3,11.95,05/26/19 18:33,"792 Pine St, Dallas, TX 75001"
203806,USB-C Charging Cable,1,11.95,05/04/19 16:06,"335 Center St, San Francisco, CA 94016"
203807,USB-C Charging Cable,1,11.95,05/18/19 05:31,"505 Park St, San Francisco, CA 94016"
203808,Flatscreen TV,1,300,05/20/19 09:42,"777 Pine St, Seattle, WA 98101"
203809,USB-C Charging Cable,1,11.95,05/17/19 06:34,"1 Main St, New York City, NY 10001"
203810,Bose SoundSport Headphones,1,99.99,05/18/19 12:58,"392 Church St, Portland, OR 97035"
203811,USB-C Charging Cable,1,11.95,05/13/19 20:00,"502 Lakeview St, Atlanta, GA 30301"
203812,27in 4K Gaming Monitor,1,389.99,05/21/19 07:08,"647 South St, Boston, MA 02215"
203813,AA Batteries (4-pack),1,3.84,05/28/19 15:14,"349 Highland St, Los Angeles, CA 90001"
203814,USB-C Charging Cable,2,11.95,05/25/19 16:35,"229 Madison St, San Francisco, CA 94016"
203815,AAA Batteries (4-pack),1,2.99,05/30/19 18:35,"103 Wilson St, Atlanta, GA 30301"
203816,Flatscreen TV,1,300,05/10/19 22:24,"315 Johnson St, San Francisco, CA 94016"
203817,Bose SoundSport Headphones,1,99.99,05/01/19 22:37,"864 11th St, San Francisco, CA 94016"
203818,USB-C Charging Cable,1,11.95,05/04/19 12:06,"540 Highland St, Los Angeles, CA 90001"
203819,Apple Airpods Headphones,1,150,05/15/19 16:32,"763 Cherry St, Austin, TX 73301"
203820,Macbook Pro Laptop,1,1700,05/14/19 18:14,"56 13th St, San Francisco, CA 94016"
203821,34in Ultrawide Monitor,1,379.99,05/19/19 00:21,"914 Main St, Dallas, TX 75001"
,,,,,
203822,AAA Batteries (4-pack),1,2.99,05/02/19 12:53,"159 8th St, Boston, MA 02215"
203823,Apple Airpods Headphones,1,150,05/08/19 21:29,"77 Center St, Los Angeles, CA 90001"
203824,34in Ultrawide Monitor,1,379.99,05/23/19 04:49,"694 Willow St, San Francisco, CA 94016"
203825,AA Batteries (4-pack),2,3.84,05/22/19 21:13,"817 8th St, Atlanta, GA 30301"
203826,USB-C Charging Cable,1,11.95,05/13/19 20:59,"439 Maple St, Los Angeles, CA 90001"
203827,Flatscreen TV,1,300,05/22/19 11:53,"252 Church St, Los Angeles, CA 90001"
203828,iPhone,1,700,05/19/19 17:21,"491 Hill St, San Francisco, CA 94016"
203829,Macbook Pro Laptop,1,1700,05/26/19 09:06,"243 Walnut St, New York City, NY 10001"
203830,iPhone,1,700,05/08/19 20:20,"143 Lakeview St, Portland, OR 97035"
203831,20in Monitor,1,109.99,05/01/19 10:53,"304 Jackson St, Los Angeles, CA 90001"
203832,Macbook Pro Laptop,1,1700,05/11/19 13:17,"70 Lakeview St, Seattle, WA 98101"
203833,34in Ultrawide Monitor,1,379.99,05/28/19 11:08,"174 Cedar St, Portland, OR 97035"
203834,34in Ultrawide Monitor,1,379.99,05/03/19 21:20,"165 Jackson St, San Francisco, CA 94016"
203835,Lightning Charging Cable,1,14.95,05/04/19 10:49,"220 Wilson St, Atlanta, GA 30301"
203836,Apple Airpods Headphones,1,150,05/10/19 07:49,"947 Walnut St, Boston, MA 02215"
203837,27in FHD Monitor,1,149.99,05/30/19 20:33,"366 Willow St, New York City, NY 10001"
203838,Macbook Pro Laptop,1,1700,05/06/19 16:16,"859 Jefferson St, San Francisco, CA 94016"
203839,Lightning Charging Cable,1,14.95,05/31/19 21:49,"84 8th St, New York City, NY 10001"
203840,USB-C Charging Cable,1,11.95,05/25/19 20:45,"442 North St, Los Angeles, CA 90001"
203841,USB-C Charging Cable,1,11.95,05/02/19 23:37,"431 South St, San Francisco, CA 94016"
203842,AA Batteries (4-pack),1,3.84,05/25/19 22:56,"161 Lincoln St, Atlanta, GA 30301"
203843,Wired Headphones,1,11.99,05/02/19 09:07,"941 1st St, New York City, NY 10001"
203844,AAA Batteries (4-pack),1,2.99,05/17/19 10:46,"467 River St, Dallas, TX 75001"
203845,Lightning Charging Cable,1,14.95,05/29/19 11:12,"56 Spruce St, Los Angeles, CA 90001"
203846,Lightning Charging Cable,1,14.95,05/23/19 05:09,"446 Church St, Seattle, WA 98101"
203847,20in Monitor,1,109.99,05/10/19 13:46,"471 Park St, Los Angeles, CA 90001"
203848,27in 4K Gaming Monitor,1,389.99,05/15/19 09:10,"511 South St, San Francisco, CA 94016"
203849,34in Ultrawide Monitor,1,379.99,05/31/19 08:00,"213 West St, San Francisco, CA 94016"
203850,AAA Batteries (4-pack),1,2.99,05/18/19 17:17,"54 Adams St, Dallas, TX 75001"
203850,AAA Batteries (4-pack),1,2.99,05/18/19 17:17,"54 Adams St, Dallas, TX 75001"
203851,USB-C Charging Cable,1,11.95,05/23/19 11:04,"406 Dogwood St, Atlanta, GA 30301"
203852,Flatscreen TV,1,300,05/20/19 17:00,"314 Walnut St, Atlanta, GA 30301"
203853,AA Batteries (4-pack),1,3.84,05/22/19 15:05,"647 Walnut St, San Francisco, CA 94016"
203854,27in FHD Monitor,1,149.99,05/12/19 21:27,"432 Adams St, Seattle, WA 98101"
203855,USB-C Charging Cable,1,11.95,05/04/19 19:37,"198 10th St, Portland, OR 97035"
203856,AAA Batteries (4-pack),2,2.99,05/19/19 15:44,"22 North St, Dallas, TX 75001"
203857,Apple Airpods Headphones,1,150,05/13/19 15:21,"140 10th St, San Francisco, CA 94016"
203858,Flatscreen TV,1,300,05/21/19 19:22,"992 Main St, Los Angeles, CA 90001"
203859,Lightning Charging Cable,1,14.95,05/30/19 14:58,"586 Maple St, San Francisco, CA 94016"
203860,27in FHD Monitor,1,149.99,05/28/19 12:53,"599 5th St, Boston, MA 02215"
203861,Lightning Charging Cable,1,14.95,05/16/19 19:18,"916 Chestnut St, Austin, TX 73301"
203862,AA Batteries (4-pack),1,3.84,05/01/19 15:08,"798 Dogwood St, Los Angeles, CA 90001"
203862,USB-C Charging Cable,1,11.95,05/01/19 15:08,"798 Dogwood St, Los Angeles, CA 90001"
203863,Lightning Charging Cable,1,14.95,05/28/19 21:26,"893 2nd St, San Francisco, CA 94016"
203864,34in Ultrawide Monitor,1,379.99,05/13/19 16:30,"626 Johnson St, Austin, TX 73301"
203865,27in 4K Gaming Monitor,1,389.99,05/04/19 20:08,"257 7th St, San Francisco, CA 94016"
203866,Apple Airpods Headphones,1,150,05/11/19 09:44,"914 1st St, Austin, TX 73301"
203867,AA Batteries (4-pack),1,3.84,05/26/19 12:03,"236 Jefferson St, San Francisco, CA 94016"
203868,USB-C Charging Cable,1,11.95,05/12/19 16:58,"998 Cherry St, Los Angeles, CA 90001"
203869,Bose SoundSport Headphones,1,99.99,05/08/19 23:47,"801 7th St, San Francisco, CA 94016"
203870,Wired Headphones,1,11.99,05/31/19 14:58,"803 River St, San Francisco, CA 94016"
203871,Apple Airpods Headphones,1,150,05/16/19 19:26,"456 Dogwood St, Portland, OR 97035"
203872,Google Phone,1,600,05/13/19 11:03,"242 13th St, Portland, OR 97035"
203872,USB-C Charging Cable,1,11.95,05/13/19 11:03,"242 13th St, Portland, OR 97035"
203873,Lightning Charging Cable,1,14.95,05/18/19 13:51,"674 River St, Portland, ME 04101"
203874,AAA Batteries (4-pack),2,2.99,05/31/19 08:37,"177 Lakeview St, Atlanta, GA 30301"
203875,Lightning Charging Cable,1,14.95,05/27/19 17:22,"405 Meadow St, Austin, TX 73301"
203876,Apple Airpods Headphones,1,150,05/30/19 13:37,"221 10th St, New York City, NY 10001"
203877,USB-C Charging Cable,1,11.95,05/21/19 14:39,"512 8th St, Boston, MA 02215"
203878,Lightning Charging Cable,1,14.95,05/08/19 18:37,"476 River St, San Francisco, CA 94016"
203879,ThinkPad Laptop,1,999.99,05/06/19 18:48,"908 Sunset St, Dallas, TX 75001"
203880,Lightning Charging Cable,1,14.95,05/06/19 07:46,"607 13th St, New York City, NY 10001"
203881,AA Batteries (4-pack),1,3.84,05/20/19 17:58,"309 Wilson St, Austin, TX 73301"
203882,Wired Headphones,1,11.99,05/04/19 12:12,"504 5th St, San Francisco, CA 94016"
203883,27in 4K Gaming Monitor,1,389.99,05/20/19 13:39,"483 Spruce St, Seattle, WA 98101"
203884,Lightning Charging Cable,1,14.95,05/29/19 13:15,"197 Chestnut St, New York City, NY 10001"
203885,Apple Airpods Headphones,1,150,05/14/19 14:29,"984 Dogwood St, San Francisco, CA 94016"
203886,AAA Batteries (4-pack),1,2.99,05/16/19 19:23,"372 Center St, Austin, TX 73301"
203887,Bose SoundSport Headphones,1,99.99,05/17/19 22:50,"27 Center St, San Francisco, CA 94016"
203888,Lightning Charging Cable,1,14.95,05/07/19 12:27,"938 Willow St, New York City, NY 10001"
203889,Lightning Charging Cable,1,14.95,05/15/19 23:15,"317 Main St, San Francisco, CA 94016"
203890,USB-C Charging Cable,1,11.95,05/15/19 22:51,"33 Forest St, New York City, NY 10001"
203891,AAA Batteries (4-pack),1,2.99,05/05/19 21:29,"251 Church St, Atlanta, GA 30301"
203892,USB-C Charging Cable,1,11.95,05/24/19 12:17,"202 Jackson St, Los Angeles, CA 90001"
203893,Apple Airpods Headphones,1,150,05/06/19 11:05,"391 11th St, Boston, MA 02215"
203894,AA Batteries (4-pack),2,3.84,05/19/19 12:43,"187 Walnut St, Portland, OR 97035"
203894,AAA Batteries (4-pack),1,2.99,05/19/19 12:43,"187 Walnut St, Portland, OR 97035"
203895,AA Batteries (4-pack),1,3.84,05/15/19 14:13,"590 Spruce St, Portland, OR 97035"
203896,Wired Headphones,1,11.99,05/02/19 20:31,"723 Church St, San Francisco, CA 94016"
203897,Bose SoundSport Headphones,1,99.99,05/02/19 22:49,"56 8th St, San Francisco, CA 94016"
203898,AA Batteries (4-pack),1,3.84,05/17/19 19:22,"599 Forest St, Seattle, WA 98101"
203899,Flatscreen TV,1,300,05/18/19 20:52,"973 Cherry St, Atlanta, GA 30301"
203900,Bose SoundSport Headphones,1,99.99,05/03/19 21:20,"700 Johnson St, Los Angeles, CA 90001"
203901,27in FHD Monitor,1,149.99,05/14/19 18:02,"564 Hill St, Los Angeles, CA 90001"
203902,Wired Headphones,1,11.99,05/11/19 11:13,"864 1st St, San Francisco, CA 94016"
203903,Bose SoundSport Headphones,1,99.99,05/15/19 19:00,"454 Jackson St, Seattle, WA 98101"
203904,27in 4K Gaming Monitor,1,389.99,05/20/19 09:58,"925 Maple St, Boston, MA 02215"
203905,27in FHD Monitor,1,149.99,05/11/19 07:40,"789 9th St, Boston, MA 02215"
203906,Apple Airpods Headphones,1,150,05/11/19 21:49,"395 7th St, San Francisco, CA 94016"
203907,AAA Batteries (4-pack),1,2.99,05/21/19 17:42,"43 Willow St, San Francisco, CA 94016"
203908,Wired Headphones,1,11.99,05/02/19 21:20,"433 South St, San Francisco, CA 94016"
203909,Apple Airpods Headphones,1,150,05/01/19 22:28,"963 10th St, San Francisco, CA 94016"
203910,iPhone,1,700,05/10/19 16:01,"175 10th St, New York City, NY 10001"
203911,ThinkPad Laptop,1,999.99,05/18/19 00:46,"325 Jackson St, Seattle, WA 98101"
203912,Wired Headphones,1,11.99,05/22/19 17:04,"585 Center St, New York City, NY 10001"
203913,USB-C Charging Cable,1,11.95,05/17/19 16:39,"702 14th St, Boston, MA 02215"
203914,Wired Headphones,1,11.99,05/30/19 08:14,"306 Wilson St, New York City, NY 10001"
203915,ThinkPad Laptop,1,999.99,05/03/19 21:27,"190 9th St, Austin, TX 73301"
203916,20in Monitor,1,109.99,05/09/19 08:57,"602 Cedar St, Atlanta, GA 30301"
203917,27in 4K Gaming Monitor,1,389.99,05/28/19 20:13,"325 Washington St, Los Angeles, CA 90001"
203918,AAA Batteries (4-pack),1,2.99,05/25/19 00:14,"903 Wilson St, San Francisco, CA 94016"
203918,Bose SoundSport Headphones,1,99.99,05/25/19 00:14,"903 Wilson St, San Francisco, CA 94016"
203919,Apple Airpods Headphones,1,150,05/23/19 18:54,"591 Lincoln St, Los Angeles, CA 90001"
203920,USB-C Charging Cable,1,11.95,05/16/19 01:18,"542 West St, San Francisco, CA 94016"
203921,AAA Batteries (4-pack),1,2.99,05/28/19 11:53,"156 Washington St, Los Angeles, CA 90001"
203922,iPhone,1,700,05/31/19 15:18,"170 Hill St, Atlanta, GA 30301"
203922,Wired Headphones,1,11.99,05/31/19 15:18,"170 Hill St, Atlanta, GA 30301"
203923,iPhone,1,700,05/18/19 21:26,"865 Jackson St, Boston, MA 02215"
203923,Lightning Charging Cable,1,14.95,05/18/19 21:26,"865 Jackson St, Boston, MA 02215"
203924,Wired Headphones,1,11.99,05/13/19 18:15,"309 Church St, Boston, MA 02215"
203925,USB-C Charging Cable,1,11.95,05/18/19 19:00,"44 Center St, New York City, NY 10001"
203926,Flatscreen TV,1,300,05/19/19 15:16,"562 Walnut St, Seattle, WA 98101"
203927,Wired Headphones,1,11.99,05/10/19 16:17,"704 Johnson St, Portland, ME 04101"
203928,USB-C Charging Cable,1,11.95,05/17/19 20:17,"760 Lakeview St, San Francisco, CA 94016"
203929,AA Batteries (4-pack),1,3.84,05/02/19 21:16,"841 Adams St, Seattle, WA 98101"
203930,Bose SoundSport Headphones,1,99.99,05/12/19 12:31,"61 5th St, Los Angeles, CA 90001"
203931,AAA Batteries (4-pack),2,2.99,05/16/19 17:00,"102 1st St, Portland, OR 97035"
203932,iPhone,1,700,05/07/19 09:45,"388 Pine St, Portland, OR 97035"
203933,Lightning Charging Cable,2,14.95,05/22/19 18:11,"447 Cherry St, Los Angeles, CA 90001"
203934,Wired Headphones,1,11.99,05/09/19 11:43,"833 Johnson St, San Francisco, CA 94016"
203935,Wired Headphones,1,11.99,05/06/19 12:19,"434 West St, San Francisco, CA 94016"
203936,Macbook Pro Laptop,1,1700,05/14/19 19:08,"260 Jackson St, Los Angeles, CA 90001"
203937,AAA Batteries (4-pack),2,2.99,05/13/19 08:17,"746 Park St, Los Angeles, CA 90001"
203938,LG Dryer,1,600.0,05/26/19 18:26,"774 Park St, San Francisco, CA 94016"
203939,AAA Batteries (4-pack),1,2.99,05/15/19 03:12,"235 5th St, Seattle, WA 98101"
203940,Bose SoundSport Headphones,1,99.99,05/27/19 15:56,"259 Wilson St, Portland, ME 04101"
203941,iPhone,1,700,05/23/19 16:12,"984 Willow St, Los Angeles, CA 90001"
203942,Apple Airpods Headphones,1,150,05/14/19 21:03,"672 5th St, Seattle, WA 98101"
203943,Lightning Charging Cable,1,14.95,05/13/19 16:51,"685 Church St, San Francisco, CA 94016"
203944,Macbook Pro Laptop,1,1700,05/05/19 11:07,"246 Cherry St, Los Angeles, CA 90001"
203945,iPhone,1,700,05/11/19 09:48,"739 2nd St, Atlanta, GA 30301"
203946,ThinkPad Laptop,1,999.99,05/22/19 23:10,"75 Park St, San Francisco, CA 94016"
203947,AA Batteries (4-pack),1,3.84,05/12/19 19:45,"19 Cedar St, Seattle, WA 98101"
203948,Lightning Charging Cable,1,14.95,05/11/19 09:09,"130 1st St, Austin, TX 73301"
203949,iPhone,1,700,05/30/19 15:52,"445 Cherry St, Boston, MA 02215"
203950,iPhone,1,700,05/29/19 08:11,"873 Church St, Los Angeles, CA 90001"
203951,AAA Batteries (4-pack),1,2.99,05/01/19 11:07,"558 Chestnut St, New York City, NY 10001"
203952,AAA Batteries (4-pack),1,2.99,05/17/19 19:24,"648 14th St, New York City, NY 10001"
203953,ThinkPad Laptop,1,999.99,05/19/19 11:15,"593 River St, San Francisco, CA 94016"
203954,Google Phone,1,600,05/19/19 01:10,"867 5th St, New York City, NY 10001"
203955,20in Monitor,1,109.99,05/28/19 15:36,"552 Maple St, San Francisco, CA 94016"
203956,Lightning Charging Cable,1,14.95,05/23/19 16:58,"137 River St, New York City, NY 10001"
203957,ThinkPad Laptop,1,999.99,05/15/19 21:43,"842 Chestnut St, Los Angeles, CA 90001"
203958,Lightning Charging Cable,1,14.95,05/17/19 10:48,"846 13th St, San Francisco, CA 94016"
203959,Apple Airpods Headphones,1,150,05/25/19 20:16,"705 Madison St, Dallas, TX 75001"
203960,Lightning Charging Cable,1,14.95,05/06/19 12:23,"887 Jefferson St, Portland, OR 97035"
203961,AAA Batteries (4-pack),2,2.99,05/28/19 20:28,"623 Willow St, New York City, NY 10001"
203962,AAA Batteries (4-pack),4,2.99,05/20/19 13:31,"35 Cedar St, Dallas, TX 75001"
203963,27in 4K Gaming Monitor,1,389.99,05/01/19 22:11,"302 Maple St, New York City, NY 10001"
203964,Wired Headphones,1,11.99,05/21/19 09:14,"598 Adams St, Boston, MA 02215"
203965,Macbook Pro Laptop,1,1700,05/28/19 16:33,"345 Lakeview St, New York City, NY 10001"
203966,ThinkPad Laptop,1,999.99,05/15/19 16:18,"842 Wilson St, Boston, MA 02215"
203967,AA Batteries (4-pack),1,3.84,05/23/19 18:39,"454 Lake St, Seattle, WA 98101"
203968,Bose SoundSport Headphones,1,99.99,05/21/19 18:22,"311 North St, Los Angeles, CA 90001"
203969,Flatscreen TV,1,300,05/07/19 17:41,"37 Pine St, Los Angeles, CA 90001"
203970,Macbook Pro Laptop,1,1700,05/14/19 08:48,"937 13th St, San Francisco, CA 94016"
203971,USB-C Charging Cable,2,11.95,05/18/19 19:35,"812 Forest St, Dallas, TX 75001"
203972,20in Monitor,1,109.99,05/24/19 16:13,"363 Washington St, Portland, OR 97035"
203973,iPhone,1,700,06/01/19 03:05,"828 Madison St, Los Angeles, CA 90001"
203974,USB-C Charging Cable,1,11.95,05/15/19 16:37,"132 Hickory St, Los Angeles, CA 90001"
203975,USB-C Charging Cable,1,11.95,05/04/19 14:40,"51 Dogwood St, Dallas, TX 75001"
203976,AAA Batteries (4-pack),1,2.99,05/03/19 14:26,"928 Sunset St, New York City, NY 10001"
203977,Wired Headphones,1,11.99,05/03/19 09:18,"63 Cedar St, San Francisco, CA 94016"
203978,USB-C Charging Cable,1,11.95,05/13/19 17:55,"822 Walnut St, New York City, NY 10001"
203979,Apple Airpods Headphones,1,150,05/05/19 14:52,"585 Chestnut St, New York City, NY 10001"
203980,USB-C Charging Cable,1,11.95,06/01/19 02:20,"427 Washington St, Portland, OR 97035"
203981,Wired Headphones,1,11.99,05/06/19 11:27,"677 11th St, Atlanta, GA 30301"
203982,Apple Airpods Headphones,1,150,05/09/19 13:38,"627 South St, Los Angeles, CA 90001"
203983,Bose SoundSport Headphones,1,99.99,05/31/19 10:43,"669 Jefferson St, Atlanta, GA 30301"
203984,iPhone,1,700,05/06/19 17:24,"470 8th St, New York City, NY 10001"
203984,Wired Headphones,2,11.99,05/06/19 17:24,"470 8th St, New York City, NY 10001"
203985,Lightning Charging Cable,2,14.95,05/24/19 20:38,"868 Spruce St, Boston, MA 02215"
203986,Wired Headphones,1,11.99,05/06/19 19:27,"713 Adams St, San Francisco, CA 94016"
203987,Wired Headphones,1,11.99,05/24/19 16:36,"121 Cherry St, New York City, NY 10001"
203988,Bose SoundSport Headphones,2,99.99,05/14/19 18:36,"727 Pine St, New York City, NY 10001"
203989,Bose SoundSport Headphones,1,99.99,05/11/19 19:00,"687 12th St, Los Angeles, CA 90001"
203990,AA Batteries (4-pack),3,3.84,05/11/19 17:33,"45 Ridge St, Atlanta, GA 30301"
203991,Apple Airpods Headphones,1,150,05/25/19 15:14,"276 10th St, Seattle, WA 98101"
203992,Bose SoundSport Headphones,1,99.99,05/07/19 19:13,"311 9th St, Dallas, TX 75001"
203993,iPhone,1,700,05/04/19 15:50,"383 9th St, New York City, NY 10001"
203993,Lightning Charging Cable,1,14.95,05/04/19 15:50,"383 9th St, New York City, NY 10001"
203994,Wired Headphones,1,11.99,05/26/19 16:56,"674 Hickory St, Seattle, WA 98101"
203995,ThinkPad Laptop,1,999.99,05/23/19 17:39,"442 Park St, San Francisco, CA 94016"
203996,27in 4K Gaming Monitor,1,389.99,05/10/19 00:01,"197 2nd St, San Francisco, CA 94016"
203997,Lightning Charging Cable,1,14.95,05/22/19 00:16,"143 Chestnut St, Dallas, TX 75001"
203998,USB-C Charging Cable,1,11.95,05/01/19 09:49,"485 1st St, Dallas, TX 75001"
203999,Wired Headphones,1,11.99,05/27/19 20:25,"566 Hill St, Dallas, TX 75001"
204000,AA Batteries (4-pack),1,3.84,05/11/19 17:55,"420 Pine St, Atlanta, GA 30301"
204001,AA Batteries (4-pack),2,3.84,05/01/19 14:04,"230 Madison St, Portland, OR 97035"
204002,AAA Batteries (4-pack),1,2.99,05/03/19 17:03,"381 Lakeview St, Boston, MA 02215"
204003,AA Batteries (4-pack),1,3.84,05/24/19 08:43,"526 8th St, Los Angeles, CA 90001"
204004,AAA Batteries (4-pack),1,2.99,05/31/19 11:46,"82 North St, San Francisco, CA 94016"
204005,Bose SoundSport Headphones,1,99.99,05/12/19 16:45,"378 Meadow St, Atlanta, GA 30301"
204006,USB-C Charging Cable,2,11.95,05/25/19 22:35,"801 Johnson St, Seattle, WA 98101"
204007,AAA Batteries (4-pack),2,2.99,05/08/19 16:32,"946 11th St, New York City, NY 10001"
204008,Lightning Charging Cable,1,14.95,05/26/19 11:19,"478 12th St, San Francisco, CA 94016"
204009,AA Batteries (4-pack),1,3.84,05/23/19 12:22,"756 6th St, Atlanta, GA 30301"
204010,USB-C Charging Cable,2,11.95,05/12/19 19:02,"442 Walnut St, San Francisco, CA 94016"
204011,ThinkPad Laptop,1,999.99,05/01/19 15:35,"611 Dogwood St, San Francisco, CA 94016"
204012,Wired Headphones,1,11.99,05/14/19 08:19,"511 Highland St, New York City, NY 10001"
204012,AAA Batteries (4-pack),3,2.99,05/14/19 08:19,"511 Highland St, New York City, NY 10001"
204013,Apple Airpods Headphones,1,150,05/20/19 20:42,"871 2nd St, Boston, MA 02215"
204014,Bose SoundSport Headphones,1,99.99,05/25/19 10:03,"970 Cherry St, San Francisco, CA 94016"
204015,AA Batteries (4-pack),2,3.84,05/15/19 10:48,"664 Church St, Seattle, WA 98101"
204016,Lightning Charging Cable,1,14.95,05/02/19 12:49,"30 Elm St, Atlanta, GA 30301"
204017,Apple Airpods Headphones,1,150,05/28/19 21:58,"837 Dogwood St, Atlanta, GA 30301"
204018,20in Monitor,1,109.99,05/14/19 10:48,"90 Center St, Boston, MA 02215"
204019,Macbook Pro Laptop,1,1700,05/22/19 14:16,"35 2nd St, Los Angeles, CA 90001"
204020,iPhone,1,700,05/15/19 03:09,"27 12th St, Portland, OR 97035"
204021,Lightning Charging Cable,1,14.95,05/02/19 21:54,"293 5th St, Los Angeles, CA 90001"
204022,AA Batteries (4-pack),1,3.84,05/24/19 16:26,"3 9th St, Portland, OR 97035"
204023,AAA Batteries (4-pack),3,2.99,05/28/19 21:02,"728 Lincoln St, Seattle, WA 98101"
204023,AA Batteries (4-pack),1,3.84,05/28/19 21:02,"728 Lincoln St, Seattle, WA 98101"
204024,AAA Batteries (4-pack),1,2.99,05/03/19 18:45,"43 8th St, Boston, MA 02215"
204025,AA Batteries (4-pack),2,3.84,05/25/19 10:58,"893 5th St, Dallas, TX 75001"
204026,AA Batteries (4-pack),1,3.84,05/22/19 16:55,"75 Spruce St, Seattle, WA 98101"
204027,USB-C Charging Cable,1,11.95,05/19/19 21:08,"410 12th St, New York City, NY 10001"
204028,27in FHD Monitor,1,149.99,05/22/19 23:56,"167 9th St, Atlanta, GA 30301"
204029,AAA Batteries (4-pack),1,2.99,05/31/19 08:27,"523 Wilson St, San Francisco, CA 94016"
204030,AA Batteries (4-pack),2,3.84,05/02/19 00:35,"96 Forest St, San Francisco, CA 94016"
204031,Google Phone,1,600,05/29/19 10:39,"169 11th St, New York City, NY 10001"
204032,Wired Headphones,1,11.99,05/12/19 19:13,"597 8th St, Austin, TX 73301"
204033,20in Monitor,1,109.99,05/29/19 21:36,"684 Washington St, San Francisco, CA 94016"
204034,27in FHD Monitor,1,149.99,05/19/19 15:18,"306 Willow St, San Francisco, CA 94016"
204035,ThinkPad Laptop,1,999.99,05/13/19 12:16,"122 Park St, Seattle, WA 98101"
204036,Apple Airpods Headphones,1,150,05/21/19 17:06,"562 Johnson St, Los Angeles, CA 90001"
204037,Bose SoundSport Headphones,1,99.99,05/19/19 17:30,"198 13th St, Dallas, TX 75001"
204038,AA Batteries (4-pack),1,3.84,05/09/19 17:11,"711 Forest St, Dallas, TX 75001"
204039,Macbook Pro Laptop,1,1700,05/06/19 21:13,"842 Park St, Austin, TX 73301"
204040,Bose SoundSport Headphones,1,99.99,05/01/19 20:49,"652 Forest St, Los Angeles, CA 90001"
204041,USB-C Charging Cable,1,11.95,05/29/19 22:44,"505 10th St, San Francisco, CA 94016"
204042,Wired Headphones,1,11.99,05/12/19 20:28,"829 North St, Seattle, WA 98101"
204043,34in Ultrawide Monitor,1,379.99,05/21/19 22:45,"171 11th St, Boston, MA 02215"
204044,AA Batteries (4-pack),1,3.84,05/27/19 07:05,"899 7th St, Austin, TX 73301"
204045,AA Batteries (4-pack),2,3.84,05/28/19 21:34,"556 West St, Los Angeles, CA 90001"
204046,Apple Airpods Headphones,1,150,05/03/19 07:21,"795 11th St, Seattle, WA 98101"
204047,USB-C Charging Cable,1,11.95,05/09/19 23:35,"761 9th St, San Francisco, CA 94016"
204048,Flatscreen TV,1,300,05/11/19 16:57,"658 Meadow St, Seattle, WA 98101"
204049,Flatscreen TV,1,300,05/01/19 12:50,"919 River St, Boston, MA 02215"
204050,AAA Batteries (4-pack),3,2.99,05/08/19 06:01,"770 Sunset St, Austin, TX 73301"
204051,20in Monitor,1,109.99,05/03/19 08:50,"639 Pine St, Boston, MA 02215"
204052,AA Batteries (4-pack),1,3.84,05/23/19 18:58,"798 West St, New York City, NY 10001"
204053,AAA Batteries (4-pack),1,2.99,05/18/19 18:29,"662 Adams St, Seattle, WA 98101"
204054,Macbook Pro Laptop,1,1700,05/27/19 13:02,"585 North St, San Francisco, CA 94016"
Order ID,Product,Quantity Ordered,Price Each,Order Date,Purchase Address
204055,AAA Batteries (4-pack),1,2.99,05/18/19 20:25,"748 South St, Dallas, TX 75001"
204056,AAA Batteries (4-pack),1,2.99,05/23/19 01:25,"744 Washington St, Boston, MA 02215"
204057,27in 4K Gaming Monitor,1,389.99,05/27/19 20:46,"449 South St, Atlanta, GA 30301"
204058,Apple Airpods Headphones,1,150,05/07/19 11:40,"626 North St, San Francisco, CA 94016"
204059,USB-C Charging Cable,2,11.95,05/02/19 13:09,"605 Chestnut St, Seattle, WA 98101"
204060,AAA Batteries (4-pack),1,2.99,05/17/19 10:17,"54 Elm St, San Francisco, CA 94016"
204061,Lightning Charging Cable,2,14.95,05/22/19 18:29,"259 Lakeview St, San Francisco, CA 94016"
204062,USB-C Charging Cable,1,11.95,05/27/19 11:19,"414 1st St, New York City, NY 10001"
204063,Lightning Charging Cable,2,14.95,05/03/19 18:50,"917 South St, Austin, TX 73301"
204064,AAA Batteries (4-pack),1,2.99,05/10/19 19:55,"256 12th St, Dallas, TX 75001"
204065,AA Batteries (4-pack),1,3.84,05/05/19 15:37,"807 14th St, San Francisco, CA 94016"
204066,AA Batteries (4-pack),1,3.84,05/28/19 01:52,"519 11th St, Portland, OR 97035"
204067,AAA Batteries (4-pack),3,2.99,05/27/19 11:00,"412 8th St, San Francisco, CA 94016"
204068,Wired Headphones,1,11.99,05/13/19 22:15,"756 Dogwood St, San Francisco, CA 94016"
204069,Apple Airpods Headphones,1,150,05/24/19 14:14,"145 9th St, San Francisco, CA 94016"
204070,USB-C Charging Cable,2,11.95,05/12/19 21:57,"264 Church St, San Francisco, CA 94016"
204071,Apple Airpods Headphones,1,150,05/17/19 08:49,"105 Highland St, Atlanta, GA 30301"
204072,34in Ultrawide Monitor,1,379.99,05/11/19 20:35,"549 Adams St, Los Angeles, CA 90001"
204073,Apple Airpods Headphones,1,150,05/26/19 19:37,"747 7th St, San Francisco, CA 94016"
204074,AA Batteries (4-pack),1,3.84,05/16/19 20:19,"892 Jackson St, Boston, MA 02215"
204075,Macbook Pro Laptop,1,1700,05/26/19 08:00,"391 10th St, Austin, TX 73301"
204076,USB-C Charging Cable,1,11.95,05/14/19 09:18,"15 6th St, Atlanta, GA 30301"
204077,Wired Headphones,1,11.99,05/24/19 22:19,"105 Dogwood St, San Francisco, CA 94016"
204078,Macbook Pro Laptop,1,1700,05/03/19 18:49,"415 2nd St, Dallas, TX 75001"
204079,Lightning Charging Cable,1,14.95,05/30/19 20:03,"693 12th St, New York City, NY 10001"
204080,Apple Airpods Headphones,2,150,05/27/19 16:40,"564 Wilson St, Los Angeles, CA 90001"
204081,AAA Batteries (4-pack),2,2.99,05/07/19 09:51,"815 14th St, Boston, MA 02215"
204082,Lightning Charging Cable,1,14.95,05/22/19 19:45,"921 Hickory St, New York City, NY 10001"
204083,USB-C Charging Cable,1,11.95,05/31/19 16:24,"842 Chestnut St, Boston, MA 02215"
204084,34in Ultrawide Monitor,1,379.99,05/25/19 11:02,"120 10th St, Atlanta, GA 30301"
204085,USB-C Charging Cable,1,11.95,05/06/19 20:38,"229 Johnson St, Atlanta, GA 30301"
204086,ThinkPad Laptop,1,999.99,05/23/19 18:20,"668 5th St, Boston, MA 02215"
204087,AAA Batteries (4-pack),1,2.99,05/21/19 18:14,"95 Johnson St, Seattle, WA 98101"
204088,Flatscreen TV,1,300,05/28/19 20:55,"744 5th St, Atlanta, GA 30301"
204089,Wired Headphones,1,11.99,05/05/19 16:11,"829 11th St, San Francisco, CA 94016"
204090,AAA Batteries (4-pack),1,2.99,05/06/19 12:20,"191 Wilson St, New York City, NY 10001"
204091,Apple Airpods Headphones,1,150,05/03/19 12:24,"812 Lakeview St, Boston, MA 02215"
204092,Wired Headphones,1,11.99,05/11/19 20:38,"219 Hickory St, Los Angeles, CA 90001"
204093,AAA Batteries (4-pack),3,2.99,05/04/19 19:55,"725 Forest St, San Francisco, CA 94016"
204094,AA Batteries (4-pack),1,3.84,05/25/19 16:26,"982 Hickory St, Boston, MA 02215"
204095,Bose SoundSport Headphones,1,99.99,05/12/19 11:29,"880 Madison St, Seattle, WA 98101"
204096,USB-C Charging Cable,1,11.95,05/19/19 11:26,"613 6th St, Dallas, TX 75001"
204097,AAA Batteries (4-pack),1,2.99,05/10/19 10:00,"396 Johnson St, Austin, TX 73301"
204098,Wired Headphones,1,11.99,05/25/19 20:06,"705 Chestnut St, San Francisco, CA 94016"
204099,Bose SoundSport Headphones,2,99.99,05/12/19 15:11,"413 North St, Atlanta, GA 30301"
204100,AA Batteries (4-pack),1,3.84,05/01/19 11:54,"567 Hickory St, San Francisco, CA 94016"
204101,USB-C Charging Cable,1,11.95,05/19/19 15:14,"942 Meadow St, Boston, MA 02215"
204102,Bose SoundSport Headphones,1,99.99,05/21/19 14:00,"792 Jackson St, San Francisco, CA 94016"
204103,AA Batteries (4-pack),1,3.84,05/08/19 19:55,"220 Cherry St, Atlanta, GA 30301"
204104,Apple Airpods Headphones,1,150,05/30/19 22:10,"898 Highland St, Portland, OR 97035"
204105,AAA Batteries (4-pack),4,2.99,05/23/19 07:01,"688 Forest St, New York City, NY 10001"
204106,AA Batteries (4-pack),3,3.84,05/20/19 07:44,"979 Park St, San Francisco, CA 94016"
204107,AAA Batteries (4-pack),1,2.99,05/24/19 17:53,"23 7th St, Portland, OR 97035"
204108,27in 4K Gaming Monitor,1,389.99,05/30/19 11:21,"18 Johnson St, New York City, NY 10001"
204109,Apple Airpods Headphones,1,150,05/20/19 17:51,"482 Forest St, New York City, NY 10001"
204110,AAA Batteries (4-pack),1,2.99,05/14/19 11:14,"801 Spruce St, New York City, NY 10001"
204111,34in Ultrawide Monitor,1,379.99,05/01/19 16:28,"414 Madison St, Boston, MA 02215"
204112,Wired Headphones,1,11.99,05/21/19 17:27,"317 7th St, Boston, MA 02215"
204113,Vareebadd Phone,1,400,05/28/19 20:06,"900 Meadow St, Atlanta, GA 30301"
204114,Macbook Pro Laptop,1,1700,05/21/19 22:34,"125 West St, San Francisco, CA 94016"
204115,Macbook Pro Laptop,1,1700,05/07/19 15:35,"529 Willow St, Seattle, WA 98101"
204116,34in Ultrawide Monitor,1,379.99,05/30/19 19:16,"505 Church St, San Francisco, CA 94016"
204117,Wired Headphones,1,11.99,05/10/19 16:02,"878 Ridge St, New York City, NY 10001"
204118,34in Ultrawide Monitor,1,379.99,05/22/19 20:07,"143 9th St, Portland, ME 04101"
204119,USB-C Charging Cable,2,11.95,05/28/19 21:25,"945 Forest St, Los Angeles, CA 90001"
204120,ThinkPad Laptop,1,999.99,05/21/19 10:24,"698 Washington St, Los Angeles, CA 90001"
204121,Macbook Pro Laptop,1,1700,05/01/19 21:47,"225 5th St, Portland, ME 04101"
204122,Lightning Charging Cable,1,14.95,05/21/19 17:18,"966 Jackson St, Austin, TX 73301"
204123,AA Batteries (4-pack),1,3.84,05/22/19 01:29,"983 Elm St, Atlanta, GA 30301"
204124,LG Washing Machine,1,600.0,05/15/19 10:44,"847 Ridge St, New York City, NY 10001"
204125,34in Ultrawide Monitor,1,379.99,05/19/19 23:13,"969 Lakeview St, New York City, NY 10001"
204126,iPhone,1,700,05/09/19 16:06,"620 7th St, Los Angeles, CA 90001"
204127,20in Monitor,1,109.99,05/01/19 13:44,"387 Ridge St, Portland, OR 97035"
204128,Vareebadd Phone,1,400,05/19/19 01:31,"759 10th St, San Francisco, CA 94016"
204129,AAA Batteries (4-pack),1,2.99,05/30/19 23:17,"41 7th St, Portland, OR 97035"
204130,Wired Headphones,2,11.99,05/25/19 14:18,"428 2nd St, Boston, MA 02215"
204131,AAA Batteries (4-pack),4,2.99,05/16/19 18:22,"50 Main St, New York City, NY 10001"
204132,27in FHD Monitor,1,149.99,05/25/19 11:58,"91 14th St, Portland, OR 97035"
204133,Wired Headphones,1,11.99,05/07/19 12:37,"947 7th St, Portland, OR 97035"
204134,ThinkPad Laptop,1,999.99,05/07/19 16:03,"303 Pine St, Austin, TX 73301"
204135,Lightning Charging Cable,1,14.95,05/05/19 10:49,"758 Meadow St, Boston, MA 02215"
204136,Bose SoundSport Headphones,1,99.99,05/28/19 17:07,"851 Cedar St, San Francisco, CA 94016"
204137,27in 4K Gaming Monitor,1,389.99,05/08/19 12:27,"820 Jackson St, New York City, NY 10001"
204138,iPhone,1,700,05/07/19 14:06,"40 5th St, Los Angeles, CA 90001"
204139,AAA Batteries (4-pack),1,2.99,05/27/19 08:43,"348 Church St, Austin, TX 73301"
204140,AAA Batteries (4-pack),1,2.99,05/30/19 09:42,"603 Cedar St, Dallas, TX 75001"
204141,Wired Headphones,1,11.99,05/27/19 19:03,"999 5th St, San Francisco, CA 94016"
204142,Lightning Charging Cable,1,14.95,05/12/19 20:50,"439 Cherry St, Portland, ME 04101"
204143,AA Batteries (4-pack),1,3.84,05/21/19 22:50,"699 West St, New York City, NY 10001"
204144,iPhone,1,700,05/17/19 18:14,"897 Cedar St, Los Angeles, CA 90001"
204145,27in FHD Monitor,1,149.99,05/09/19 08:48,"752 5th St, San Francisco, CA 94016"
204146,Apple Airpods Headphones,1,150,05/04/19 10:32,"838 7th St, Austin, TX 73301"
204147,USB-C Charging Cable,1,11.95,05/08/19 16:12,"16 North St, Portland, OR 97035"
204148,iPhone,1,700,05/13/19 00:02,"268 Highland St, Boston, MA 02215"
204149,34in Ultrawide Monitor,1,379.99,05/13/19 17:18,"472 Maple St, Austin, TX 73301"
204150,AAA Batteries (4-pack),1,2.99,05/05/19 11:58,"483 4th St, Boston, MA 02215"
204150,Flatscreen TV,1,300,05/05/19 11:58,"483 4th St, Boston, MA 02215"
204151,USB-C Charging Cable,1,11.95,05/16/19 17:29,"490 Madison St, Atlanta, GA 30301"
204152,Bose SoundSport Headphones,1,99.99,05/31/19 16:32,"381 Cedar St, San Francisco, CA 94016"
204152,Apple Airpods Headphones,1,150,05/31/19 16:32,"381 Cedar St, San Francisco, CA 94016"
Order ID,Product,Quantity Ordered,Price Each,Order Date,Purchase Address
204153,Lightning Charging Cable,1,14.95,05/14/19 21:58,"374 10th St, Boston, MA 02215"
204154,Macbook Pro Laptop,1,1700,05/13/19 18:44,"563 11th St, Los Angeles, CA 90001"
204155,Lightning Charging Cable,1,14.95,05/12/19 20:09,"864 Main St, New York City, NY 10001"
204156,Bose SoundSport Headphones,1,99.99,05/02/19 13:02,"810 West St, Boston, MA 02215"
204157,Macbook Pro Laptop,1,1700,05/17/19 16:47,"826 Elm St, San Francisco, CA 94016"
204158,Lightning Charging Cable,1,14.95,05/28/19 19:21,"782 9th St, San Francisco, CA 94016"
204159,20in Monitor,1,109.99,05/16/19 14:50,"742 11th St, Dallas, TX 75001"
204160,Wired Headphones,1,11.99,05/09/19 10:07,"857 Center St, San Francisco, CA 94016"
204161,Lightning Charging Cable,1,14.95,05/10/19 06:04,"308 5th St, Boston, MA 02215"
204162,iPhone,1,700,05/25/19 19:51,"17 Wilson St, Boston, MA 02215"
204163,AA Batteries (4-pack),1,3.84,05/05/19 20:39,"308 10th St, Boston, MA 02215"
204164,AAA Batteries (4-pack),1,2.99,05/13/19 16:17,"406 Lakeview St, Atlanta, GA 30301"
204165,27in 4K Gaming Monitor,1,389.99,05/17/19 17:43,"759 Hill St, Dallas, TX 75001"
204166,USB-C Charging Cable,1,11.95,05/10/19 20:48,"242 Cedar St, Seattle, WA 98101"
204167,AA Batteries (4-pack),1,3.84,05/19/19 16:24,"123 7th St, Austin, TX 73301"
204168,AA Batteries (4-pack),1,3.84,05/08/19 20:14,"273 Sunset St, Dallas, TX 75001"
204169,iPhone,1,700,05/23/19 23:22,"147 South St, San Francisco, CA 94016"
204170,iPhone,1,700,05/20/19 17:27,"432 Elm St, San Francisco, CA 94016"
204170,Lightning Charging Cable,1,14.95,05/20/19 17:27,"432 Elm St, San Francisco, CA 94016"
204171,Macbook Pro Laptop,1,1700,05/29/19 13:11,"986 7th St, Boston, MA 02215"
204172,Apple Airpods Headphones,1,150,05/30/19 19:49,"996 Highland St, Portland, OR 97035"
204173,AAA Batteries (4-pack),3,2.99,05/19/19 13:27,"564 Maple St, Seattle, WA 98101"
204174,Flatscreen TV,1,300,05/05/19 16:23,"495 Park St, San Francisco, CA 94016"
204175,AA Batteries (4-pack),2,3.84,05/19/19 19:13,"846 South St, Los Angeles, CA 90001"
204176,Bose SoundSport Headphones,1,99.99,05/02/19 21:47,"76 Pine St, Atlanta, GA 30301"
204177,27in FHD Monitor,1,149.99,05/05/19 14:28,"896 Highland St, Dallas, TX 75001"
204178,USB-C Charging Cable,2,11.95,05/11/19 13:55,"657 Hill St, San Francisco, CA 94016"
204179,AAA Batteries (4-pack),3,2.99,05/28/19 09:46,"92 11th St, Atlanta, GA 30301"
204180,Wired Headphones,1,11.99,05/12/19 20:34,"483 Sunset St, Los Angeles, CA 90001"
204181,Apple Airpods Headphones,1,150,05/24/19 19:19,"100 Lake St, San Francisco, CA 94016"
204182,27in FHD Monitor,1,149.99,05/28/19 11:49,"468 Park St, Portland, OR 97035"
204183,AAA Batteries (4-pack),1,2.99,05/30/19 16:11,"831 River St, Los Angeles, CA 90001"
204184,Wired Headphones,1,11.99,05/09/19 22:31,"114 11th St, Austin, TX 73301"
204185,Google Phone,1,600,05/24/19 17:24,"589 Lakeview St, Dallas, TX 75001"
204186,USB-C Charging Cable,1,11.95,05/16/19 19:47,"70 North St, Seattle, WA 98101"
204187,27in 4K Gaming Monitor,1,389.99,05/11/19 22:12,"208 Chestnut St, San Francisco, CA 94016"
204188,AAA Batteries (4-pack),1,2.99,05/31/19 14:59,"142 Jackson St, Boston, MA 02215"
204189,AAA Batteries (4-pack),1,2.99,05/23/19 18:41,"907 Elm St, New York City, NY 10001"
204190,Wired Headphones,1,11.99,06/01/19 01:46,"153 Chestnut St, Atlanta, GA 30301"
204191,Wired Headphones,1,11.99,05/29/19 16:05,"89 Pine St, San Francisco, CA 94016"
204192,Apple Airpods Headphones,1,150,05/23/19 08:49,"639 Hickory St, San Francisco, CA 94016"
204193,Lightning Charging Cable,1,14.95,05/10/19 01:20,"931 Chestnut St, San Francisco, CA 94016"
204194,Wired Headphones,1,11.99,05/29/19 17:04,"584 North St, New York City, NY 10001"
204195,Apple Airpods Headphones,1,150,05/13/19 09:39,"75 River St, Los Angeles, CA 90001"
204196,Wired Headphones,1,11.99,05/01/19 22:46,"458 7th St, New York City, NY 10001"
204197,Lightning Charging Cable,1,14.95,05/09/19 16:46,"861 Chestnut St, Atlanta, GA 30301"
204198,Wired Headphones,1,11.99,05/19/19 23:06,"457 Lincoln St, Seattle, WA 98101"
204199,Bose SoundSport Headphones,1,99.99,05/31/19 19:59,"911 Main St, San Francisco, CA 94016"
204200,Bose SoundSport Headphones,1,99.99,05/08/19 10:38,"858 Elm St, Atlanta, GA 30301"
204201,Flatscreen TV,1,300,05/16/19 10:44,"406 Ridge St, Boston, MA 02215"
204202,Vareebadd Phone,1,400,05/10/19 19:14,"797 11th St, San Francisco, CA 94016"
204202,Wired Headphones,1,11.99,05/10/19 19:14,"797 11th St, San Francisco, CA 94016"
204203,34in Ultrawide Monitor,1,379.99,05/31/19 14:11,"178 Chestnut St, New York City, NY 10001"
204204,Lightning Charging Cable,1,14.95,05/25/19 14:33,"331 10th St, Los Angeles, CA 90001"
204205,AA Batteries (4-pack),1,3.84,05/26/19 12:18,"88 12th St, Portland, OR 97035"
204206,Wired Headphones,1,11.99,05/13/19 17:23,"749 8th St, New York City, NY 10001"
204207,27in 4K Gaming Monitor,1,389.99,05/19/19 09:43,"374 8th St, Portland, OR 97035"
204208,AAA Batteries (4-pack),2,2.99,05/23/19 12:56,"117 Hill St, New York City, NY 10001"
204209,Bose SoundSport Headphones,1,99.99,05/27/19 15:33,"622 13th St, Los Angeles, CA 90001"
204210,Lightning Charging Cable,1,14.95,05/31/19 11:10,"546 Jackson St, Portland, OR 97035"
204211,Apple Airpods Headphones,1,150,05/08/19 09:22,"202 Sunset St, Los Angeles, CA 90001"
204212,AAA Batteries (4-pack),4,2.99,05/09/19 19:51,"187 Main St, San Francisco, CA 94016"
204213,Macbook Pro Laptop,1,1700,05/20/19 11:55,"574 6th St, San Francisco, CA 94016"
204214,Bose SoundSport Headphones,1,99.99,05/10/19 00:12,"432 Wilson St, Portland, ME 04101"
204215,AAA Batteries (4-pack),1,2.99,05/12/19 18:37,"504 Center St, San Francisco, CA 94016"
204216,20in Monitor,1,109.99,05/17/19 11:56,"692 Elm St, Seattle, WA 98101"
204217,27in FHD Monitor,1,149.99,05/19/19 13:16,"342 Meadow St, Seattle, WA 98101"
204218,Wired Headphones,1,11.99,05/17/19 21:35,"350 8th St, Seattle, WA 98101"
204219,AAA Batteries (4-pack),1,2.99,05/06/19 22:40,"765 Washington St, San Francisco, CA 94016"
204220,Flatscreen TV,1,300,05/11/19 20:24,"259 Spruce St, San Francisco, CA 94016"
204221,Lightning Charging Cable,1,14.95,05/23/19 10:36,"56 Lake St, New York City, NY 10001"
204222,AAA Batteries (4-pack),2,2.99,05/20/19 21:33,"682 Madison St, Dallas, TX 75001"
204223,AA Batteries (4-pack),2,3.84,05/04/19 15:06,"684 13th St, San Francisco, CA 94016"
204224,AAA Batteries (4-pack),1,2.99,05/10/19 16:50,"846 8th St, Los Angeles, CA 90001"
204225,Flatscreen TV,1,300,05/22/19 20:03,"469 1st St, Atlanta, GA 30301"
204226,27in FHD Monitor,1,149.99,05/18/19 20:21,"23 4th St, New York City, NY 10001"
204227,Lightning Charging Cable,1,14.95,05/12/19 10:58,"847 13th St, Boston, MA 02215"
204228,USB-C Charging Cable,1,11.95,05/15/19 11:59,"721 Spruce St, San Francisco, CA 94016"
204229,USB-C Charging Cable,1,11.95,05/23/19 10:47,"883 Hill St, San Francisco, CA 94016"
204230,AAA Batteries (4-pack),4,2.99,05/08/19 15:41,"291 Sunset St, San Francisco, CA 94016"
204231,Bose SoundSport Headphones,1,99.99,05/20/19 10:38,"195 Hickory St, New York City, NY 10001"
204232,AAA Batteries (4-pack),1,2.99,05/02/19 14:04,"183 Forest St, Los Angeles, CA 90001"
204233,Apple Airpods Headphones,1,150,05/16/19 19:39,"375 12th St, New York City, NY 10001"
204234,AA Batteries (4-pack),1,3.84,05/02/19 13:39,"379 Center St, Boston, MA 02215"
204235,AAA Batteries (4-pack),1,2.99,05/24/19 11:47,"63 River St, Los Angeles, CA 90001"
204236,AAA Batteries (4-pack),1,2.99,05/18/19 19:57,"623 Maple St, San Francisco, CA 94016"
204237,20in Monitor,1,109.99,05/20/19 09:49,"513 Willow St, Seattle, WA 98101"
204238,AA Batteries (4-pack),1,3.84,05/23/19 17:04,"665 11th St, Seattle, WA 98101"
204239,Flatscreen TV,1,300,05/08/19 18:06,"375 Pine St, Seattle, WA 98101"
204240,34in Ultrawide Monitor,1,379.99,05/03/19 12:42,"933 Wilson St, Los Angeles, CA 90001"
204241,AAA Batteries (4-pack),1,2.99,05/03/19 10:15,"556 2nd St, Portland, ME 04101"
204242,Lightning Charging Cable,1,14.95,05/25/19 10:47,"685 11th St, San Francisco, CA 94016"
204243,USB-C Charging Cable,1,11.95,05/01/19 22:24,"855 Washington St, San Francisco, CA 94016"
204244,Bose SoundSport Headphones,1,99.99,05/20/19 11:51,"569 Main St, Boston, MA 02215"
204245,Lightning Charging Cable,1,14.95,05/14/19 16:04,"180 Lincoln St, Boston, MA 02215"
204246,AA Batteries (4-pack),1,3.84,05/12/19 12:44,"406 6th St, New York City, NY 10001"
204247,Lightning Charging Cable,1,14.95,05/19/19 00:59,"364 8th St, Los Angeles, CA 90001"
204248,Flatscreen TV,1,300,05/01/19 16:53,"716 Sunset St, Seattle, WA 98101"
204249,AAA Batteries (4-pack),1,2.99,05/20/19 22:55,"99 Cherry St, Los Angeles, CA 90001"
204250,Apple Airpods Headphones,1,150,05/03/19 20:48,"577 8th St, Atlanta, GA 30301"
204251,Wired Headphones,1,11.99,05/12/19 23:26,"81 Church St, Portland, OR 97035"
204252,ThinkPad Laptop,1,999.99,05/02/19 07:37,"21 Elm St, Atlanta, GA 30301"
204253,Apple Airpods Headphones,1,150,05/17/19 16:46,"536 1st St, Austin, TX 73301"
204254,Bose SoundSport Headphones,1,99.99,05/10/19 21:29,"302 Wilson St, Atlanta, GA 30301"
204255,Apple Airpods Headphones,1,150,05/03/19 10:09,"311 Hill St, Los Angeles, CA 90001"
204256,AA Batteries (4-pack),1,3.84,05/11/19 12:27,"238 Dogwood St, Los Angeles, CA 90001"
204257,AAA Batteries (4-pack),1,2.99,05/03/19 18:51,"951 12th St, New York City, NY 10001"
204258,AAA Batteries (4-pack),1,2.99,05/20/19 15:21,"752 Pine St, Dallas, TX 75001"
204259,Flatscreen TV,1,300,05/08/19 17:57,"418 13th St, Boston, MA 02215"
204260,USB-C Charging Cable,1,11.95,05/10/19 20:20,"444 Dogwood St, San Francisco, CA 94016"
204261,ThinkPad Laptop,1,999.99,05/12/19 15:54,"915 2nd St, Austin, TX 73301"
204262,Lightning Charging Cable,1,14.95,05/18/19 12:11,"317 River St, San Francisco, CA 94016"
204263,34in Ultrawide Monitor,1,379.99,05/09/19 18:31,"487 11th St, New York City, NY 10001"
204264,USB-C Charging Cable,1,11.95,05/10/19 21:29,"757 Sunset St, Atlanta, GA 30301"
204265,USB-C Charging Cable,1,11.95,05/12/19 21:22,"381 Center St, Dallas, TX 75001"
204266,27in 4K Gaming Monitor,1,389.99,05/27/19 17:01,"386 Jefferson St, Dallas, TX 75001"
204267,AAA Batteries (4-pack),1,2.99,05/26/19 20:44,"389 Johnson St, New York City, NY 10001"
204268,Vareebadd Phone,1,400,05/03/19 05:44,"287 4th St, Los Angeles, CA 90001"
204269,AA Batteries (4-pack),1,3.84,05/04/19 11:42,"439 5th St, Boston, MA 02215"
204270,USB-C Charging Cable,1,11.95,05/09/19 18:00,"519 Elm St, Boston, MA 02215"
204270,Apple Airpods Headphones,1,150,05/09/19 18:00,"519 Elm St, Boston, MA 02215"
204271,iPhone,1,700,05/28/19 11:55,"839 Spruce St, Atlanta, GA 30301"
204271,Lightning Charging Cable,2,14.95,05/28/19 11:55,"839 Spruce St, Atlanta, GA 30301"
204272,AA Batteries (4-pack),1,3.84,05/18/19 01:20,"160 1st St, San Francisco, CA 94016"
204273,Wired Headphones,1,11.99,05/16/19 12:07,"283 Maple St, New York City, NY 10001"
204274,Lightning Charging Cable,1,14.95,05/14/19 19:27,"164 Hill St, New York City, NY 10001"
204275,Bose SoundSport Headphones,1,99.99,05/29/19 19:07,"267 11th St, Boston, MA 02215"
204276,Macbook Pro Laptop,1,1700,05/04/19 11:31,"189 River St, Los Angeles, CA 90001"
204277,AAA Batteries (4-pack),3,2.99,05/17/19 19:04,"115 9th St, Los Angeles, CA 90001"
204278,AAA Batteries (4-pack),3,2.99,05/21/19 16:49,"916 6th St, New York City, NY 10001"
204279,AA Batteries (4-pack),1,3.84,05/26/19 10:35,"205 1st St, New York City, NY 10001"
204280,Flatscreen TV,1,300,05/23/19 09:24,"580 7th St, Atlanta, GA 30301"
204281,AAA Batteries (4-pack),1,2.99,05/07/19 23:08,"917 Highland St, Boston, MA 02215"
204282,ThinkPad Laptop,1,999.99,05/26/19 00:42,"184 Sunset St, Atlanta, GA 30301"
204283,27in FHD Monitor,1,149.99,05/19/19 22:27,"378 Ridge St, New York City, NY 10001"
204284,Lightning Charging Cable,1,14.95,05/14/19 15:53,"681 8th St, New York City, NY 10001"
204285,AA Batteries (4-pack),2,3.84,05/03/19 10:50,"56 Adams St, Dallas, TX 75001"
204286,Wired Headphones,1,11.99,05/25/19 15:43,"872 Willow St, Austin, TX 73301"
204287,Macbook Pro Laptop,1,1700,05/24/19 18:06,"262 5th St, Los Angeles, CA 90001"
204288,Macbook Pro Laptop,1,1700,05/14/19 10:50,"495 Walnut St, San Francisco, CA 94016"
204289,Lightning Charging Cable,1,14.95,05/03/19 10:55,"65 Walnut St, New York City, NY 10001"
204290,34in Ultrawide Monitor,1,379.99,05/29/19 16:12,"96 Forest St, New York City, NY 10001"
204291,Lightning Charging Cable,2,14.95,05/09/19 19:41,"41 Pine St, New York City, NY 10001"
204292,Macbook Pro Laptop,1,1700,05/05/19 01:59,"163 Ridge St, Seattle, WA 98101"
204293,Lightning Charging Cable,1,14.95,05/28/19 18:50,"985 Madison St, San Francisco, CA 94016"
204294,Wired Headphones,1,11.99,05/27/19 09:47,"9 8th St, New York City, NY 10001"
204295,USB-C Charging Cable,1,11.95,05/12/19 18:22,"315 Dogwood St, New York City, NY 10001"
204296,Apple Airpods Headphones,1,150,05/12/19 07:48,"458 Sunset St, Austin, TX 73301"
204297,ThinkPad Laptop,1,999.99,05/30/19 17:53,"512 Lincoln St, New York City, NY 10001"
204297,Wired Headphones,1,11.99,05/30/19 17:53,"512 Lincoln St, New York City, NY 10001"
204298,34in Ultrawide Monitor,1,379.99,05/06/19 21:10,"781 Madison St, New York City, NY 10001"
204299,Apple Airpods Headphones,1,150,05/19/19 12:07,"900 Dogwood St, Los Angeles, CA 90001"
204300,Lightning Charging Cable,1,14.95,05/24/19 17:12,"271 4th St, Los Angeles, CA 90001"
204301,LG Dryer,1,600.0,05/15/19 22:57,"48 Elm St, Seattle, WA 98101"
204302,Lightning Charging Cable,1,14.95,05/30/19 00:21,"797 River St, Dallas, TX 75001"
204303,AAA Batteries (4-pack),1,2.99,05/30/19 10:56,"737 Main St, Seattle, WA 98101"
204304,AA Batteries (4-pack),1,3.84,05/20/19 07:45,"543 Hickory St, Los Angeles, CA 90001"
Order ID,Product,Quantity Ordered,Price Each,Order Date,Purchase Address
204305,USB-C Charging Cable,1,11.95,05/23/19 17:21,"365 10th St, San Francisco, CA 94016"
204306,AA Batteries (4-pack),1,3.84,05/09/19 22:48,"273 Johnson St, Dallas, TX 75001"
204307,Apple Airpods Headphones,1,150,05/31/19 10:36,"274 12th St, San Francisco, CA 94016"
204308,Apple Airpods Headphones,1,150,05/14/19 09:31,"272 Church St, Atlanta, GA 30301"
204309,27in 4K Gaming Monitor,1,389.99,05/29/19 21:09,"433 Center St, Portland, OR 97035"
204310,Wired Headphones,1,11.99,05/27/19 14:23,"289 Sunset St, San Francisco, CA 94016"
204311,Apple Airpods Headphones,1,150,05/19/19 13:22,"757 Main St, Los Angeles, CA 90001"
204312,AA Batteries (4-pack),1,3.84,05/11/19 12:46,"78 9th St, San Francisco, CA 94016"
204313,20in Monitor,1,109.99,05/28/19 12:45,"375 4th St, Portland, OR 97035"
204314,27in FHD Monitor,1,149.99,05/06/19 21:54,"262 Johnson St, Dallas, TX 75001"
204315,Apple Airpods Headphones,1,150,05/02/19 22:45,"389 Hickory St, Los Angeles, CA 90001"
204316,27in FHD Monitor,1,149.99,05/01/19 12:23,"212 Jackson St, San Francisco, CA 94016"
204317,Lightning Charging Cable,1,14.95,05/07/19 12:47,"639 Cherry St, San Francisco, CA 94016"
204318,27in 4K Gaming Monitor,1,389.99,05/16/19 08:06,"333 Sunset St, San Francisco, CA 94016"
204319,AA Batteries (4-pack),1,3.84,05/30/19 20:27,"20 Sunset St, Atlanta, GA 30301"
204320,Apple Airpods Headphones,1,150,05/14/19 10:16,"405 2nd St, Los Angeles, CA 90001"
204321,ThinkPad Laptop,1,999.99,05/19/19 15:44,"563 Pine St, San Francisco, CA 94016"
204322,AAA Batteries (4-pack),1,2.99,05/21/19 22:06,"30 2nd St, New York City, NY 10001"
204323,Bose SoundSport Headphones,1,99.99,05/11/19 15:38,"132 Jackson St, New York City, NY 10001"
204324,USB-C Charging Cable,1,11.95,05/24/19 13:27,"740 Dogwood St, San Francisco, CA 94016"
204325,27in FHD Monitor,1,149.99,05/07/19 14:39,"581 10th St, Portland, OR 97035"
204326,AAA Batteries (4-pack),1,2.99,05/25/19 14:10,"308 11th St, Boston, MA 02215"
204327,AA Batteries (4-pack),2,3.84,05/28/19 14:39,"237 Elm St, New York City, NY 10001"
204328,27in FHD Monitor,1,149.99,05/04/19 19:12,"841 Lakeview St, Boston, MA 02215"
204329,AA Batteries (4-pack),1,3.84,05/12/19 12:50,"566 Church St, Boston, MA 02215"
204330,Wired Headphones,1,11.99,05/10/19 11:33,"439 12th St, Portland, OR 97035"
204331,AA Batteries (4-pack),3,3.84,05/01/19 19:32,"188 7th St, Atlanta, GA 30301"
204332,AA Batteries (4-pack),1,3.84,05/26/19 23:55,"350 Ridge St, New York City, NY 10001"
204333,Lightning Charging Cable,2,14.95,05/21/19 19:32,"912 5th St, New York City, NY 10001"
204334,Lightning Charging Cable,1,14.95,05/01/19 22:29,"441 8th St, New York City, NY 10001"
204335,AA Batteries (4-pack),3,3.84,05/26/19 14:28,"126 9th St, Los Angeles, CA 90001"
204336,AA Batteries (4-pack),1,3.84,05/20/19 19:52,"247 Lincoln St, New York City, NY 10001"
204337,AA Batteries (4-pack),1,3.84,05/03/19 20:45,"689 Washington St, Los Angeles, CA 90001"
204338,Apple Airpods Headphones,1,150,05/24/19 20:13,"829 Forest St, Boston, MA 02215"
204339,AAA Batteries (4-pack),1,2.99,05/29/19 13:28,"266 Cherry St, San Francisco, CA 94016"
204340,Wired Headphones,1,11.99,05/17/19 11:55,"33 Center St, San Francisco, CA 94016"
204341,Apple Airpods Headphones,1,150,05/17/19 18:44,"833 Center St, San Francisco, CA 94016"
204342,Lightning Charging Cable,1,14.95,05/16/19 14:52,"608 Chestnut St, Dallas, TX 75001"
204343,USB-C Charging Cable,1,11.95,05/30/19 17:42,"418 5th St, Seattle, WA 98101"
204344,Wired Headphones,1,11.99,05/25/19 18:55,"238 10th St, San Francisco, CA 94016"
204345,Lightning Charging Cable,1,14.95,05/22/19 19:09,"58 7th St, Seattle, WA 98101"
204346,USB-C Charging Cable,1,11.95,05/28/19 19:23,"635 Johnson St, Atlanta, GA 30301"
204347,ThinkPad Laptop,1,999.99,05/31/19 07:03,"780 Pine St, Dallas, TX 75001"
204348,Bose SoundSport Headphones,1,99.99,05/16/19 16:26,"44 5th St, Los Angeles, CA 90001"
204349,USB-C Charging Cable,1,11.95,05/14/19 19:18,"603 Park St, San Francisco, CA 94016"
204350,27in FHD Monitor,1,149.99,05/17/19 20:32,"348 South St, New York City, NY 10001"
204351,ThinkPad Laptop,1,999.99,05/13/19 17:36,"636 Forest St, San Francisco, CA 94016"
204352,USB-C Charging Cable,1,11.95,05/21/19 17:33,"941 8th St, Dallas, TX 75001"
204353,27in FHD Monitor,1,149.99,05/27/19 19:21,"757 Dogwood St, Dallas, TX 75001"
204354,Bose SoundSport Headphones,1,99.99,05/09/19 19:15,"236 8th St, Seattle, WA 98101"
204355,Lightning Charging Cable,1,14.95,05/25/19 22:43,"504 8th St, Seattle, WA 98101"
204356,Bose SoundSport Headphones,1,99.99,05/02/19 00:31,"293 Cherry St, New York City, NY 10001"
204357,USB-C Charging Cable,1,11.95,05/20/19 16:58,"178 Forest St, San Francisco, CA 94016"
204358,Wired Headphones,1,11.99,05/03/19 15:49,"429 Chestnut St, New York City, NY 10001"
204359,Wired Headphones,1,11.99,05/27/19 01:23,"611 6th St, New York City, NY 10001"
204360,USB-C Charging Cable,1,11.95,05/02/19 06:34,"974 South St, San Francisco, CA 94016"
204361,AAA Batteries (4-pack),2,2.99,05/16/19 15:56,"789 Walnut St, Los Angeles, CA 90001"
204362,AA Batteries (4-pack),2,3.84,05/13/19 16:12,"618 7th St, Boston, MA 02215"
204363,Lightning Charging Cable,1,14.95,05/02/19 01:09,"600 Lincoln St, Austin, TX 73301"
204364,AAA Batteries (4-pack),1,2.99,05/21/19 12:52,"691 Spruce St, Boston, MA 02215"
204365,AA Batteries (4-pack),1,3.84,05/17/19 12:23,"645 2nd St, Portland, OR 97035"
204365,Bose SoundSport Headphones,1,99.99,05/17/19 12:23,"645 2nd St, Portland, OR 97035"
204366,AAA Batteries (4-pack),3,2.99,05/24/19 14:14,"744 2nd St, Dallas, TX 75001"
204367,iPhone,1,700,05/24/19 21:26,"207 Washington St, Los Angeles, CA 90001"
204368,Apple Airpods Headphones,1,150,05/09/19 20:14,"814 Cherry St, San Francisco, CA 94016"
204369,AAA Batteries (4-pack),3,2.99,05/25/19 17:21,"755 Elm St, Atlanta, GA 30301"
204370,AA Batteries (4-pack),1,3.84,05/05/19 22:12,"905 Washington St, New York City, NY 10001"
204371,Apple Airpods Headphones,1,150,05/28/19 06:59,"256 Cedar St, San Francisco, CA 94016"
204372,Apple Airpods Headphones,1,150,05/25/19 00:12,"938 Church St, Los Angeles, CA 90001"
204373,Bose SoundSport Headphones,1,99.99,05/19/19 11:44,"283 Hill St, San Francisco, CA 94016"
204374,AAA Batteries (4-pack),1,2.99,05/19/19 09:20,"854 Cedar St, San Francisco, CA 94016"
204375,USB-C Charging Cable,1,11.95,05/17/19 09:05,"621 9th St, San Francisco, CA 94016"
204376,Wired Headphones,1,11.99,05/20/19 08:11,"548 Ridge St, Austin, TX 73301"
204377,Wired Headphones,1,11.99,05/30/19 17:39,"411 10th St, Atlanta, GA 30301"
204378,Lightning Charging Cable,1,14.95,05/25/19 19:54,"424 Willow St, Boston, MA 02215"
204379,Lightning Charging Cable,2,14.95,05/30/19 10:16,"247 North St, Los Angeles, CA 90001"
204380,Lightning Charging Cable,1,14.95,05/09/19 14:59,"674 Walnut St, Los Angeles, CA 90001"
204381,Bose SoundSport Headphones,1,99.99,05/13/19 08:08,"462 Cherry St, Boston, MA 02215"
204382,Bose SoundSport Headphones,1,99.99,05/08/19 16:16,"93 Park St, Seattle, WA 98101"
204383,USB-C Charging Cable,1,11.95,05/18/19 19:24,"602 4th St, Atlanta, GA 30301"
204384,27in 4K Gaming Monitor,1,389.99,05/24/19 13:22,"44 Willow St, New York City, NY 10001"
204385,USB-C Charging Cable,1,11.95,05/04/19 05:54,"242 Jackson St, San Francisco, CA 94016"
204386,USB-C Charging Cable,1,11.95,05/24/19 15:48,"632 5th St, Los Angeles, CA 90001"
204387,LG Washing Machine,1,600.0,05/16/19 13:06,"721 1st St, Los Angeles, CA 90001"
204388,AA Batteries (4-pack),1,3.84,05/02/19 22:18,"636 2nd St, Dallas, TX 75001"
204389,27in 4K Gaming Monitor,1,389.99,05/26/19 12:07,"607 11th St, Austin, TX 73301"
204390,Lightning Charging Cable,1,14.95,05/10/19 22:38,"465 Cherry St, Los Angeles, CA 90001"
204391,Wired Headphones,1,11.99,05/04/19 15:52,"538 Hickory St, Austin, TX 73301"
204392,Bose SoundSport Headphones,1,99.99,05/08/19 18:18,"448 7th St, Los Angeles, CA 90001"
204393,Lightning Charging Cable,1,14.95,05/09/19 16:39,"283 Church St, New York City, NY 10001"
204394,Lightning Charging Cable,1,14.95,05/20/19 08:57,"359 2nd St, Los Angeles, CA 90001"
204395,27in FHD Monitor,1,149.99,05/10/19 08:58,"388 Spruce St, Seattle, WA 98101"
204396,AA Batteries (4-pack),1,3.84,05/24/19 14:10,"224 Maple St, Los Angeles, CA 90001"
204397,USB-C Charging Cable,1,11.95,05/13/19 18:41,"997 8th St, Dallas, TX 75001"
204398,Wired Headphones,1,11.99,05/27/19 21:52,"113 Main St, Los Angeles, CA 90001"
204399,Lightning Charging Cable,2,14.95,05/23/19 22:44,"435 Chestnut St, Atlanta, GA 30301"
204400,Apple Airpods Headphones,1,150,05/07/19 22:12,"763 13th St, San Francisco, CA 94016"
204401,AAA Batteries (4-pack),1,2.99,05/10/19 02:41,"309 13th St, San Francisco, CA 94016"
204402,Wired Headphones,1,11.99,05/31/19 00:10,"647 Meadow St, Dallas, TX 75001"
204403,Bose SoundSport Headphones,1,99.99,05/09/19 19:21,"214 2nd St, Boston, MA 02215"
204404,Apple Airpods Headphones,1,150,05/26/19 21:59,"314 Walnut St, Dallas, TX 75001"
204405,AA Batteries (4-pack),1,3.84,05/12/19 17:17,"890 Madison St, San Francisco, CA 94016"
204406,USB-C Charging Cable,2,11.95,05/09/19 11:00,"825 Johnson St, Los Angeles, CA 90001"
204407,Lightning Charging Cable,2,14.95,05/15/19 21:51,"457 Jackson St, San Francisco, CA 94016"
204408,AA Batteries (4-pack),1,3.84,05/17/19 08:37,"295 Center St, Los Angeles, CA 90001"
204409,AA Batteries (4-pack),1,3.84,05/14/19 22:43,"320 Lake St, Atlanta, GA 30301"
204410,AA Batteries (4-pack),2,3.84,05/19/19 21:09,"682 7th St, San Francisco, CA 94016"
204411,20in Monitor,1,109.99,05/15/19 18:11,"708 Jefferson St, Boston, MA 02215"
204412,Google Phone,1,600,05/07/19 07:12,"764 River St, San Francisco, CA 94016"
204412,USB-C Charging Cable,1,11.95,05/07/19 07:12,"764 River St, San Francisco, CA 94016"
204413,Bose SoundSport Headphones,1,99.99,05/29/19 09:31,"685 4th St, San Francisco, CA 94016"
204414,AAA Batteries (4-pack),2,2.99,05/08/19 18:06,"739 Hickory St, Boston, MA 02215"
204415,USB-C Charging Cable,1,11.95,05/02/19 13:19,"662 Maple St, Seattle, WA 98101"
204416,AA Batteries (4-pack),1,3.84,05/18/19 10:33,"303 South St, San Francisco, CA 94016"
204417,Wired Headphones,1,11.99,05/02/19 19:50,"577 Hill St, Seattle, WA 98101"
204418,Flatscreen TV,1,300,05/19/19 16:39,"302 Sunset St, Boston, MA 02215"
204419,iPhone,1,700,05/15/19 15:37,"612 Spruce St, San Francisco, CA 94016"
204420,Lightning Charging Cable,2,14.95,05/16/19 17:06,"626 Maple St, San Francisco, CA 94016"
204421,34in Ultrawide Monitor,1,379.99,05/27/19 16:36,"810 Main St, Portland, OR 97035"
204422,Lightning Charging Cable,1,14.95,05/20/19 17:00,"273 Lincoln St, Boston, MA 02215"
204423,20in Monitor,1,109.99,05/04/19 17:25,"985 5th St, New York City, NY 10001"
204424,Apple Airpods Headphones,1,150,05/24/19 08:15,"888 14th St, New York City, NY 10001"
204425,USB-C Charging Cable,1,11.95,05/05/19 21:51,"649 Willow St, Dallas, TX 75001"
204426,AA Batteries (4-pack),1,3.84,05/27/19 15:23,"591 Lake St, Austin, TX 73301"
204427,Wired Headphones,1,11.99,05/24/19 11:10,"76 Elm St, Dallas, TX 75001"
204428,Lightning Charging Cable,1,14.95,05/04/19 11:10,"347 1st St, Los Angeles, CA 90001"
204429,27in FHD Monitor,1,149.99,05/26/19 06:07,"112 Spruce St, Los Angeles, CA 90001"
204430,iPhone,1,700,05/19/19 13:03,"949 Main St, San Francisco, CA 94016"
204431,Bose SoundSport Headphones,1,99.99,05/19/19 09:02,"788 Forest St, San Francisco, CA 94016"
204432,Flatscreen TV,1,300,05/25/19 08:55,"535 10th St, San Francisco, CA 94016"
204433,Apple Airpods Headphones,1,150,05/03/19 13:46,"846 West St, San Francisco, CA 94016"
204434,AA Batteries (4-pack),1,3.84,05/27/19 19:17,"612 Elm St, San Francisco, CA 94016"
204435,Vareebadd Phone,1,400,05/29/19 20:38,"902 8th St, Seattle, WA 98101"
204436,Apple Airpods Headphones,1,150,05/04/19 20:39,"309 Highland St, San Francisco, CA 94016"
204437,Macbook Pro Laptop,1,1700,05/28/19 12:11,"490 8th St, New York City, NY 10001"
204438,27in FHD Monitor,1,149.99,05/18/19 23:39,"636 West St, Los Angeles, CA 90001"
204439,34in Ultrawide Monitor,1,379.99,05/07/19 08:14,"91 5th St, New York City, NY 10001"
204440,AAA Batteries (4-pack),2,2.99,05/05/19 19:45,"553 11th St, Seattle, WA 98101"
204441,27in FHD Monitor,1,149.99,05/22/19 21:37,"906 Hickory St, Atlanta, GA 30301"
204442,Wired Headphones,1,11.99,05/03/19 22:46,"685 6th St, Seattle, WA 98101"
204443,USB-C Charging Cable,1,11.95,05/02/19 08:48,"241 2nd St, Atlanta, GA 30301"
204443,Apple Airpods Headphones,1,150,05/02/19 08:48,"241 2nd St, Atlanta, GA 30301"
204444,Wired Headphones,1,11.99,05/03/19 19:30,"271 4th St, San Francisco, CA 94016"
204445,27in FHD Monitor,1,149.99,05/20/19 15:10,"104 Adams St, San Francisco, CA 94016"
204446,AA Batteries (4-pack),1,3.84,05/02/19 18:43,"241 Chestnut St, Portland, OR 97035"
204447,Apple Airpods Headphones,1,150,05/26/19 18:24,"365 14th St, Seattle, WA 98101"
204448,Bose SoundSport Headphones,1,99.99,05/12/19 16:58,"454 Washington St, Atlanta, GA 30301"
204449,Wired Headphones,1,11.99,05/09/19 13:17,"367 13th St, San Francisco, CA 94016"
204450,Google Phone,1,600,05/07/19 09:10,"632 13th St, Los Angeles, CA 90001"
204450,Bose SoundSport Headphones,1,99.99,05/07/19 09:10,"632 13th St, Los Angeles, CA 90001"
204451,Lightning Charging Cable,1,14.95,05/11/19 20:31,"219 Chestnut St, Los Angeles, CA 90001"
204452,iPhone,1,700,05/09/19 11:25,"874 4th St, Los Angeles, CA 90001"
204453,Wired Headphones,1,11.99,05/29/19 19:14,"306 Madison St, San Francisco, CA 94016"
204454,Macbook Pro Laptop,1,1700,05/24/19 17:29,"79 14th St, New York City, NY 10001"
204455,27in FHD Monitor,1,149.99,05/23/19 09:02,"319 Ridge St, San Francisco, CA 94016"
204456,Wired Headphones,1,11.99,05/20/19 19:42,"849 Chestnut St, Seattle, WA 98101"
204457,Wired Headphones,1,11.99,05/27/19 09:14,"158 Cherry St, Portland, OR 97035"
204458,USB-C Charging Cable,1,11.95,05/24/19 21:24,"791 River St, Los Angeles, CA 90001"
204459,AAA Batteries (4-pack),1,2.99,05/06/19 02:13,"947 Meadow St, San Francisco, CA 94016"
204460,AAA Batteries (4-pack),1,2.99,05/26/19 00:24,"124 Adams St, Boston, MA 02215"
204461,AA Batteries (4-pack),1,3.84,05/20/19 14:27,"385 Washington St, Atlanta, GA 30301"
204462,AAA Batteries (4-pack),1,2.99,05/13/19 09:41,"239 8th St, San Francisco, CA 94016"
204463,USB-C Charging Cable,1,11.95,05/18/19 16:45,"66 Hill St, San Francisco, CA 94016"
204464,AA Batteries (4-pack),1,3.84,05/31/19 20:49,"891 Pine St, San Francisco, CA 94016"
204465,27in FHD Monitor,1,149.99,05/15/19 11:15,"894 14th St, Austin, TX 73301"
204466,Lightning Charging Cable,2,14.95,05/27/19 10:15,"977 Spruce St, Los Angeles, CA 90001"
204467,AA Batteries (4-pack),1,3.84,05/17/19 06:29,"513 Hickory St, Los Angeles, CA 90001"
204468,Macbook Pro Laptop,1,1700,05/21/19 21:02,"567 North St, Los Angeles, CA 90001"
204469,iPhone,1,700,05/10/19 12:16,"166 Meadow St, Boston, MA 02215"
204470,20in Monitor,1,109.99,05/03/19 14:35,"931 Spruce St, Boston, MA 02215"
204471,USB-C Charging Cable,1,11.95,05/11/19 16:42,"735 5th St, San Francisco, CA 94016"
204472,Lightning Charging Cable,1,14.95,05/03/19 22:42,"512 Highland St, Los Angeles, CA 90001"
204473,Google Phone,1,600,05/12/19 13:06,"176 Highland St, San Francisco, CA 94016"
204474,Apple Airpods Headphones,1,150,05/09/19 20:27,"498 Washington St, Seattle, WA 98101"
204475,Bose SoundSport Headphones,1,99.99,05/05/19 16:08,"242 10th St, Dallas, TX 75001"
204476,Flatscreen TV,1,300,05/23/19 11:34,"648 Dogwood St, New York City, NY 10001"
204477,ThinkPad Laptop,1,999.99,05/30/19 13:58,"890 Dogwood St, New York City, NY 10001"
204478,Lightning Charging Cable,2,14.95,05/08/19 17:33,"713 4th St, Portland, OR 97035"
204479,Lightning Charging Cable,1,14.95,05/21/19 00:09,"153 Lakeview St, Los Angeles, CA 90001"
204480,20in Monitor,1,109.99,05/12/19 23:57,"187 Lincoln St, Portland, OR 97035"
204481,AA Batteries (4-pack),1,3.84,05/06/19 17:38,"317 Willow St, Los Angeles, CA 90001"
204482,27in FHD Monitor,1,149.99,05/14/19 06:02,"333 Ridge St, Atlanta, GA 30301"
204483,Macbook Pro Laptop,1,1700,05/02/19 19:29,"872 Elm St, Portland, OR 97035"
204484,20in Monitor,1,109.99,05/04/19 17:27,"559 Main St, Portland, OR 97035"
204485,USB-C Charging Cable,1,11.95,05/20/19 12:40,"661 4th St, New York City, NY 10001"
204486,AAA Batteries (4-pack),1,2.99,05/14/19 13:44,"980 North St, Boston, MA 02215"
204487,Lightning Charging Cable,2,14.95,05/03/19 12:47,"58 River St, San Francisco, CA 94016"
204488,Lightning Charging Cable,1,14.95,05/15/19 17:11,"257 Ridge St, Dallas, TX 75001"
204489,20in Monitor,1,109.99,05/13/19 20:18,"686 Jefferson St, Boston, MA 02215"
204490,Flatscreen TV,1,300,05/14/19 12:58,"451 11th St, Seattle, WA 98101"
204491,ThinkPad Laptop,1,999.99,05/18/19 16:29,"358 Center St, Dallas, TX 75001"
204492,34in Ultrawide Monitor,1,379.99,05/17/19 18:13,"392 1st St, Boston, MA 02215"
204493,Google Phone,1,600,05/06/19 10:39,"177 13th St, San Francisco, CA 94016"
204493,Wired Headphones,1,11.99,05/06/19 10:39,"177 13th St, San Francisco, CA 94016"
204494,27in 4K Gaming Monitor,1,389.99,05/26/19 19:23,"341 West St, San Francisco, CA 94016"
Order ID,Product,Quantity Ordered,Price Each,Order Date,Purchase Address
204495,USB-C Charging Cable,1,11.95,05/24/19 13:57,"841 Meadow St, Atlanta, GA 30301"
204496,Wired Headphones,2,11.99,05/21/19 14:10,"822 North St, Boston, MA 02215"
204497,Wired Headphones,1,11.99,05/28/19 16:03,"702 9th St, Boston, MA 02215"
204498,Wired Headphones,1,11.99,05/01/19 11:36,"179 Willow St, San Francisco, CA 94016"
204499,Wired Headphones,1,11.99,05/09/19 10:43,"123 2nd St, New York City, NY 10001"
204500,20in Monitor,2,109.99,05/26/19 22:02,"466 Jackson St, Dallas, TX 75001"
204501,iPhone,1,700,05/20/19 21:51,"138 Pine St, New York City, NY 10001"
204502,USB-C Charging Cable,1,11.95,05/17/19 22:44,"968 14th St, Seattle, WA 98101"
204503,USB-C Charging Cable,1,11.95,05/25/19 10:55,"898 11th St, San Francisco, CA 94016"
204504,20in Monitor,1,109.99,05/24/19 18:48,"843 Ridge St, Austin, TX 73301"
204505,AA Batteries (4-pack),1,3.84,05/14/19 12:36,"430 Sunset St, Seattle, WA 98101"
204506,USB-C Charging Cable,1,11.95,05/04/19 08:12,"769 Forest St, San Francisco, CA 94016"
204507,AAA Batteries (4-pack),2,2.99,05/18/19 18:00,"270 13th St, Atlanta, GA 30301"
204508,27in FHD Monitor,1,149.99,05/18/19 05:28,"594 14th St, Dallas, TX 75001"
204509,AAA Batteries (4-pack),4,2.99,05/21/19 10:07,"979 West St, San Francisco, CA 94016"
204510,Wired Headphones,1,11.99,05/23/19 08:44,"595 Main St, Atlanta, GA 30301"
204511,Lightning Charging Cable,1,14.95,05/07/19 15:49,"607 Lincoln St, Portland, ME 04101"
204511,27in 4K Gaming Monitor,1,389.99,05/07/19 15:49,"607 Lincoln St, Portland, ME 04101"
204512,AA Batteries (4-pack),1,3.84,05/02/19 13:43,"343 Chestnut St, Atlanta, GA 30301"
204513,AA Batteries (4-pack),1,3.84,05/13/19 10:46,"344 Adams St, Atlanta, GA 30301"
204514,AAA Batteries (4-pack),1,2.99,05/20/19 22:56,"151 Dogwood St, San Francisco, CA 94016"
204515,Wired Headphones,1,11.99,05/19/19 13:21,"333 8th St, New York City, NY 10001"
204516,USB-C Charging Cable,1,11.95,05/31/19 21:45,"632 12th St, Dallas, TX 75001"
204517,Apple Airpods Headphones,1,150,05/17/19 14:48,"842 7th St, San Francisco, CA 94016"
204518,AAA Batteries (4-pack),1,2.99,05/17/19 16:41,"676 Lake St, Seattle, WA 98101"
204519,AA Batteries (4-pack),1,3.84,05/30/19 15:22,"610 West St, Seattle, WA 98101"
204520,AA Batteries (4-pack),1,3.84,05/23/19 14:06,"518 13th St, Seattle, WA 98101"
204521,Lightning Charging Cable,1,14.95,05/28/19 13:25,"668 Madison St, Atlanta, GA 30301"
204522,AA Batteries (4-pack),1,3.84,05/07/19 09:28,"946 Park St, Dallas, TX 75001"
204523,USB-C Charging Cable,1,11.95,05/01/19 11:26,"177 12th St, Seattle, WA 98101"
204524,AAA Batteries (4-pack),1,2.99,05/16/19 16:29,"485 West St, Atlanta, GA 30301"
204525,27in FHD Monitor,1,149.99,05/25/19 08:40,"921 5th St, Los Angeles, CA 90001"
204526,34in Ultrawide Monitor,1,379.99,05/10/19 00:01,"312 Highland St, San Francisco, CA 94016"
204527,AA Batteries (4-pack),1,3.84,05/19/19 09:28,"470 Center St, Los Angeles, CA 90001"
204528,Lightning Charging Cable,1,14.95,05/07/19 14:32,"510 7th St, San Francisco, CA 94016"
204529,USB-C Charging Cable,1,11.95,05/03/19 15:54,"201 Maple St, San Francisco, CA 94016"
204530,ThinkPad Laptop,1,999.99,05/01/19 18:27,"485 Highland St, San Francisco, CA 94016"
204531,USB-C Charging Cable,1,11.95,05/29/19 16:56,"987 Elm St, Boston, MA 02215"
204532,Wired Headphones,1,11.99,05/26/19 18:39,"215 6th St, San Francisco, CA 94016"
204533,AA Batteries (4-pack),3,3.84,05/06/19 19:34,"515 Madison St, San Francisco, CA 94016"
204534,AA Batteries (4-pack),2,3.84,05/04/19 17:01,"352 Spruce St, San Francisco, CA 94016"
204535,Lightning Charging Cable,1,14.95,05/03/19 19:36,"996 South St, Los Angeles, CA 90001"
204536,iPhone,1,700,05/22/19 09:14,"36 Lake St, Los Angeles, CA 90001"
204536,Lightning Charging Cable,1,14.95,05/22/19 09:14,"36 Lake St, Los Angeles, CA 90001"
204537,iPhone,1,700,05/15/19 16:38,"136 Elm St, Los Angeles, CA 90001"
204537,Apple Airpods Headphones,1,150,05/15/19 16:38,"136 Elm St, Los Angeles, CA 90001"
204538,34in Ultrawide Monitor,1,379.99,05/10/19 15:15,"426 Jackson St, Los Angeles, CA 90001"
204539,Apple Airpods Headphones,1,150,05/05/19 17:23,"202 1st St, Boston, MA 02215"
204540,Apple Airpods Headphones,1,150,05/10/19 18:53,"110 Hill St, Dallas, TX 75001"
204540,AAA Batteries (4-pack),1,2.99,05/10/19 18:53,"110 Hill St, Dallas, TX 75001"
204541,Wired Headphones,1,11.99,05/14/19 13:16,"220 Chestnut St, Austin, TX 73301"
204542,AA Batteries (4-pack),1,3.84,05/14/19 09:45,"199 Cherry St, Los Angeles, CA 90001"
204543,Wired Headphones,1,11.99,05/23/19 19:51,"416 River St, San Francisco, CA 94016"
204544,Lightning Charging Cable,1,14.95,05/18/19 08:50,"46 Walnut St, New York City, NY 10001"
204545,Lightning Charging Cable,1,14.95,05/20/19 07:04,"443 West St, Seattle, WA 98101"
204546,Wired Headphones,1,11.99,05/02/19 23:53,"677 South St, Los Angeles, CA 90001"
204547,Macbook Pro Laptop,1,1700,05/19/19 16:03,"318 Hickory St, San Francisco, CA 94016"
204548,Apple Airpods Headphones,1,150,05/25/19 15:32,"468 Willow St, Los Angeles, CA 90001"
204549,LG Washing Machine,1,600.0,05/22/19 13:11,"182 Cedar St, Boston, MA 02215"
204550,27in FHD Monitor,1,149.99,05/15/19 15:01,"803 Center St, New York City, NY 10001"
204551,Macbook Pro Laptop,1,1700,05/19/19 12:26,"632 14th St, Los Angeles, CA 90001"
204552,AA Batteries (4-pack),2,3.84,05/01/19 20:15,"571 Center St, Seattle, WA 98101"
204553,AAA Batteries (4-pack),1,2.99,05/22/19 12:58,"621 11th St, Seattle, WA 98101"
204554,Wired Headphones,1,11.99,05/25/19 08:56,"252 Johnson St, Los Angeles, CA 90001"
204555,AA Batteries (4-pack),1,3.84,05/02/19 09:29,"741 Chestnut St, Dallas, TX 75001"
204556,Bose SoundSport Headphones,1,99.99,05/13/19 22:32,"804 Jackson St, Seattle, WA 98101"
204557,Lightning Charging Cable,1,14.95,05/15/19 08:14,"222 5th St, New York City, NY 10001"
204558,Bose SoundSport Headphones,1,99.99,05/10/19 14:21,"700 Cedar St, Los Angeles, CA 90001"
204559,27in 4K Gaming Monitor,1,389.99,05/08/19 08:57,"12 Spruce St, San Francisco, CA 94016"
204560,Lightning Charging Cable,1,14.95,05/04/19 20:25,"92 Pine St, Dallas, TX 75001"
204561,Flatscreen TV,1,300,05/28/19 18:11,"609 10th St, Seattle, WA 98101"
204562,USB-C Charging Cable,2,11.95,05/29/19 11:35,"176 Chestnut St, New York City, NY 10001"
204563,Wired Headphones,1,11.99,05/26/19 09:30,"290 2nd St, Los Angeles, CA 90001"
204564,Lightning Charging Cable,1,14.95,05/25/19 00:46,"886 Spruce St, Dallas, TX 75001"
204565,Bose SoundSport Headphones,1,99.99,05/07/19 20:00,"121 South St, Dallas, TX 75001"
204566,Lightning Charging Cable,1,14.95,05/06/19 14:01,"679 4th St, Los Angeles, CA 90001"
204567,AA Batteries (4-pack),2,3.84,05/16/19 04:00,"743 14th St, New York City, NY 10001"
204568,AAA Batteries (4-pack),1,2.99,05/31/19 16:12,"4 West St, San Francisco, CA 94016"
204569,27in 4K Gaming Monitor,1,389.99,05/07/19 18:44,"806 7th St, New York City, NY 10001"
204570,Macbook Pro Laptop,1,1700,05/31/19 11:39,"755 Willow St, Los Angeles, CA 90001"
204571,AAA Batteries (4-pack),2,2.99,05/07/19 06:44,"337 2nd St, San Francisco, CA 94016"
204572,Bose SoundSport Headphones,1,99.99,05/27/19 21:08,"8 Meadow St, Boston, MA 02215"
204573,AAA Batteries (4-pack),1,2.99,05/17/19 19:29,"784 5th St, Portland, ME 04101"
204574,Wired Headphones,3,11.99,05/27/19 14:33,"724 6th St, Boston, MA 02215"
204575,USB-C Charging Cable,1,11.95,05/20/19 10:26,"922 Madison St, Portland, OR 97035"
204576,Lightning Charging Cable,1,14.95,05/19/19 19:06,"326 7th St, Los Angeles, CA 90001"
204577,Apple Airpods Headphones,1,150,05/28/19 08:17,"573 Center St, San Francisco, CA 94016"
204578,AAA Batteries (4-pack),1,2.99,05/15/19 21:39,"727 5th St, New York City, NY 10001"
204579,Bose SoundSport Headphones,1,99.99,05/11/19 19:56,"900 Chestnut St, New York City, NY 10001"
204580,iPhone,1,700,05/26/19 10:09,"415 Dogwood St, Boston, MA 02215"
204581,Bose SoundSport Headphones,1,99.99,05/23/19 16:10,"669 Meadow St, San Francisco, CA 94016"
204581,AA Batteries (4-pack),2,3.84,05/23/19 16:10,"669 Meadow St, San Francisco, CA 94016"
204582,iPhone,1,700,05/26/19 20:58,"499 Sunset St, Dallas, TX 75001"
204582,Apple Airpods Headphones,1,150,05/26/19 20:58,"499 Sunset St, Dallas, TX 75001"
204583,Flatscreen TV,1,300,05/02/19 12:41,"861 Willow St, New York City, NY 10001"
204584,27in FHD Monitor,1,149.99,05/18/19 19:41,"88 2nd St, Austin, TX 73301"
204585,Apple Airpods Headphones,1,150,05/07/19 09:21,"574 Maple St, San Francisco, CA 94016"
204586,Lightning Charging Cable,1,14.95,05/29/19 11:11,"324 Lake St, Austin, TX 73301"
204587,AA Batteries (4-pack),1,3.84,05/26/19 16:12,"523 11th St, Portland, OR 97035"
204588,USB-C Charging Cable,1,11.95,05/08/19 10:33,"801 Wilson St, Portland, OR 97035"
204589,27in 4K Gaming Monitor,1,389.99,05/06/19 20:55,"517 Jackson St, Los Angeles, CA 90001"
204590,Flatscreen TV,1,300,05/16/19 23:56,"264 Maple St, San Francisco, CA 94016"
204591,AA Batteries (4-pack),2,3.84,05/10/19 17:30,"739 Hill St, Seattle, WA 98101"
204592,Apple Airpods Headphones,1,150,05/02/19 21:31,"358 Meadow St, Dallas, TX 75001"
204593,USB-C Charging Cable,1,11.95,05/17/19 15:43,"860 5th St, Los Angeles, CA 90001"
204594,Macbook Pro Laptop,1,1700,05/02/19 10:23,"592 11th St, Los Angeles, CA 90001"
204595,34in Ultrawide Monitor,1,379.99,05/23/19 12:19,"607 11th St, San Francisco, CA 94016"
204596,Wired Headphones,1,11.99,05/31/19 18:00,"204 Ridge St, Dallas, TX 75001"
204597,Bose SoundSport Headphones,1,99.99,05/03/19 09:28,"66 4th St, Portland, OR 97035"
204598,Lightning Charging Cable,1,14.95,05/03/19 02:21,"709 Lake St, Seattle, WA 98101"
204599,Lightning Charging Cable,1,14.95,05/05/19 13:00,"249 Willow St, Los Angeles, CA 90001"
204600,Bose SoundSport Headphones,1,99.99,05/13/19 05:27,"592 North St, New York City, NY 10001"
204601,AA Batteries (4-pack),1,3.84,05/10/19 21:05,"845 Chestnut St, Dallas, TX 75001"
204602,Lightning Charging Cable,1,14.95,05/14/19 14:33,"684 8th St, Atlanta, GA 30301"
204603,Vareebadd Phone,1,400,05/05/19 04:55,"537 Pine St, San Francisco, CA 94016"
204604,Apple Airpods Headphones,1,150,05/30/19 14:23,"147 9th St, New York City, NY 10001"
204605,AA Batteries (4-pack),1,3.84,05/10/19 15:53,"271 Church St, Portland, OR 97035"
204606,AA Batteries (4-pack),1,3.84,05/06/19 02:51,"70 Jackson St, San Francisco, CA 94016"
204607,27in 4K Gaming Monitor,1,389.99,05/10/19 18:44,"757 Lake St, Los Angeles, CA 90001"
204608,ThinkPad Laptop,1,999.99,05/01/19 22:53,"693 Forest St, San Francisco, CA 94016"
204609,AAA Batteries (4-pack),1,2.99,05/09/19 09:08,"23 Main St, San Francisco, CA 94016"
204610,AAA Batteries (4-pack),3,2.99,06/01/19 00:51,"34 Adams St, Atlanta, GA 30301"
204611,Lightning Charging Cable,1,14.95,05/16/19 21:48,"451 Park St, San Francisco, CA 94016"
204612,USB-C Charging Cable,1,11.95,05/03/19 16:24,"86 Meadow St, New York City, NY 10001"
204613,Macbook Pro Laptop,1,1700,05/09/19 15:04,"421 Washington St, Dallas, TX 75001"
204614,USB-C Charging Cable,1,11.95,05/17/19 09:34,"541 7th St, Los Angeles, CA 90001"
204615,AA Batteries (4-pack),1,3.84,05/13/19 18:08,"382 Pine St, Dallas, TX 75001"
204616,AA Batteries (4-pack),2,3.84,05/28/19 17:00,"109 Walnut St, Los Angeles, CA 90001"
204617,AA Batteries (4-pack),1,3.84,05/20/19 08:23,"967 Cherry St, Los Angeles, CA 90001"
204618,Apple Airpods Headphones,1,150,05/19/19 19:08,"667 Jefferson St, San Francisco, CA 94016"
204619,Apple Airpods Headphones,1,150,05/13/19 19:26,"508 1st St, Portland, ME 04101"
204620,Apple Airpods Headphones,1,150,05/02/19 11:12,"626 1st St, San Francisco, CA 94016"
204621,Macbook Pro Laptop,1,1700,05/18/19 14:57,"145 Church St, Los Angeles, CA 90001"
204622,Apple Airpods Headphones,1,150,05/29/19 09:40,"150 Hickory St, Boston, MA 02215"
204623,AAA Batteries (4-pack),2,2.99,05/17/19 11:41,"284 Wilson St, Los Angeles, CA 90001"
204624,AAA Batteries (4-pack),1,2.99,05/25/19 11:41,"655 Walnut St, San Francisco, CA 94016"
204625,USB-C Charging Cable,1,11.95,05/25/19 10:57,"621 Forest St, San Francisco, CA 94016"
204626,Apple Airpods Headphones,1,150,05/07/19 00:30,"468 6th St, Boston, MA 02215"
204627,Lightning Charging Cable,1,14.95,05/13/19 17:10,"21 Maple St, Boston, MA 02215"
204628,iPhone,1,700,05/20/19 13:28,"419 Maple St, Dallas, TX 75001"
204629,27in 4K Gaming Monitor,1,389.99,05/12/19 11:31,"26 11th St, Boston, MA 02215"
204630,27in 4K Gaming Monitor,1,389.99,05/27/19 00:49,"459 Hickory St, Los Angeles, CA 90001"
204631,Wired Headphones,1,11.99,05/02/19 12:20,"719 River St, Seattle, WA 98101"
204632,USB-C Charging Cable,1,11.95,05/03/19 18:22,"864 Adams St, Seattle, WA 98101"
204633,AAA Batteries (4-pack),1,2.99,05/02/19 18:30,"377 Cherry St, Dallas, TX 75001"
204634,AAA Batteries (4-pack),1,2.99,05/21/19 19:46,"97 Chestnut St, New York City, NY 10001"
204635,USB-C Charging Cable,1,11.95,05/18/19 16:25,"8 South St, Atlanta, GA 30301"
204636,AA Batteries (4-pack),1,3.84,05/05/19 17:48,"297 Willow St, San Francisco, CA 94016"
204637,Wired Headphones,1,11.99,05/09/19 18:23,"40 2nd St, Los Angeles, CA 90001"
204638,34in Ultrawide Monitor,1,379.99,05/12/19 12:55,"941 North St, San Francisco, CA 94016"
204639,Lightning Charging Cable,1,14.95,05/06/19 01:12,"584 8th St, Portland, ME 04101"
204640,LG Dryer,1,600.0,05/10/19 17:35,"960 Highland St, San Francisco, CA 94016"
204641,AA Batteries (4-pack),2,3.84,05/26/19 11:00,"314 Park St, Los Angeles, CA 90001"
204642,Bose SoundSport Headphones,1,99.99,05/24/19 13:12,"594 Meadow St, Portland, OR 97035"
204643,AAA Batteries (4-pack),1,2.99,05/22/19 22:10,"124 Willow St, New York City, NY 10001"
204644,27in FHD Monitor,1,149.99,05/09/19 06:33,"638 Chestnut St, San Francisco, CA 94016"
204645,Apple Airpods Headphones,1,150,05/21/19 21:58,"128 Maple St, New York City, NY 10001"
204645,20in Monitor,1,109.99,05/21/19 21:58,"128 Maple St, New York City, NY 10001"
204646,Lightning Charging Cable,1,14.95,05/22/19 13:14,"558 Washington St, Dallas, TX 75001"
204647,Lightning Charging Cable,1,14.95,05/04/19 17:18,"891 Washington St, Boston, MA 02215"
204648,Lightning Charging Cable,1,14.95,05/15/19 03:34,"842 River St, San Francisco, CA 94016"
204649,AA Batteries (4-pack),1,3.84,05/09/19 14:15,"228 Pine St, Austin, TX 73301"
204650,AA Batteries (4-pack),1,3.84,05/21/19 16:01,"403 Center St, San Francisco, CA 94016"
204651,AA Batteries (4-pack),2,3.84,05/13/19 11:34,"711 12th St, New York City, NY 10001"
204652,Bose SoundSport Headphones,1,99.99,05/28/19 19:09,"637 Walnut St, Seattle, WA 98101"
204653,iPhone,1,700,05/18/19 14:45,"415 2nd St, San Francisco, CA 94016"
204654,Wired Headphones,1,11.99,05/25/19 09:31,"770 Lincoln St, Boston, MA 02215"
204655,Bose SoundSport Headphones,1,99.99,05/02/19 08:31,"894 13th St, Los Angeles, CA 90001"
204656,Lightning Charging Cable,2,14.95,05/25/19 14:19,"62 8th St, Austin, TX 73301"
204657,Wired Headphones,1,11.99,05/09/19 23:33,"337 4th St, San Francisco, CA 94016"
204658,USB-C Charging Cable,1,11.95,05/07/19 19:36,"859 Forest St, Atlanta, GA 30301"
204659,USB-C Charging Cable,1,11.95,05/13/19 18:37,"953 4th St, Austin, TX 73301"
204660,27in FHD Monitor,1,149.99,05/21/19 22:28,"313 Church St, New York City, NY 10001"
204661,Bose SoundSport Headphones,1,99.99,05/08/19 12:29,"223 Lake St, Dallas, TX 75001"
204662,AA Batteries (4-pack),5,3.84,05/12/19 23:05,"867 Wilson St, Portland, OR 97035"
204663,USB-C Charging Cable,1,11.95,05/13/19 09:20,"169 10th St, Atlanta, GA 30301"
204664,Wired Headphones,1,11.99,05/27/19 08:58,"101 Lincoln St, Seattle, WA 98101"
204665,AAA Batteries (4-pack),4,2.99,05/13/19 11:11,"932 Elm St, Seattle, WA 98101"
204666,Lightning Charging Cable,2,14.95,05/05/19 17:13,"240 Main St, San Francisco, CA 94016"
204667,ThinkPad Laptop,1,999.99,05/18/19 07:22,"999 Madison St, Dallas, TX 75001"
204668,iPhone,1,700,05/25/19 10:02,"302 14th St, Austin, TX 73301"
204669,Wired Headphones,1,11.99,05/31/19 11:28,"323 Ridge St, Portland, OR 97035"
204670,LG Dryer,1,600.0,05/20/19 12:00,"87 Lake St, Seattle, WA 98101"
204671,Wired Headphones,1,11.99,05/24/19 10:19,"588 Lake St, Atlanta, GA 30301"
204672,Wired Headphones,2,11.99,05/11/19 21:41,"603 11th St, Dallas, TX 75001"
204673,AAA Batteries (4-pack),1,2.99,05/08/19 20:53,"190 Hickory St, Seattle, WA 98101"
204674,Vareebadd Phone,1,400,05/29/19 10:54,"7 Maple St, Austin, TX 73301"
204675,Flatscreen TV,1,300,05/28/19 23:08,"601 9th St, San Francisco, CA 94016"
204676,AAA Batteries (4-pack),2,2.99,05/19/19 15:23,"811 Center St, Dallas, TX 75001"
204677,AAA Batteries (4-pack),1,2.99,05/02/19 21:28,"839 Meadow St, New York City, NY 10001"
204678,AAA Batteries (4-pack),2,2.99,05/17/19 20:56,"658 West St, Portland, OR 97035"
204679,Bose SoundSport Headphones,1,99.99,05/15/19 08:53,"527 Lincoln St, San Francisco, CA 94016"
204680,USB-C Charging Cable,2,11.95,05/22/19 08:26,"996 Dogwood St, Austin, TX 73301"
204681,AA Batteries (4-pack),1,3.84,05/29/19 20:03,"385 Chestnut St, San Francisco, CA 94016"
204682,27in FHD Monitor,1,149.99,05/25/19 10:43,"47 2nd St, San Francisco, CA 94016"
204683,Apple Airpods Headphones,1,150,05/14/19 10:37,"725 6th St, Austin, TX 73301"
204684,Lightning Charging Cable,1,14.95,05/29/19 14:21,"384 Main St, Boston, MA 02215"
204685,27in FHD Monitor,1,149.99,05/20/19 12:46,"164 West St, San Francisco, CA 94016"
204686,iPhone,1,700,05/23/19 12:19,"53 Cherry St, Dallas, TX 75001"
204686,27in 4K Gaming Monitor,1,389.99,05/23/19 12:19,"53 Cherry St, Dallas, TX 75001"
204687,Apple Airpods Headphones,1,150,05/27/19 22:20,"311 Elm St, New York City, NY 10001"
204688,Wired Headphones,1,11.99,05/29/19 06:54,"598 Jefferson St, Boston, MA 02215"
Order ID,Product,Quantity Ordered,Price Each,Order Date,Purchase Address
204689,Bose SoundSport Headphones,1,99.99,05/14/19 21:54,"486 Washington St, Portland, OR 97035"
204690,27in 4K Gaming Monitor,1,389.99,05/11/19 15:17,"884 1st St, San Francisco, CA 94016"
204691,Wired Headphones,1,11.99,05/03/19 05:53,"240 Park St, San Francisco, CA 94016"
204692,Apple Airpods Headphones,1,150,05/26/19 22:16,"811 Jefferson St, Dallas, TX 75001"
204693,iPhone,1,700,05/11/19 12:47,"474 13th St, Boston, MA 02215"
204694,AA Batteries (4-pack),2,3.84,05/29/19 23:58,"33 Jackson St, San Francisco, CA 94016"
204695,Google Phone,1,600,05/19/19 14:08,"106 Park St, Los Angeles, CA 90001"
204696,AAA Batteries (4-pack),2,2.99,05/06/19 15:10,"238 Lincoln St, San Francisco, CA 94016"
204697,Wired Headphones,1,11.99,05/01/19 17:02,"683 Willow St, San Francisco, CA 94016"
204698,Bose SoundSport Headphones,1,99.99,05/03/19 23:21,"349 Sunset St, Portland, OR 97035"
204699,Lightning Charging Cable,1,14.95,05/29/19 08:25,"213 Ridge St, New York City, NY 10001"
204700,AAA Batteries (4-pack),2,2.99,05/14/19 22:41,"553 River St, San Francisco, CA 94016"
204701,Apple Airpods Headphones,1,150,05/28/19 12:41,"723 Adams St, San Francisco, CA 94016"
204702,Google Phone,1,600,05/11/19 11:18,"567 10th St, Dallas, TX 75001"
204703,20in Monitor,1,109.99,05/14/19 08:20,"792 Forest St, Portland, OR 97035"
204704,Apple Airpods Headphones,1,150,05/13/19 22:00,"171 Lakeview St, Seattle, WA 98101"
204705,AAA Batteries (4-pack),2,2.99,05/25/19 16:04,"258 Madison St, Boston, MA 02215"
204706,AAA Batteries (4-pack),3,2.99,05/01/19 10:07,"873 Jackson St, San Francisco, CA 94016"
204707,Wired Headphones,1,11.99,05/16/19 09:53,"58 Willow St, Seattle, WA 98101"
204708,Macbook Pro Laptop,1,1700,05/12/19 16:53,"439 Cedar St, New York City, NY 10001"
204709,AA Batteries (4-pack),1,3.84,05/06/19 10:21,"917 Park St, Dallas, TX 75001"
204710,Wired Headphones,1,11.99,05/30/19 12:48,"512 14th St, Dallas, TX 75001"
204711,Flatscreen TV,1,300,05/07/19 13:17,"631 Park St, Dallas, TX 75001"
204712,AA Batteries (4-pack),1,3.84,05/11/19 12:06,"812 Ridge St, San Francisco, CA 94016"
204713,27in FHD Monitor,1,149.99,05/11/19 23:01,"524 4th St, Portland, OR 97035"
204714,Lightning Charging Cable,1,14.95,05/10/19 11:16,"896 Wilson St, Austin, TX 73301"
204715,Wired Headphones,1,11.99,05/13/19 21:28,"851 Chestnut St, Boston, MA 02215"
204716,AAA Batteries (4-pack),2,2.99,05/05/19 18:11,"496 Lincoln St, San Francisco, CA 94016"
204717,Lightning Charging Cable,1,14.95,05/26/19 08:20,"665 Washington St, Seattle, WA 98101"
204718,USB-C Charging Cable,1,11.95,05/08/19 14:14,"677 Dogwood St, Portland, OR 97035"
204719,USB-C Charging Cable,1,11.95,05/12/19 13:28,"550 Wilson St, Boston, MA 02215"
204720,Lightning Charging Cable,1,14.95,05/20/19 20:01,"491 Cedar St, San Francisco, CA 94016"
204721,Wired Headphones,1,11.99,05/20/19 19:16,"680 North St, New York City, NY 10001"
204722,ThinkPad Laptop,1,999.99,05/08/19 19:32,"594 South St, New York City, NY 10001"
204723,27in FHD Monitor,1,149.99,05/19/19 16:57,"938 Lincoln St, Boston, MA 02215"
204724,Lightning Charging Cable,1,14.95,05/30/19 21:08,"556 Wilson St, Atlanta, GA 30301"
204725,27in 4K Gaming Monitor,1,389.99,05/19/19 20:17,"416 Wilson St, Atlanta, GA 30301"
204726,Lightning Charging Cable,1,14.95,05/07/19 12:36,"207 Lincoln St, New York City, NY 10001"
204727,AAA Batteries (4-pack),5,2.99,05/15/19 17:56,"194 Willow St, Dallas, TX 75001"
204728,Google Phone,1,600,05/10/19 10:16,"671 Dogwood St, Atlanta, GA 30301"
204729,Bose SoundSport Headphones,1,99.99,05/18/19 19:00,"957 North St, Seattle, WA 98101"
204730,27in FHD Monitor,1,149.99,05/05/19 14:46,"69 Forest St, Atlanta, GA 30301"
204731,Lightning Charging Cable,1,14.95,05/22/19 18:40,"907 Park St, Boston, MA 02215"
204732,USB-C Charging Cable,1,11.95,05/17/19 16:29,"605 10th St, New York City, NY 10001"
204733,AAA Batteries (4-pack),2,2.99,05/12/19 12:28,"319 14th St, San Francisco, CA 94016"
204734,Flatscreen TV,1,300,05/13/19 21:12,"307 14th St, San Francisco, CA 94016"
204735,Vareebadd Phone,1,400,05/26/19 08:59,"402 4th St, New York City, NY 10001"
204736,34in Ultrawide Monitor,1,379.99,05/15/19 15:58,"34 Washington St, Portland, ME 04101"
204737,AA Batteries (4-pack),1,3.84,05/20/19 13:26,"510 Center St, Atlanta, GA 30301"
204738,Wired Headphones,1,11.99,05/22/19 11:31,"347 10th St, San Francisco, CA 94016"
204739,Lightning Charging Cable,1,14.95,05/20/19 15:53,"413 8th St, San Francisco, CA 94016"
204740,AAA Batteries (4-pack),1,2.99,05/27/19 23:31,"599 1st St, Seattle, WA 98101"
204741,Wired Headphones,1,11.99,05/31/19 08:08,"121 Walnut St, San Francisco, CA 94016"
204742,Google Phone,1,600,05/01/19 19:47,"603 Wilson St, San Francisco, CA 94016"
204742,USB-C Charging Cable,1,11.95,05/01/19 19:47,"603 Wilson St, San Francisco, CA 94016"
204743,AAA Batteries (4-pack),1,2.99,05/22/19 18:07,"631 10th St, Boston, MA 02215"
204744,27in FHD Monitor,1,149.99,05/03/19 08:39,"592 12th St, Los Angeles, CA 90001"
204745,iPhone,1,700,05/27/19 18:31,"204 Madison St, San Francisco, CA 94016"
204746,AAA Batteries (4-pack),1,2.99,05/13/19 13:31,"98 Forest St, New York City, NY 10001"
204747,Apple Airpods Headphones,1,150,05/11/19 21:36,"540 4th St, Seattle, WA 98101"
204748,Lightning Charging Cable,1,14.95,05/27/19 17:35,"209 Hickory St, Atlanta, GA 30301"
204749,Vareebadd Phone,1,400,05/27/19 06:57,"502 Church St, New York City, NY 10001"
204750,AA Batteries (4-pack),1,3.84,05/11/19 07:34,"282 Jefferson St, Boston, MA 02215"
204751,Macbook Pro Laptop,1,1700,05/02/19 15:06,"871 South St, New York City, NY 10001"
204752,Apple Airpods Headphones,1,150,05/21/19 13:44,"638 Lakeview St, San Francisco, CA 94016"
204753,AA Batteries (4-pack),1,3.84,05/21/19 15:54,"741 Adams St, Austin, TX 73301"
204754,LG Washing Machine,1,600.0,05/12/19 11:04,"313 Meadow St, San Francisco, CA 94016"
204755,USB-C Charging Cable,1,11.95,05/30/19 07:46,"514 Walnut St, Los Angeles, CA 90001"
204756,AAA Batteries (4-pack),1,2.99,05/12/19 20:04,"138 Elm St, San Francisco, CA 94016"
204757,Lightning Charging Cable,1,14.95,05/08/19 21:58,"675 Washington St, Boston, MA 02215"
204758,Wired Headphones,1,11.99,05/15/19 17:33,"303 West St, Atlanta, GA 30301"
204759,iPhone,1,700,05/05/19 21:55,"139 Jefferson St, Boston, MA 02215"
204760,AAA Batteries (4-pack),1,2.99,05/27/19 21:01,"376 2nd St, Dallas, TX 75001"
204761,Wired Headphones,1,11.99,05/02/19 12:20,"37 11th St, New York City, NY 10001"
204762,AA Batteries (4-pack),1,3.84,05/12/19 22:27,"892 North St, Dallas, TX 75001"
204763,iPhone,1,700,05/02/19 20:07,"544 Johnson St, San Francisco, CA 94016"
204764,Wired Headphones,1,11.99,05/30/19 14:30,"569 Chestnut St, Boston, MA 02215"
204765,Wired Headphones,1,11.99,05/05/19 10:19,"441 Church St, San Francisco, CA 94016"
204766,Bose SoundSport Headphones,1,99.99,05/11/19 18:49,"341 River St, New York City, NY 10001"
204767,Lightning Charging Cable,1,14.95,05/10/19 23:26,"22 10th St, Atlanta, GA 30301"
204768,ThinkPad Laptop,1,999.99,05/05/19 17:09,"901 North St, San Francisco, CA 94016"
204769,Lightning Charging Cable,1,14.95,05/16/19 07:38,"541 Walnut St, Boston, MA 02215"
204770,iPhone,1,700,05/04/19 11:58,"546 Hickory St, Boston, MA 02215"
204771,Google Phone,1,600,05/09/19 13:10,"938 Jefferson St, Boston, MA 02215"
204772,Bose SoundSport Headphones,1,99.99,05/07/19 23:30,"870 2nd St, San Francisco, CA 94016"
204773,USB-C Charging Cable,1,11.95,05/15/19 22:12,"437 8th St, Seattle, WA 98101"
204774,USB-C Charging Cable,1,11.95,05/11/19 17:36,"436 South St, Dallas, TX 75001"
204775,Wired Headphones,1,11.99,05/05/19 07:58,"649 Adams St, Los Angeles, CA 90001"
204776,Lightning Charging Cable,1,14.95,05/20/19 19:39,"331 Cedar St, Atlanta, GA 30301"
204777,Bose SoundSport Headphones,1,99.99,05/05/19 16:03,"182 Forest St, San Francisco, CA 94016"
204778,Google Phone,1,600,05/23/19 11:51,"455 Dogwood St, Boston, MA 02215"
204779,27in FHD Monitor,1,149.99,05/19/19 13:01,"397 Meadow St, San Francisco, CA 94016"
204780,Wired Headphones,1,11.99,05/09/19 01:09,"786 11th St, New York City, NY 10001"
204781,USB-C Charging Cable,1,11.95,05/19/19 17:18,"387 Jefferson St, Atlanta, GA 30301"
204782,iPhone,1,700,05/31/19 13:42,"618 Highland St, Los Angeles, CA 90001"
204783,Macbook Pro Laptop,1,1700,05/08/19 07:45,"324 2nd St, Seattle, WA 98101"
204784,34in Ultrawide Monitor,1,379.99,05/19/19 16:26,"287 South St, New York City, NY 10001"
204785,27in FHD Monitor,1,149.99,05/25/19 10:50,"516 Maple St, Dallas, TX 75001"
204786,AAA Batteries (4-pack),1,2.99,05/16/19 12:04,"523 River St, Atlanta, GA 30301"
204787,Apple Airpods Headphones,1,150,05/20/19 20:45,"598 Willow St, New York City, NY 10001"
204788,AA Batteries (4-pack),1,3.84,05/21/19 10:15,"492 Ridge St, Los Angeles, CA 90001"
204789,Lightning Charging Cable,1,14.95,05/05/19 18:52,"925 Main St, New York City, NY 10001"
204790,AA Batteries (4-pack),2,3.84,05/16/19 20:35,"450 Hill St, Los Angeles, CA 90001"
204791,AAA Batteries (4-pack),1,2.99,05/07/19 09:31,"361 Lakeview St, Portland, OR 97035"
204792,Wired Headphones,1,11.99,05/09/19 16:37,"190 Highland St, Los Angeles, CA 90001"
204793,Lightning Charging Cable,1,14.95,05/07/19 21:32,"932 1st St, Los Angeles, CA 90001"
204794,AAA Batteries (4-pack),1,2.99,05/14/19 10:46,"391 Johnson St, Los Angeles, CA 90001"
204795,AAA Batteries (4-pack),1,2.99,05/24/19 10:39,"936 6th St, San Francisco, CA 94016"
204796,AA Batteries (4-pack),1,3.84,05/28/19 22:07,"573 Ridge St, New York City, NY 10001"
204797,Macbook Pro Laptop,1,1700,05/31/19 07:55,"398 Pine St, Boston, MA 02215"
204798,AAA Batteries (4-pack),1,2.99,05/10/19 01:51,"566 South St, Boston, MA 02215"
204799,AA Batteries (4-pack),1,3.84,05/21/19 20:28,"380 River St, Seattle, WA 98101"
204800,AA Batteries (4-pack),1,3.84,05/03/19 21:43,"402 Walnut St, Los Angeles, CA 90001"
204801,ThinkPad Laptop,1,999.99,05/28/19 19:45,"356 Meadow St, San Francisco, CA 94016"
204802,AAA Batteries (4-pack),4,2.99,05/30/19 09:10,"496 South St, Dallas, TX 75001"
204803,USB-C Charging Cable,1,11.95,05/16/19 18:57,"207 Center St, New York City, NY 10001"
204804,ThinkPad Laptop,1,999.99,05/15/19 09:14,"102 Jefferson St, San Francisco, CA 94016"
204805,USB-C Charging Cable,1,11.95,05/16/19 13:20,"765 Lincoln St, New York City, NY 10001"
204806,Lightning Charging Cable,1,14.95,05/09/19 13:30,"435 Park St, New York City, NY 10001"
204807,Wired Headphones,1,11.99,05/17/19 14:57,"885 Cedar St, New York City, NY 10001"
204808,Apple Airpods Headphones,1,150,05/18/19 21:00,"666 Main St, San Francisco, CA 94016"
204809,Flatscreen TV,1,300,05/24/19 16:39,"750 6th St, Dallas, TX 75001"
204810,AAA Batteries (4-pack),1,2.99,05/22/19 18:01,"317 Meadow St, Portland, OR 97035"
204811,Macbook Pro Laptop,1,1700,05/27/19 12:41,"113 Ridge St, Los Angeles, CA 90001"
204812,Bose SoundSport Headphones,1,99.99,05/14/19 16:54,"293 Sunset St, Boston, MA 02215"
204813,USB-C Charging Cable,1,11.95,05/29/19 16:37,"720 Dogwood St, New York City, NY 10001"
204814,iPhone,1,700,05/30/19 20:49,"570 2nd St, Los Angeles, CA 90001"
204815,AA Batteries (4-pack),2,3.84,05/14/19 17:23,"210 Forest St, Los Angeles, CA 90001"
204816,Flatscreen TV,1,300,05/09/19 19:46,"16 Lake St, Los Angeles, CA 90001"
204817,AAA Batteries (4-pack),2,2.99,05/13/19 14:55,"951 North St, Atlanta, GA 30301"
204818,iPhone,1,700,05/01/19 19:09,"211 14th St, Portland, ME 04101"
204818,Wired Headphones,1,11.99,05/01/19 19:09,"211 14th St, Portland, ME 04101"
204819,Lightning Charging Cable,1,14.95,05/21/19 11:01,"28 West St, San Francisco, CA 94016"
204820,AA Batteries (4-pack),1,3.84,05/28/19 23:52,"82 2nd St, Dallas, TX 75001"
204821,Vareebadd Phone,1,400,05/14/19 23:33,"385 Sunset St, San Francisco, CA 94016"
204822,Wired Headphones,1,11.99,05/04/19 17:24,"955 Hill St, San Francisco, CA 94016"
204823,USB-C Charging Cable,1,11.95,05/29/19 14:53,"984 4th St, San Francisco, CA 94016"
204824,AA Batteries (4-pack),1,3.84,05/02/19 19:36,"297 Spruce St, Atlanta, GA 30301"
204825,34in Ultrawide Monitor,1,379.99,05/25/19 20:48,"386 Meadow St, Boston, MA 02215"
204826,Bose SoundSport Headphones,1,99.99,05/31/19 21:18,"692 7th St, New York City, NY 10001"
204826,Wired Headphones,1,11.99,05/31/19 21:18,"692 7th St, New York City, NY 10001"
204827,Bose SoundSport Headphones,1,99.99,05/17/19 23:22,"598 Jefferson St, San Francisco, CA 94016"
204828,USB-C Charging Cable,1,11.95,05/17/19 19:35,"842 Park St, Dallas, TX 75001"
204829,ThinkPad Laptop,1,999.99,05/11/19 13:40,"794 Willow St, Los Angeles, CA 90001"
204830,Wired Headphones,1,11.99,05/30/19 17:04,"682 Dogwood St, New York City, NY 10001"
204831,27in FHD Monitor,1,149.99,05/31/19 19:43,"534 Wilson St, New York City, NY 10001"
204832,AAA Batteries (4-pack),1,2.99,05/02/19 07:45,"122 Lakeview St, New York City, NY 10001"
204833,Wired Headphones,1,11.99,05/12/19 15:15,"474 Dogwood St, San Francisco, CA 94016"
204834,Bose SoundSport Headphones,1,99.99,05/17/19 01:43,"411 Washington St, Boston, MA 02215"
204835,USB-C Charging Cable,1,11.95,05/07/19 10:26,"284 Chestnut St, San Francisco, CA 94016"
204836,AAA Batteries (4-pack),1,2.99,05/31/19 12:57,"625 13th St, New York City, NY 10001"
204837,AA Batteries (4-pack),3,3.84,05/04/19 19:31,"41 Chestnut St, Portland, OR 97035"
204838,AA Batteries (4-pack),1,3.84,05/06/19 12:35,"478 Willow St, Atlanta, GA 30301"
204839,Google Phone,1,600,05/14/19 16:56,"34 Madison St, Seattle, WA 98101"
204840,AAA Batteries (4-pack),1,2.99,05/27/19 23:11,"84 West St, Los Angeles, CA 90001"
204841,Flatscreen TV,1,300,05/11/19 13:23,"434 Center St, San Francisco, CA 94016"
204842,AA Batteries (4-pack),1,3.84,05/24/19 11:59,"361 Cherry St, Los Angeles, CA 90001"
204843,USB-C Charging Cable,1,11.95,05/11/19 08:36,"920 Highland St, Dallas, TX 75001"
204844,AA Batteries (4-pack),2,3.84,05/17/19 17:23,"235 Church St, Los Angeles, CA 90001"
204845,Wired Headphones,1,11.99,05/21/19 09:18,"128 8th St, San Francisco, CA 94016"
204846,Apple Airpods Headphones,1,150,05/28/19 16:56,"616 Wilson St, New York City, NY 10001"
204847,Wired Headphones,1,11.99,05/05/19 17:10,"808 Lakeview St, San Francisco, CA 94016"
204848,AAA Batteries (4-pack),2,2.99,05/30/19 20:20,"378 Hill St, San Francisco, CA 94016"
204849,Apple Airpods Headphones,1,150,05/26/19 14:58,"381 Dogwood St, San Francisco, CA 94016"
204850,Wired Headphones,1,11.99,05/06/19 11:43,"652 Adams St, New York City, NY 10001"
204851,AAA Batteries (4-pack),1,2.99,05/01/19 16:03,"104 Lake St, Seattle, WA 98101"
204852,Wired Headphones,1,11.99,05/26/19 00:22,"732 2nd St, Atlanta, GA 30301"
204853,USB-C Charging Cable,1,11.95,05/14/19 15:12,"652 Church St, Boston, MA 02215"
204854,27in FHD Monitor,1,149.99,05/08/19 22:03,"712 7th St, Los Angeles, CA 90001"
204855,USB-C Charging Cable,1,11.95,05/31/19 14:10,"361 Walnut St, Seattle, WA 98101"
204856,Wired Headphones,1,11.99,05/02/19 23:57,"297 14th St, Portland, OR 97035"
204857,ThinkPad Laptop,1,999.99,05/27/19 22:27,"289 12th St, Atlanta, GA 30301"
204858,AAA Batteries (4-pack),1,2.99,05/12/19 20:12,"729 South St, Los Angeles, CA 90001"
204859,AA Batteries (4-pack),1,3.84,05/20/19 22:27,"916 4th St, New York City, NY 10001"
204860,Lightning Charging Cable,1,14.95,05/05/19 17:32,"744 Jackson St, Portland, OR 97035"
204861,Apple Airpods Headphones,1,150,05/30/19 13:05,"994 Sunset St, San Francisco, CA 94016"
204862,27in FHD Monitor,1,149.99,05/14/19 09:31,"108 Jackson St, San Francisco, CA 94016"
204863,Apple Airpods Headphones,1,150,05/29/19 23:13,"897 Willow St, Boston, MA 02215"
204864,AAA Batteries (4-pack),5,2.99,05/20/19 12:07,"648 Pine St, San Francisco, CA 94016"
204865,USB-C Charging Cable,1,11.95,05/04/19 18:43,"388 Sunset St, San Francisco, CA 94016"
204866,Apple Airpods Headphones,1,150,05/25/19 13:08,"515 Cherry St, San Francisco, CA 94016"
204867,AA Batteries (4-pack),1,3.84,05/20/19 10:52,"880 Elm St, Los Angeles, CA 90001"
204868,Google Phone,1,600,05/17/19 09:13,"340 Ridge St, New York City, NY 10001"
204868,USB-C Charging Cable,1,11.95,05/17/19 09:13,"340 Ridge St, New York City, NY 10001"
204868,Wired Headphones,1,11.99,05/17/19 09:13,"340 Ridge St, New York City, NY 10001"
204869,Wired Headphones,1,11.99,05/04/19 10:46,"27 West St, Dallas, TX 75001"
204870,AAA Batteries (4-pack),3,2.99,05/14/19 18:07,"897 12th St, Los Angeles, CA 90001"
204871,Vareebadd Phone,1,400,05/19/19 18:56,"283 Jefferson St, San Francisco, CA 94016"
204872,USB-C Charging Cable,1,11.95,05/05/19 11:20,"966 Park St, New York City, NY 10001"
204873,Apple Airpods Headphones,1,150,05/01/19 13:16,"887 Church St, Portland, OR 97035"
204874,Lightning Charging Cable,1,14.95,05/07/19 20:16,"248 River St, San Francisco, CA 94016"
204875,Wired Headphones,1,11.99,05/23/19 18:54,"594 Cedar St, Seattle, WA 98101"
204876,Lightning Charging Cable,1,14.95,05/09/19 10:43,"956 Johnson St, Boston, MA 02215"
204877,27in 4K Gaming Monitor,1,389.99,05/08/19 18:20,"48 Cedar St, Boston, MA 02215"
204878,AAA Batteries (4-pack),1,2.99,05/22/19 21:25,"590 2nd St, San Francisco, CA 94016"
204879,34in Ultrawide Monitor,1,379.99,05/26/19 22:16,"836 Church St, Los Angeles, CA 90001"
204880,Apple Airpods Headphones,1,150,05/25/19 20:47,"270 Adams St, San Francisco, CA 94016"
204881,Vareebadd Phone,1,400,05/26/19 16:09,"631 Church St, San Francisco, CA 94016"
204882,Lightning Charging Cable,1,14.95,05/05/19 14:57,"723 Forest St, Boston, MA 02215"
204883,USB-C Charging Cable,1,11.95,05/01/19 19:20,"747 Spruce St, Seattle, WA 98101"
204884,Apple Airpods Headphones,1,150,05/03/19 14:18,"913 Adams St, San Francisco, CA 94016"
204885,27in 4K Gaming Monitor,1,389.99,05/21/19 18:14,"364 8th St, San Francisco, CA 94016"
204886,Lightning Charging Cable,1,14.95,05/02/19 19:42,"45 6th St, New York City, NY 10001"
204887,20in Monitor,1,109.99,05/02/19 07:21,"715 Park St, Boston, MA 02215"
204888,USB-C Charging Cable,1,11.95,05/18/19 14:47,"83 5th St, Seattle, WA 98101"
204889,27in 4K Gaming Monitor,1,389.99,05/14/19 19:26,"117 Church St, New York City, NY 10001"
204890,Bose SoundSport Headphones,1,99.99,05/19/19 11:30,"319 Church St, Atlanta, GA 30301"
204891,Apple Airpods Headphones,1,150,05/14/19 17:12,"407 Jackson St, New York City, NY 10001"
204892,Wired Headphones,1,11.99,05/10/19 20:38,"669 Cherry St, Boston, MA 02215"
204893,Apple Airpods Headphones,1,150,05/02/19 08:51,"594 Park St, Dallas, TX 75001"
204894,Wired Headphones,2,11.99,05/20/19 17:09,"366 13th St, San Francisco, CA 94016"
204895,AA Batteries (4-pack),2,3.84,05/12/19 13:10,"47 6th St, Boston, MA 02215"
204896,Lightning Charging Cable,1,14.95,05/16/19 14:46,"504 Forest St, Los Angeles, CA 90001"
204897,Wired Headphones,1,11.99,05/30/19 19:13,"692 Willow St, Portland, OR 97035"
204898,USB-C Charging Cable,2,11.95,05/19/19 12:42,"244 9th St, New York City, NY 10001"
204899,USB-C Charging Cable,2,11.95,05/26/19 10:59,"800 13th St, San Francisco, CA 94016"
204899,AAA Batteries (4-pack),1,2.99,05/26/19 10:59,"800 13th St, San Francisco, CA 94016"
204900,AA Batteries (4-pack),1,3.84,05/26/19 17:51,"968 Main St, San Francisco, CA 94016"
204901,Macbook Pro Laptop,1,1700,05/12/19 17:07,"52 11th St, Los Angeles, CA 90001"
204902,Wired Headphones,1,11.99,05/04/19 16:08,"774 Park St, Boston, MA 02215"
204903,Lightning Charging Cable,1,14.95,05/22/19 19:16,"58 Lake St, Los Angeles, CA 90001"
204904,Apple Airpods Headphones,1,150,05/18/19 20:54,"244 Cherry St, Los Angeles, CA 90001"
204905,AAA Batteries (4-pack),1,2.99,05/26/19 18:47,"557 Walnut St, Seattle, WA 98101"
204906,USB-C Charging Cable,1,11.95,05/09/19 13:49,"908 Jackson St, Los Angeles, CA 90001"
204907,AAA Batteries (4-pack),1,2.99,05/05/19 11:38,"123 Walnut St, Los Angeles, CA 90001"
204908,27in FHD Monitor,1,149.99,05/07/19 21:29,"13 12th St, Los Angeles, CA 90001"
204909,Bose SoundSport Headphones,1,99.99,05/24/19 22:15,"55 Lakeview St, New York City, NY 10001"
204910,Macbook Pro Laptop,1,1700,05/28/19 00:20,"979 Chestnut St, San Francisco, CA 94016"
204911,34in Ultrawide Monitor,1,379.99,05/18/19 11:59,"844 Pine St, Boston, MA 02215"
204912,Flatscreen TV,1,300,05/08/19 19:37,"285 Chestnut St, Boston, MA 02215"
204913,Lightning Charging Cable,1,14.95,05/20/19 15:59,"137 14th St, Austin, TX 73301"
204914,LG Washing Machine,1,600.0,05/25/19 20:49,"649 Lakeview St, Dallas, TX 75001"
204914,20in Monitor,1,109.99,05/25/19 20:49,"649 Lakeview St, Dallas, TX 75001"
204915,AA Batteries (4-pack),1,3.84,05/23/19 12:14,"178 Dogwood St, Atlanta, GA 30301"
204916,ThinkPad Laptop,1,999.99,05/26/19 12:44,"419 Cedar St, Boston, MA 02215"
204917,AA Batteries (4-pack),3,3.84,05/30/19 22:45,"65 Wilson St, Portland, OR 97035"
204918,Lightning Charging Cable,1,14.95,05/01/19 08:21,"408 12th St, Seattle, WA 98101"
204919,AAA Batteries (4-pack),2,2.99,05/24/19 20:47,"497 Walnut St, Los Angeles, CA 90001"
204920,USB-C Charging Cable,1,11.95,05/27/19 12:55,"613 14th St, San Francisco, CA 94016"
204921,Wired Headphones,1,11.99,05/28/19 09:08,"156 West St, Austin, TX 73301"
204922,Bose SoundSport Headphones,1,99.99,05/31/19 10:51,"274 Elm St, New York City, NY 10001"
204923,Lightning Charging Cable,1,14.95,05/04/19 11:59,"512 5th St, San Francisco, CA 94016"
204924,AA Batteries (4-pack),1,3.84,05/12/19 14:00,"405 Pine St, Los Angeles, CA 90001"
204925,27in 4K Gaming Monitor,1,389.99,05/17/19 11:15,"119 Highland St, Los Angeles, CA 90001"
204926,AAA Batteries (4-pack),1,2.99,05/26/19 10:59,"546 West St, Los Angeles, CA 90001"
204927,Apple Airpods Headphones,1,150,05/04/19 11:59,"102 11th St, Austin, TX 73301"
204928,34in Ultrawide Monitor,1,379.99,05/19/19 18:16,"679 Wilson St, Austin, TX 73301"
204929,Google Phone,1,600,05/28/19 22:40,"301 Highland St, Portland, OR 97035"
204930,AAA Batteries (4-pack),1,2.99,05/30/19 21:35,"164 12th St, Seattle, WA 98101"
204931,USB-C Charging Cable,1,11.95,05/11/19 17:44,"345 12th St, Los Angeles, CA 90001"
204932,AA Batteries (4-pack),1,3.84,05/16/19 22:25,"943 Dogwood St, Boston, MA 02215"
204933,iPhone,1,700,05/10/19 13:43,"82 4th St, Los Angeles, CA 90001"
204934,USB-C Charging Cable,1,11.95,05/22/19 17:55,"361 Hickory St, Dallas, TX 75001"
204935,Wired Headphones,1,11.99,05/04/19 22:36,"570 11th St, Boston, MA 02215"
204936,27in 4K Gaming Monitor,1,389.99,05/08/19 09:05,"935 Center St, San Francisco, CA 94016"
204937,AAA Batteries (4-pack),1,2.99,05/29/19 13:14,"286 Sunset St, Boston, MA 02215"
204938,Flatscreen TV,1,300,05/08/19 13:11,"739 Madison St, Los Angeles, CA 90001"
204938,20in Monitor,1,109.99,05/08/19 13:11,"739 Madison St, Los Angeles, CA 90001"
204939,AAA Batteries (4-pack),1,2.99,05/31/19 10:02,"657 Cherry St, San Francisco, CA 94016"
204940,Apple Airpods Headphones,1,150,05/20/19 16:30,"370 Park St, Los Angeles, CA 90001"
204941,Flatscreen TV,1,300,05/18/19 09:45,"745 Ridge St, Seattle, WA 98101"
204942,Wired Headphones,1,11.99,05/30/19 17:42,"763 13th St, Seattle, WA 98101"
204943,Wired Headphones,1,11.99,05/18/19 11:55,"57 Chestnut St, Los Angeles, CA 90001"
204944,Wired Headphones,1,11.99,05/26/19 15:07,"347 Meadow St, San Francisco, CA 94016"
204945,Google Phone,1,600,05/06/19 12:17,"990 10th St, Los Angeles, CA 90001"
204946,AAA Batteries (4-pack),3,2.99,05/20/19 14:34,"77 14th St, Los Angeles, CA 90001"
204947,USB-C Charging Cable,1,11.95,05/30/19 19:57,"432 Willow St, Boston, MA 02215"
204948,Wired Headphones,1,11.99,05/19/19 14:35,"596 Chestnut St, San Francisco, CA 94016"
204949,27in FHD Monitor,1,149.99,05/31/19 10:26,"203 Lincoln St, New York City, NY 10001"
204950,AAA Batteries (4-pack),2,2.99,05/26/19 17:22,"556 North St, New York City, NY 10001"
204951,Lightning Charging Cable,1,14.95,05/13/19 11:03,"100 West St, Los Angeles, CA 90001"
204952,34in Ultrawide Monitor,1,379.99,05/22/19 17:22,"305 7th St, San Francisco, CA 94016"
204953,Apple Airpods Headphones,1,150,05/22/19 17:57,"607 2nd St, San Francisco, CA 94016"
204954,Lightning Charging Cable,1,14.95,05/04/19 09:46,"653 Lake St, Austin, TX 73301"
204955,Apple Airpods Headphones,1,150,05/27/19 18:01,"17 West St, Dallas, TX 75001"
204956,AAA Batteries (4-pack),2,2.99,05/12/19 09:09,"822 Hickory St, Atlanta, GA 30301"
204957,AAA Batteries (4-pack),5,2.99,05/29/19 21:09,"86 8th St, Seattle, WA 98101"
204958,Apple Airpods Headphones,1,150,05/19/19 02:37,"40 Lincoln St, New York City, NY 10001"
204959,Wired Headphones,1,11.99,05/19/19 10:05,"435 12th St, Boston, MA 02215"
204960,Apple Airpods Headphones,1,150,05/15/19 12:05,"737 10th St, Portland, OR 97035"
204961,AA Batteries (4-pack),1,3.84,05/06/19 08:59,"762 Jefferson St, Portland, ME 04101"
204962,AA Batteries (4-pack),1,3.84,05/26/19 14:54,"145 West St, New York City, NY 10001"
204963,27in 4K Gaming Monitor,1,389.99,05/02/19 12:50,"89 4th St, Boston, MA 02215"
204964,34in Ultrawide Monitor,1,379.99,05/08/19 19:06,"160 Cedar St, Boston, MA 02215"
204965,Macbook Pro Laptop,1,1700,05/16/19 18:18,"48 South St, San Francisco, CA 94016"
204966,AA Batteries (4-pack),1,3.84,05/18/19 20:08,"378 North St, San Francisco, CA 94016"
204967,iPhone,1,700,05/27/19 10:45,"587 Cherry St, Los Angeles, CA 90001"
204967,Wired Headphones,3,11.99,05/27/19 10:45,"587 Cherry St, Los Angeles, CA 90001"
204968,AA Batteries (4-pack),1,3.84,05/14/19 09:59,"853 Adams St, Portland, OR 97035"
204969,Vareebadd Phone,1,400,05/01/19 23:54,"662 Pine St, Atlanta, GA 30301"
204970,AAA Batteries (4-pack),1,2.99,05/28/19 17:33,"323 11th St, San Francisco, CA 94016"
204971,ThinkPad Laptop,1,999.99,05/21/19 16:18,"358 Adams St, Seattle, WA 98101"
204972,27in FHD Monitor,1,149.99,05/25/19 16:26,"228 Sunset St, New York City, NY 10001"
204973,Lightning Charging Cable,1,14.95,05/10/19 13:11,"297 8th St, Los Angeles, CA 90001"
204974,27in 4K Gaming Monitor,1,389.99,05/24/19 11:24,"436 River St, Portland, OR 97035"
204975,27in 4K Gaming Monitor,1,389.99,05/24/19 17:37,"921 Sunset St, New York City, NY 10001"
204976,USB-C Charging Cable,1,11.95,05/24/19 16:39,"142 Johnson St, Los Angeles, CA 90001"
204977,Vareebadd Phone,1,400,05/10/19 09:35,"821 Hill St, Los Angeles, CA 90001"
204978,27in FHD Monitor,1,149.99,05/25/19 09:56,"861 11th St, San Francisco, CA 94016"
204979,AA Batteries (4-pack),2,3.84,05/17/19 14:24,"811 14th St, San Francisco, CA 94016"
204980,27in 4K Gaming Monitor,1,389.99,05/21/19 16:03,"264 9th St, Boston, MA 02215"
204981,ThinkPad Laptop,1,999.99,05/26/19 17:24,"232 Walnut St, Boston, MA 02215"
204982,Macbook Pro Laptop,1,1700,05/30/19 03:44,"930 Wilson St, San Francisco, CA 94016"
204983,Wired Headphones,1,11.99,05/22/19 21:48,"193 Forest St, San Francisco, CA 94016"
204984,Google Phone,1,600,05/01/19 14:42,"1 Willow St, New York City, NY 10001"
204984,Wired Headphones,1,11.99,05/01/19 14:42,"1 Willow St, New York City, NY 10001"
204985,USB-C Charging Cable,1,11.95,05/26/19 20:26,"326 Spruce St, San Francisco, CA 94016"
204986,LG Washing Machine,1,600.0,05/17/19 12:25,"82 Highland St, Portland, OR 97035"
204987,ThinkPad Laptop,1,999.99,05/29/19 20:45,"453 Meadow St, San Francisco, CA 94016"
204988,Bose SoundSport Headphones,1,99.99,05/21/19 18:17,"743 Cherry St, Dallas, TX 75001"
204989,USB-C Charging Cable,1,11.95,05/25/19 15:23,"530 10th St, Los Angeles, CA 90001"
204990,Wired Headphones,1,11.99,05/27/19 14:07,"917 8th St, Austin, TX 73301"
204991,Bose SoundSport Headphones,1,99.99,05/21/19 20:38,"850 Jackson St, San Francisco, CA 94016"
204992,Wired Headphones,1,11.99,05/01/19 22:24,"602 9th St, Los Angeles, CA 90001"
204993,Macbook Pro Laptop,1,1700,05/14/19 14:51,"52 Washington St, Portland, OR 97035"
204994,Lightning Charging Cable,1,14.95,05/15/19 00:36,"107 Walnut St, Portland, OR 97035"
204995,Wired Headphones,1,11.99,05/10/19 22:34,"844 Dogwood St, San Francisco, CA 94016"
204996,AA Batteries (4-pack),1,3.84,05/07/19 23:57,"826 Spruce St, Portland, OR 97035"
204997,Bose SoundSport Headphones,2,99.99,05/29/19 11:09,"3 Cherry St, Austin, TX 73301"
204998,20in Monitor,1,109.99,05/08/19 21:50,"887 Lake St, Los Angeles, CA 90001"
204999,USB-C Charging Cable,1,11.95,05/15/19 19:48,"312 12th St, Seattle, WA 98101"
205000,Lightning Charging Cable,1,14.95,05/09/19 02:04,"771 Church St, Los Angeles, CA 90001"
205001,Wired Headphones,1,11.99,05/30/19 12:58,"684 Washington St, San Francisco, CA 94016"
205002,AA Batteries (4-pack),1,3.84,05/21/19 16:22,"636 1st St, Los Angeles, CA 90001"
205003,27in 4K Gaming Monitor,1,389.99,05/30/19 19:23,"964 10th St, Boston, MA 02215"
205004,ThinkPad Laptop,1,999.99,05/03/19 20:06,"836 Adams St, Dallas, TX 75001"
205005,Apple Airpods Headphones,1,150,05/02/19 12:24,"864 Sunset St, New York City, NY 10001"
205006,Vareebadd Phone,1,400,05/10/19 08:50,"678 Maple St, New York City, NY 10001"
205007,USB-C Charging Cable,1,11.95,05/09/19 18:58,"407 Spruce St, Los Angeles, CA 90001"
205008,Wired Headphones,1,11.99,05/15/19 12:35,"410 Johnson St, Dallas, TX 75001"
205009,Bose SoundSport Headphones,1,99.99,05/28/19 23:46,"596 Ridge St, San Francisco, CA 94016"
205010,Wired Headphones,1,11.99,05/21/19 19:41,"745 Adams St, San Francisco, CA 94016"
205011,AAA Batteries (4-pack),1,2.99,05/10/19 13:24,"119 Center St, Portland, ME 04101"
205012,iPhone,1,700,05/29/19 09:34,"959 14th St, Los Angeles, CA 90001"
205012,Lightning Charging Cable,1,14.95,05/29/19 09:34,"959 14th St, Los Angeles, CA 90001"
205013,27in 4K Gaming Monitor,1,389.99,05/16/19 20:29,"124 River St, Boston, MA 02215"
205014,AA Batteries (4-pack),4,3.84,05/07/19 22:08,"227 6th St, Dallas, TX 75001"
205015,USB-C Charging Cable,1,11.95,05/09/19 13:21,"516 Johnson St, New York City, NY 10001"
205016,iPhone,1,700,05/17/19 00:16,"482 Forest St, Atlanta, GA 30301"
205016,Lightning Charging Cable,1,14.95,05/17/19 00:16,"482 Forest St, Atlanta, GA 30301"
205017,ThinkPad Laptop,1,999.99,05/19/19 14:57,"200 South St, Los Angeles, CA 90001"
205018,USB-C Charging Cable,1,11.95,05/16/19 22:32,"859 Lincoln St, Boston, MA 02215"
205018,USB-C Charging Cable,1,11.95,05/16/19 22:32,"859 Lincoln St, Boston, MA 02215"
205019,34in Ultrawide Monitor,1,379.99,05/26/19 21:07,"909 4th St, Boston, MA 02215"
205020,AAA Batteries (4-pack),1,2.99,05/05/19 09:47,"162 4th St, Los Angeles, CA 90001"
205021,34in Ultrawide Monitor,1,379.99,05/07/19 17:22,"486 4th St, San Francisco, CA 94016"
205022,Lightning Charging Cable,1,14.95,05/21/19 14:54,"427 13th St, San Francisco, CA 94016"
205023,20in Monitor,1,109.99,05/03/19 23:27,"180 Washington St, Dallas, TX 75001"
205024,Wired Headphones,1,11.99,05/17/19 01:45,"866 Park St, Seattle, WA 98101"
205025,AAA Batteries (4-pack),1,2.99,05/09/19 20:18,"739 1st St, Boston, MA 02215"
205026,AAA Batteries (4-pack),1,2.99,05/07/19 15:53,"301 Lincoln St, Seattle, WA 98101"
205027,Apple Airpods Headphones,1,150,05/20/19 12:06,"858 Meadow St, Los Angeles, CA 90001"
205028,Macbook Pro Laptop,1,1700,05/03/19 05:34,"231 Center St, New York City, NY 10001"
205029,Wired Headphones,1,11.99,05/28/19 08:10,"842 North St, Seattle, WA 98101"
205030,USB-C Charging Cable,1,11.95,05/16/19 21:31,"883 Pine St, Atlanta, GA 30301"
205031,Wired Headphones,1,11.99,05/29/19 20:56,"188 Chestnut St, Los Angeles, CA 90001"
205032,Lightning Charging Cable,1,14.95,05/18/19 14:29,"233 Church St, Atlanta, GA 30301"
205033,Apple Airpods Headphones,1,150,05/09/19 11:10,"661 Pine St, New York City, NY 10001"
205034,Wired Headphones,1,11.99,05/17/19 15:41,"261 Johnson St, Los Angeles, CA 90001"
205035,AAA Batteries (4-pack),2,2.99,05/25/19 19:49,"409 14th St, Los Angeles, CA 90001"
205036,Wired Headphones,2,11.99,05/17/19 14:32,"715 Lake St, San Francisco, CA 94016"
205037,AA Batteries (4-pack),1,3.84,05/17/19 23:22,"924 Church St, Atlanta, GA 30301"
205038,USB-C Charging Cable,3,11.95,05/28/19 20:18,"275 4th St, Los Angeles, CA 90001"
205039,USB-C Charging Cable,1,11.95,05/15/19 20:38,"801 2nd St, Austin, TX 73301"
205040,AAA Batteries (4-pack),1,2.99,05/12/19 12:19,"300 Jackson St, San Francisco, CA 94016"
205041,AAA Batteries (4-pack),2,2.99,05/30/19 11:44,"685 Chestnut St, Portland, OR 97035"
205042,Macbook Pro Laptop,1,1700,05/30/19 19:51,"938 Lake St, Austin, TX 73301"
205043,Wired Headphones,1,11.99,05/04/19 11:22,"390 6th St, Austin, TX 73301"
205044,iPhone,1,700,05/30/19 12:32,"752 Spruce St, San Francisco, CA 94016"
205044,Lightning Charging Cable,1,14.95,05/30/19 12:32,"752 Spruce St, San Francisco, CA 94016"
205045,Apple Airpods Headphones,1,150,05/27/19 10:00,"814 West St, Boston, MA 02215"
205046,USB-C Charging Cable,1,11.95,05/23/19 11:48,"760 14th St, New York City, NY 10001"
205047,27in FHD Monitor,1,149.99,05/29/19 13:48,"543 Church St, Los Angeles, CA 90001"
205048,Macbook Pro Laptop,1,1700,05/15/19 22:16,"234 1st St, San Francisco, CA 94016"
205049,Flatscreen TV,1,300,05/09/19 12:02,"792 7th St, Boston, MA 02215"
205050,AAA Batteries (4-pack),1,2.99,05/04/19 00:02,"225 13th St, Los Angeles, CA 90001"
205051,AA Batteries (4-pack),1,3.84,05/19/19 17:32,"420 Elm St, Los Angeles, CA 90001"
205052,USB-C Charging Cable,1,11.95,05/16/19 14:18,"636 Willow St, Dallas, TX 75001"
205053,Apple Airpods Headphones,1,150,05/20/19 08:27,"264 Church St, Los Angeles, CA 90001"
205054,Wired Headphones,1,11.99,05/02/19 12:28,"435 Lake St, Atlanta, GA 30301"
205055,Bose SoundSport Headphones,1,99.99,05/04/19 15:04,"662 Johnson St, Dallas, TX 75001"
205056,USB-C Charging Cable,1,11.95,05/03/19 22:38,"430 6th St, Los Angeles, CA 90001"
205057,Bose SoundSport Headphones,1,99.99,05/20/19 16:12,"548 8th St, Portland, ME 04101"
205058,34in Ultrawide Monitor,1,379.99,05/11/19 10:07,"332 Cedar St, San Francisco, CA 94016"
205059,Lightning Charging Cable,2,14.95,05/20/19 17:39,"973 Madison St, Austin, TX 73301"
205060,27in 4K Gaming Monitor,1,389.99,05/21/19 09:14,"341 9th St, San Francisco, CA 94016"
205061,Apple Airpods Headphones,1,150,05/30/19 22:26,"919 6th St, San Francisco, CA 94016"
205062,27in FHD Monitor,1,149.99,05/28/19 09:27,"172 Forest St, San Francisco, CA 94016"
205063,Apple Airpods Headphones,1,150,05/25/19 16:50,"570 Hickory St, Boston, MA 02215"
205064,AA Batteries (4-pack),1,3.84,05/29/19 19:59,"713 Forest St, Dallas, TX 75001"
205065,USB-C Charging Cable,1,11.95,05/18/19 17:54,"418 13th St, San Francisco, CA 94016"
205066,Wired Headphones,2,11.99,05/17/19 22:47,"605 Park St, New York City, NY 10001"
205067,USB-C Charging Cable,1,11.95,05/30/19 19:48,"770 Pine St, Boston, MA 02215"
205067,AA Batteries (4-pack),1,3.84,05/30/19 19:48,"770 Pine St, Boston, MA 02215"
205068,27in 4K Gaming Monitor,1,389.99,05/14/19 11:25,"425 Forest St, Los Angeles, CA 90001"
205069,AA Batteries (4-pack),1,3.84,05/31/19 21:59,"582 Sunset St, Dallas, TX 75001"
205070,AAA Batteries (4-pack),1,2.99,05/12/19 18:05,"67 West St, Atlanta, GA 30301"
205071,Bose SoundSport Headphones,1,99.99,05/06/19 20:52,"384 5th St, New York City, NY 10001"
205072,27in FHD Monitor,1,149.99,05/03/19 22:18,"619 14th St, San Francisco, CA 94016"
205073,Bose SoundSport Headphones,1,99.99,05/16/19 01:02,"64 Lakeview St, Atlanta, GA 30301"
205074,USB-C Charging Cable,1,11.95,05/08/19 06:10,"831 Jefferson St, New York City, NY 10001"
205075,AA Batteries (4-pack),1,3.84,05/23/19 21:40,"469 5th St, New York City, NY 10001"
205076,Google Phone,1,600,05/03/19 19:53,"570 Jackson St, New York City, NY 10001"
205077,USB-C Charging Cable,2,11.95,05/26/19 11:12,"393 Pine St, San Francisco, CA 94016"
205078,Apple Airpods Headphones,1,150,05/13/19 07:26,"559 Sunset St, Los Angeles, CA 90001"
205079,Google Phone,1,600,05/08/19 13:18,"812 Pine St, Los Angeles, CA 90001"
205080,AAA Batteries (4-pack),1,2.99,05/30/19 15:02,"925 Center St, Austin, TX 73301"
205081,Bose SoundSport Headphones,1,99.99,05/25/19 17:36,"171 Highland St, San Francisco, CA 94016"
205082,Macbook Pro Laptop,1,1700,05/11/19 18:37,"339 Hickory St, San Francisco, CA 94016"
205083,34in Ultrawide Monitor,1,379.99,05/21/19 11:59,"26 Hill St, Atlanta, GA 30301"
205084,AA Batteries (4-pack),1,3.84,05/22/19 13:34,"791 Adams St, Seattle, WA 98101"
205085,AA Batteries (4-pack),1,3.84,05/21/19 12:27,"500 Cedar St, Seattle, WA 98101"
205086,Macbook Pro Laptop,1,1700,05/16/19 16:13,"237 7th St, New York City, NY 10001"
205087,USB-C Charging Cable,1,11.95,05/10/19 20:35,"51 Church St, San Francisco, CA 94016"
205088,AAA Batteries (4-pack),2,2.99,05/05/19 08:58,"371 Cherry St, Los Angeles, CA 90001"
205089,AAA Batteries (4-pack),2,2.99,05/25/19 21:27,"348 Lakeview St, Atlanta, GA 30301"
205090,Lightning Charging Cable,1,14.95,05/12/19 12:22,"786 River St, San Francisco, CA 94016"
205091,Lightning Charging Cable,1,14.95,05/16/19 16:43,"7 11th St, Boston, MA 02215"
205092,AAA Batteries (4-pack),1,2.99,05/12/19 20:10,"413 Lake St, Austin, TX 73301"
205093,Wired Headphones,1,11.99,05/18/19 14:16,"19 Madison St, San Francisco, CA 94016"
205094,Wired Headphones,1,11.99,05/29/19 18:24,"798 Washington St, San Francisco, CA 94016"
205095,Lightning Charging Cable,1,14.95,05/29/19 22:48,"442 5th St, New York City, NY 10001"
205096,USB-C Charging Cable,1,11.95,05/21/19 00:53,"867 Lakeview St, Atlanta, GA 30301"
205097,Wired Headphones,1,11.99,05/21/19 12:45,"423 Meadow St, Boston, MA 02215"
205098,AA Batteries (4-pack),1,3.84,05/25/19 14:18,"395 Cherry St, Austin, TX 73301"
205099,Apple Airpods Headphones,1,150,05/14/19 18:46,"772 Cherry St, Austin, TX 73301"
205100,Wired Headphones,1,11.99,05/28/19 20:13,"428 Cedar St, New York City, NY 10001"
205101,27in FHD Monitor,1,149.99,05/11/19 20:16,"22 Hickory St, San Francisco, CA 94016"
205102,USB-C Charging Cable,1,11.95,05/24/19 10:23,"878 Adams St, San Francisco, CA 94016"
205103,AA Batteries (4-pack),1,3.84,05/04/19 10:33,"550 12th St, Dallas, TX 75001"
205104,Wired Headphones,1,11.99,05/02/19 08:59,"168 Dogwood St, Los Angeles, CA 90001"
205105,AA Batteries (4-pack),1,3.84,05/19/19 18:12,"491 Lake St, Dallas, TX 75001"
205106,USB-C Charging Cable,1,11.95,05/19/19 22:17,"511 Lake St, Seattle, WA 98101"
205107,iPhone,1,700,05/05/19 20:33,"881 Ridge St, San Francisco, CA 94016"
205108,AA Batteries (4-pack),2,3.84,05/21/19 19:58,"186 Chestnut St, New York City, NY 10001"
205109,AA Batteries (4-pack),1,3.84,05/15/19 10:05,"740 Washington St, Portland, OR 97035"
205110,Bose SoundSport Headphones,1,99.99,05/01/19 21:17,"946 Walnut St, New York City, NY 10001"
205111,AA Batteries (4-pack),1,3.84,05/26/19 15:47,"459 11th St, Dallas, TX 75001"
205112,Bose SoundSport Headphones,1,99.99,05/01/19 19:18,"142 10th St, San Francisco, CA 94016"
205113,34in Ultrawide Monitor,1,379.99,05/17/19 21:38,"473 Madison St, New York City, NY 10001"
205114,34in Ultrawide Monitor,1,379.99,05/01/19 08:51,"544 Lincoln St, Dallas, TX 75001"
205115,Lightning Charging Cable,1,14.95,05/17/19 10:08,"816 Church St, New York City, NY 10001"
205116,34in Ultrawide Monitor,1,379.99,05/14/19 12:39,"482 11th St, Los Angeles, CA 90001"
205117,Wired Headphones,1,11.99,05/14/19 11:47,"653 2nd St, Los Angeles, CA 90001"
205118,Bose SoundSport Headphones,1,99.99,05/23/19 22:52,"399 Washington St, New York City, NY 10001"
205119,AAA Batteries (4-pack),1,2.99,05/21/19 12:47,"771 Meadow St, Dallas, TX 75001"
205120,ThinkPad Laptop,1,999.99,05/08/19 12:30,"569 Jefferson St, Boston, MA 02215"
205121,Wired Headphones,1,11.99,05/13/19 14:23,"790 14th St, Boston, MA 02215"
205122,AA Batteries (4-pack),1,3.84,05/14/19 16:27,"533 North St, Dallas, TX 75001"
205123,AAA Batteries (4-pack),1,2.99,05/26/19 21:38,"740 Maple St, Los Angeles, CA 90001"
205124,Apple Airpods Headphones,2,150,05/23/19 15:47,"482 1st St, New York City, NY 10001"
205125,AA Batteries (4-pack),1,3.84,05/19/19 13:19,"82 Lincoln St, San Francisco, CA 94016"
205126,Lightning Charging Cable,1,14.95,05/14/19 23:39,"184 Main St, Dallas, TX 75001"
205127,27in FHD Monitor,1,149.99,05/14/19 11:17,"337 4th St, New York City, NY 10001"
205128,Bose SoundSport Headphones,1,99.99,05/26/19 07:41,"137 Chestnut St, Dallas, TX 75001"
205129,27in FHD Monitor,1,149.99,05/13/19 19:38,"678 Hickory St, New York City, NY 10001"
205130,Lightning Charging Cable,1,14.95,05/08/19 19:24,"863 14th St, Boston, MA 02215"
205131,iPhone,1,700,05/08/19 08:43,"304 River St, New York City, NY 10001"
205132,AAA Batteries (4-pack),1,2.99,05/01/19 17:27,"902 9th St, San Francisco, CA 94016"
205133,Vareebadd Phone,1,400,05/10/19 00:50,"784 7th St, San Francisco, CA 94016"
205134,AA Batteries (4-pack),2,3.84,05/20/19 20:43,"595 7th St, Boston, MA 02215"
205135,USB-C Charging Cable,1,11.95,05/14/19 19:36,"750 Hill St, Dallas, TX 75001"
205136,Lightning Charging Cable,1,14.95,05/19/19 16:18,"358 14th St, Boston, MA 02215"
205137,27in FHD Monitor,1,149.99,05/14/19 12:03,"287 Highland St, New York City, NY 10001"
205138,Bose SoundSport Headphones,1,99.99,05/18/19 20:33,"755 West St, San Francisco, CA 94016"
205139,Wired Headphones,2,11.99,05/29/19 22:09,"241 Adams St, Austin, TX 73301"
205140,Apple Airpods Headphones,1,150,05/01/19 13:50,"231 9th St, Seattle, WA 98101"
205141,AA Batteries (4-pack),1,3.84,05/19/19 16:55,"256 Chestnut St, New York City, NY 10001"
205142,iPhone,1,700,05/18/19 22:53,"7 14th St, New York City, NY 10001"
205142,Lightning Charging Cable,1,14.95,05/18/19 22:53,"7 14th St, New York City, NY 10001"
205143,Google Phone,1,600,05/25/19 14:49,"657 Johnson St, Boston, MA 02215"
205144,Google Phone,1,600,05/17/19 11:46,"965 5th St, San Francisco, CA 94016"
205144,Wired Headphones,1,11.99,05/17/19 11:46,"965 5th St, San Francisco, CA 94016"
205145,AAA Batteries (4-pack),1,2.99,05/01/19 13:27,"183 Sunset St, Dallas, TX 75001"
205146,AA Batteries (4-pack),1,3.84,05/03/19 20:12,"313 Forest St, Austin, TX 73301"
205147,Macbook Pro Laptop,1,1700,05/19/19 12:54,"599 Walnut St, San Francisco, CA 94016"
205148,AAA Batteries (4-pack),2,2.99,05/07/19 21:34,"398 Willow St, New York City, NY 10001"
205149,Wired Headphones,1,11.99,05/31/19 20:45,"388 Jefferson St, New York City, NY 10001"
205150,Wired Headphones,1,11.99,05/20/19 08:48,"577 10th St, Los Angeles, CA 90001"
205151,AA Batteries (4-pack),3,3.84,05/09/19 18:18,"286 Walnut St, Los Angeles, CA 90001"
205152,AA Batteries (4-pack),2,3.84,05/22/19 15:06,"251 Adams St, Seattle, WA 98101"
205153,Lightning Charging Cable,1,14.95,05/08/19 17:46,"667 1st St, Boston, MA 02215"
205154,Apple Airpods Headphones,1,150,05/13/19 12:29,"713 5th St, Atlanta, GA 30301"
205155,USB-C Charging Cable,1,11.95,05/30/19 23:47,"761 Dogwood St, Atlanta, GA 30301"
205156,Lightning Charging Cable,1,14.95,05/11/19 08:31,"229 Madison St, New York City, NY 10001"
205157,Wired Headphones,1,11.99,05/12/19 19:51,"337 Washington St, Los Angeles, CA 90001"
205158,Apple Airpods Headphones,1,150,05/22/19 19:16,"858 Madison St, San Francisco, CA 94016"
205159,20in Monitor,1,109.99,05/22/19 19:27,"773 Hill St, Boston, MA 02215"
205160,AAA Batteries (4-pack),1,2.99,05/11/19 19:08,"759 Elm St, Austin, TX 73301"
205161,Wired Headphones,1,11.99,05/17/19 13:51,"657 Jackson St, Dallas, TX 75001"
205162,AAA Batteries (4-pack),1,2.99,05/04/19 08:52,"473 Lake St, Los Angeles, CA 90001"
205163,AAA Batteries (4-pack),2,2.99,05/05/19 17:28,"230 Sunset St, Portland, OR 97035"
205164,Vareebadd Phone,1,400,05/29/19 12:13,"774 7th St, San Francisco, CA 94016"
205165,AAA Batteries (4-pack),2,2.99,05/30/19 19:22,"929 14th St, Dallas, TX 75001"
205166,Lightning Charging Cable,2,14.95,05/26/19 13:44,"356 Chestnut St, Los Angeles, CA 90001"
205167,Macbook Pro Laptop,1,1700,05/12/19 05:22,"26 Elm St, Atlanta, GA 30301"
205167,Lightning Charging Cable,1,14.95,05/12/19 05:22,"26 Elm St, Atlanta, GA 30301"
205168,Lightning Charging Cable,2,14.95,05/28/19 18:50,"939 Lake St, New York City, NY 10001"
205169,Lightning Charging Cable,1,14.95,05/12/19 20:44,"236 Center St, San Francisco, CA 94016"
205170,AAA Batteries (4-pack),1,2.99,05/31/19 23:22,"609 Pine St, Seattle, WA 98101"
205171,Bose SoundSport Headphones,1,99.99,05/13/19 06:07,"642 Lake St, Los Angeles, CA 90001"
205172,Flatscreen TV,1,300,05/27/19 04:50,"775 Lake St, San Francisco, CA 94016"
205173,Lightning Charging Cable,1,14.95,05/24/19 08:03,"826 11th St, Seattle, WA 98101"
205174,Wired Headphones,1,11.99,05/20/19 16:09,"644 Main St, Seattle, WA 98101"
205175,27in 4K Gaming Monitor,1,389.99,05/01/19 16:40,"444 Spruce St, Seattle, WA 98101"
205176,USB-C Charging Cable,1,11.95,05/10/19 17:17,"190 Johnson St, San Francisco, CA 94016"
205177,ThinkPad Laptop,1,999.99,05/24/19 19:26,"71 Main St, Los Angeles, CA 90001"
205178,Lightning Charging Cable,1,14.95,05/19/19 12:36,"996 South St, Austin, TX 73301"
205179,27in 4K Gaming Monitor,1,389.99,05/15/19 21:48,"892 7th St, Seattle, WA 98101"
205180,USB-C Charging Cable,1,11.95,05/17/19 14:38,"53 Johnson St, Seattle, WA 98101"
205181,Apple Airpods Headphones,1,150,05/18/19 13:38,"797 Cherry St, San Francisco, CA 94016"
205182,AAA Batteries (4-pack),2,2.99,05/16/19 09:22,"344 6th St, Dallas, TX 75001"
205183,27in FHD Monitor,1,149.99,05/28/19 15:50,"131 Meadow St, Dallas, TX 75001"
205184,AA Batteries (4-pack),1,3.84,05/09/19 11:35,"997 1st St, San Francisco, CA 94016"
205185,Lightning Charging Cable,1,14.95,05/01/19 12:00,"398 Lake St, Los Angeles, CA 90001"
205186,34in Ultrawide Monitor,1,379.99,05/27/19 17:07,"504 Spruce St, San Francisco, CA 94016"
205187,AAA Batteries (4-pack),1,2.99,05/31/19 10:28,"748 Madison St, Atlanta, GA 30301"
205188,AA Batteries (4-pack),2,3.84,05/14/19 13:45,"676 Dogwood St, San Francisco, CA 94016"
205189,Lightning Charging Cable,1,14.95,05/12/19 19:32,"479 11th St, Austin, TX 73301"
205190,USB-C Charging Cable,1,11.95,05/30/19 20:45,"416 Park St, Los Angeles, CA 90001"
205191,Lightning Charging Cable,2,14.95,05/19/19 00:42,"569 9th St, Los Angeles, CA 90001"
205192,Apple Airpods Headphones,1,150,05/20/19 16:56,"653 Lincoln St, San Francisco, CA 94016"
205193,Apple Airpods Headphones,1,150,05/26/19 23:30,"586 1st St, San Francisco, CA 94016"
205194,Vareebadd Phone,1,400,05/03/19 21:01,"633 Cedar St, San Francisco, CA 94016"
205194,Wired Headphones,1,11.99,05/03/19 21:01,"633 Cedar St, San Francisco, CA 94016"
205195,AAA Batteries (4-pack),3,2.99,05/05/19 12:14,"599 Chestnut St, New York City, NY 10001"
205196,Lightning Charging Cable,1,14.95,05/15/19 18:01,"180 Main St, San Francisco, CA 94016"
205197,USB-C Charging Cable,1,11.95,05/18/19 09:48,"837 Center St, San Francisco, CA 94016"
205198,Lightning Charging Cable,2,14.95,05/12/19 22:42,"308 Willow St, Boston, MA 02215"
205199,Apple Airpods Headphones,1,150,05/14/19 20:43,"514 Meadow St, Boston, MA 02215"
205200,Lightning Charging Cable,1,14.95,05/18/19 10:42,"385 13th St, Atlanta, GA 30301"
205201,27in 4K Gaming Monitor,1,389.99,05/24/19 11:20,"645 10th St, Dallas, TX 75001"
205202,AA Batteries (4-pack),2,3.84,05/09/19 11:59,"934 4th St, San Francisco, CA 94016"
205203,Wired Headphones,1,11.99,05/15/19 20:56,"937 Meadow St, Los Angeles, CA 90001"
205204,27in 4K Gaming Monitor,1,389.99,05/24/19 10:29,"641 Pine St, Los Angeles, CA 90001"
205205,20in Monitor,1,109.99,05/29/19 06:22,"321 South St, Boston, MA 02215"
205206,Lightning Charging Cable,2,14.95,05/10/19 21:23,"645 Main St, Los Angeles, CA 90001"
205207,Apple Airpods Headphones,1,150,05/20/19 14:09,"254 River St, San Francisco, CA 94016"
205208,USB-C Charging Cable,1,11.95,05/18/19 22:08,"408 Wilson St, Austin, TX 73301"
205209,Lightning Charging Cable,1,14.95,05/03/19 12:12,"8 Park St, New York City, NY 10001"
205210,Macbook Pro Laptop,1,1700,05/05/19 12:12,"318 Center St, Portland, ME 04101"
205211,AA Batteries (4-pack),1,3.84,05/31/19 13:16,"582 Hickory St, Los Angeles, CA 90001"
205212,AA Batteries (4-pack),1,3.84,05/17/19 20:03,"502 Lake St, Boston, MA 02215"
205213,34in Ultrawide Monitor,1,379.99,05/04/19 15:22,"579 Cherry St, Atlanta, GA 30301"
205214,AA Batteries (4-pack),1,3.84,05/12/19 10:00,"450 Jackson St, Portland, OR 97035"
205215,Macbook Pro Laptop,1,1700,05/24/19 22:56,"220 Center St, New York City, NY 10001"
205216,Bose SoundSport Headphones,1,99.99,05/03/19 19:21,"140 Dogwood St, Dallas, TX 75001"
205217,27in FHD Monitor,1,149.99,05/03/19 23:30,"630 Main St, Dallas, TX 75001"
205218,Wired Headphones,1,11.99,05/24/19 10:57,"127 Adams St, New York City, NY 10001"
205219,Wired Headphones,1,11.99,05/01/19 03:53,"403 Washington St, New York City, NY 10001"
205220,AAA Batteries (4-pack),2,2.99,05/12/19 20:09,"550 Dogwood St, Boston, MA 02215"
205221,Lightning Charging Cable,1,14.95,05/13/19 01:47,"565 Park St, San Francisco, CA 94016"
205222,Wired Headphones,1,11.99,05/09/19 06:28,"502 Lake St, New York City, NY 10001"
205223,USB-C Charging Cable,1,11.95,05/27/19 00:58,"82 Adams St, Boston, MA 02215"
205224,Lightning Charging Cable,1,14.95,05/15/19 20:40,"513 Chestnut St, New York City, NY 10001"
205225,Wired Headphones,1,11.99,05/24/19 11:08,"588 7th St, Atlanta, GA 30301"
205226,20in Monitor,1,109.99,05/18/19 14:22,"459 10th St, Los Angeles, CA 90001"
205227,Wired Headphones,1,11.99,05/26/19 14:35,"566 Lakeview St, Dallas, TX 75001"
205228,Apple Airpods Headphones,1,150,05/08/19 12:00,"524 River St, Atlanta, GA 30301"
205229,AAA Batteries (4-pack),1,2.99,05/08/19 23:25,"321 Cedar St, Boston, MA 02215"
205230,20in Monitor,1,109.99,05/16/19 02:23,"384 11th St, Dallas, TX 75001"
205231,Lightning Charging Cable,1,14.95,05/27/19 21:22,"99 2nd St, Austin, TX 73301"
205232,Macbook Pro Laptop,1,1700,05/25/19 17:07,"441 River St, Portland, OR 97035"
205233,AAA Batteries (4-pack),1,2.99,05/30/19 16:57,"627 Lake St, Seattle, WA 98101"
205234,Macbook Pro Laptop,1,1700,05/13/19 09:54,"793 West St, San Francisco, CA 94016"
205235,34in Ultrawide Monitor,1,379.99,05/30/19 17:54,"196 Adams St, New York City, NY 10001"
205236,34in Ultrawide Monitor,1,379.99,05/24/19 20:35,"804 13th St, Los Angeles, CA 90001"
205237,AAA Batteries (4-pack),4,2.99,05/11/19 12:52,"871 Jefferson St, Atlanta, GA 30301"
205238,AAA Batteries (4-pack),1,2.99,05/05/19 23:18,"956 Ridge St, Los Angeles, CA 90001"
205239,AAA Batteries (4-pack),1,2.99,05/21/19 20:48,"373 Center St, New York City, NY 10001"
205240,AAA Batteries (4-pack),1,2.99,05/24/19 09:04,"20 Lincoln St, San Francisco, CA 94016"
205241,Google Phone,1,600,05/12/19 11:47,"717 Walnut St, New York City, NY 10001"
205242,Lightning Charging Cable,1,14.95,05/15/19 22:22,"252 6th St, Atlanta, GA 30301"
205243,AA Batteries (4-pack),2,3.84,05/20/19 00:46,"899 River St, Los Angeles, CA 90001"
205244,Google Phone,1,600,05/15/19 19:17,"486 Lakeview St, San Francisco, CA 94016"
205244,USB-C Charging Cable,1,11.95,05/15/19 19:17,"486 Lakeview St, San Francisco, CA 94016"
205245,Wired Headphones,1,11.99,05/13/19 10:16,"119 Highland St, Los Angeles, CA 90001"
205246,ThinkPad Laptop,1,999.99,05/11/19 13:59,"303 Jackson St, Dallas, TX 75001"
205247,Wired Headphones,1,11.99,05/22/19 18:40,"255 Park St, Los Angeles, CA 90001"
205248,Google Phone,1,600,05/24/19 00:06,"968 8th St, Atlanta, GA 30301"
205249,Flatscreen TV,1,300,05/30/19 10:49,"838 Madison St, Seattle, WA 98101"
205250,27in 4K Gaming Monitor,1,389.99,05/29/19 12:41,"168 Hickory St, Atlanta, GA 30301"
205251,34in Ultrawide Monitor,1,379.99,05/19/19 18:39,"939 Chestnut St, Los Angeles, CA 90001"
205252,Bose SoundSport Headphones,1,99.99,05/25/19 09:47,"451 West St, San Francisco, CA 94016"
205253,Flatscreen TV,1,300,05/22/19 18:41,"846 7th St, San Francisco, CA 94016"
205254,Lightning Charging Cable,1,14.95,05/19/19 21:32,"196 11th St, San Francisco, CA 94016"
205255,Lightning Charging Cable,1,14.95,05/03/19 17:40,"846 Madison St, Seattle, WA 98101"
205256,AAA Batteries (4-pack),5,2.99,05/05/19 11:54,"245 1st St, San Francisco, CA 94016"
205257,Lightning Charging Cable,1,14.95,05/11/19 22:21,"454 Lakeview St, Los Angeles, CA 90001"
205258,USB-C Charging Cable,1,11.95,05/23/19 11:51,"125 1st St, Seattle, WA 98101"
205259,AAA Batteries (4-pack),1,2.99,05/17/19 19:54,"883 9th St, Atlanta, GA 30301"
205260,Apple Airpods Headphones,1,150,05/25/19 13:38,"570 Center St, San Francisco, CA 94016"
205261,Apple Airpods Headphones,1,150,05/07/19 16:37,"272 Hickory St, Los Angeles, CA 90001"
205262,AA Batteries (4-pack),2,3.84,05/26/19 18:06,"668 Cedar St, Los Angeles, CA 90001"
205263,Apple Airpods Headphones,1,150,05/19/19 11:19,"243 Elm St, Los Angeles, CA 90001"
205264,27in 4K Gaming Monitor,1,389.99,05/07/19 12:44,"18 5th St, New York City, NY 10001"
205265,USB-C Charging Cable,1,11.95,05/31/19 17:17,"939 Pine St, San Francisco, CA 94016"
205266,Bose SoundSport Headphones,1,99.99,05/07/19 09:31,"555 River St, Boston, MA 02215"
205267,Macbook Pro Laptop,1,1700,05/04/19 13:22,"965 9th St, Los Angeles, CA 90001"
205268,USB-C Charging Cable,1,11.95,05/06/19 12:40,"311 Walnut St, San Francisco, CA 94016"
205269,Wired Headphones,1,11.99,05/19/19 18:10,"179 Ridge St, Boston, MA 02215"
205270,Lightning Charging Cable,1,14.95,05/30/19 14:38,"13 7th St, San Francisco, CA 94016"
205271,Google Phone,1,600,05/21/19 13:26,"49 5th St, Dallas, TX 75001"
205271,USB-C Charging Cable,1,11.95,05/21/19 13:26,"49 5th St, Dallas, TX 75001"
205271,Wired Headphones,1,11.99,05/21/19 13:26,"49 5th St, Dallas, TX 75001"
205272,Lightning Charging Cable,1,14.95,05/26/19 23:36,"719 Johnson St, Austin, TX 73301"
205273,Apple Airpods Headphones,1,150,05/30/19 07:02,"545 Madison St, Los Angeles, CA 90001"
205274,27in FHD Monitor,1,149.99,05/26/19 09:28,"459 Johnson St, Los Angeles, CA 90001"
205275,AAA Batteries (4-pack),1,2.99,05/16/19 19:37,"475 6th St, Dallas, TX 75001"
205276,Bose SoundSport Headphones,1,99.99,05/14/19 18:42,"439 Sunset St, Atlanta, GA 30301"
205277,Bose SoundSport Headphones,1,99.99,05/10/19 13:33,"275 Cedar St, San Francisco, CA 94016"
205278,34in Ultrawide Monitor,1,379.99,05/08/19 18:08,"667 Hill St, San Francisco, CA 94016"
205279,Macbook Pro Laptop,1,1700,05/09/19 16:13,"967 10th St, Seattle, WA 98101"
205280,Macbook Pro Laptop,1,1700,05/22/19 00:44,"296 Washington St, Dallas, TX 75001"
205281,Lightning Charging Cable,2,14.95,05/23/19 22:12,"264 Walnut St, Dallas, TX 75001"
205282,AAA Batteries (4-pack),2,2.99,05/15/19 06:26,"359 1st St, Seattle, WA 98101"
205283,Bose SoundSport Headphones,1,99.99,05/23/19 20:59,"481 Lake St, Los Angeles, CA 90001"
205284,Flatscreen TV,1,300,05/13/19 15:36,"748 Meadow St, New York City, NY 10001"
205285,Wired Headphones,1,11.99,05/16/19 11:44,"396 Madison St, Los Angeles, CA 90001"
205286,Lightning Charging Cable,1,14.95,05/12/19 17:44,"996 Center St, Los Angeles, CA 90001"
205287,Vareebadd Phone,1,400,05/26/19 21:04,"644 River St, New York City, NY 10001"
205288,AAA Batteries (4-pack),2,2.99,05/21/19 12:01,"843 Spruce St, Seattle, WA 98101"
205289,27in 4K Gaming Monitor,1,389.99,05/05/19 21:46,"298 Main St, Austin, TX 73301"
205290,USB-C Charging Cable,1,11.95,05/12/19 13:20,"241 Dogwood St, Los Angeles, CA 90001"
205291,iPhone,1,700,05/19/19 11:34,"870 10th St, San Francisco, CA 94016"
205292,iPhone,1,700,05/05/19 15:23,"371 Willow St, Seattle, WA 98101"
205293,USB-C Charging Cable,1,11.95,05/22/19 09:02,"483 12th St, San Francisco, CA 94016"
205294,Bose SoundSport Headphones,1,99.99,05/23/19 21:11,"874 Forest St, Los Angeles, CA 90001"
205295,AAA Batteries (4-pack),1,2.99,05/09/19 17:20,"806 Washington St, Dallas, TX 75001"
205296,Apple Airpods Headphones,1,150,05/22/19 20:18,"177 Lincoln St, Atlanta, GA 30301"
205297,20in Monitor,1,109.99,05/20/19 10:15,"785 Church St, San Francisco, CA 94016"
205298,Lightning Charging Cable,1,14.95,05/02/19 00:09,"146 6th St, Los Angeles, CA 90001"
205299,Wired Headphones,1,11.99,05/18/19 10:06,"49 Maple St, Portland, OR 97035"
205300,34in Ultrawide Monitor,1,379.99,05/31/19 09:07,"898 Ridge St, San Francisco, CA 94016"
205301,AA Batteries (4-pack),2,3.84,05/30/19 20:19,"997 Lake St, Boston, MA 02215"
205302,Google Phone,1,600,05/07/19 18:37,"622 Maple St, Boston, MA 02215"
205302,USB-C Charging Cable,1,11.95,05/07/19 18:37,"622 Maple St, Boston, MA 02215"
205302,Bose SoundSport Headphones,1,99.99,05/07/19 18:37,"622 Maple St, Boston, MA 02215"
205303,Apple Airpods Headphones,1,150,05/14/19 13:51,"394 Jackson St, San Francisco, CA 94016"
205304,AA Batteries (4-pack),1,3.84,05/07/19 17:12,"363 11th St, Dallas, TX 75001"
205305,Wired Headphones,1,11.99,05/12/19 12:11,"900 4th St, Austin, TX 73301"
205306,AAA Batteries (4-pack),2,2.99,05/12/19 20:55,"310 Center St, New York City, NY 10001"
205307,AAA Batteries (4-pack),1,2.99,05/13/19 10:54,"56 Lincoln St, San Francisco, CA 94016"
205308,Flatscreen TV,1,300,05/12/19 23:38,"666 Dogwood St, San Francisco, CA 94016"
205309,AAA Batteries (4-pack),1,2.99,05/17/19 15:44,"488 Jefferson St, Seattle, WA 98101"
205310,Wired Headphones,1,11.99,05/28/19 18:06,"430 Adams St, Portland, OR 97035"
205311,Wired Headphones,1,11.99,05/29/19 18:23,"950 7th St, Los Angeles, CA 90001"
205312,Wired Headphones,1,11.99,05/07/19 18:57,"55 Spruce St, Boston, MA 02215"
205313,Macbook Pro Laptop,1,1700,05/28/19 22:32,"142 Park St, Atlanta, GA 30301"
205314,Bose SoundSport Headphones,1,99.99,05/26/19 12:08,"625 Hill St, Atlanta, GA 30301"
205315,AA Batteries (4-pack),1,3.84,05/14/19 21:35,"981 Jackson St, Atlanta, GA 30301"
205316,27in FHD Monitor,1,149.99,05/25/19 10:37,"883 Dogwood St, San Francisco, CA 94016"
205317,AA Batteries (4-pack),1,3.84,05/15/19 22:38,"645 Walnut St, Los Angeles, CA 90001"
205318,AAA Batteries (4-pack),4,2.99,05/06/19 13:10,"73 Adams St, Portland, OR 97035"
205319,ThinkPad Laptop,1,999.99,05/24/19 09:01,"893 Wilson St, San Francisco, CA 94016"
205320,AA Batteries (4-pack),1,3.84,05/30/19 15:22,"884 Jefferson St, Los Angeles, CA 90001"
205321,Apple Airpods Headphones,1,150,05/04/19 14:27,"184 Jefferson St, San Francisco, CA 94016"
205322,Wired Headphones,1,11.99,05/25/19 19:02,"755 10th St, Seattle, WA 98101"
205323,Apple Airpods Headphones,1,150,05/07/19 14:17,"250 Maple St, Boston, MA 02215"
205324,Bose SoundSport Headphones,1,99.99,05/15/19 08:32,"966 Forest St, San Francisco, CA 94016"
205325,AA Batteries (4-pack),4,3.84,05/16/19 22:34,"850 Park St, San Francisco, CA 94016"
205326,27in FHD Monitor,1,149.99,05/18/19 19:13,"212 Pine St, New York City, NY 10001"
205327,Lightning Charging Cable,1,14.95,05/31/19 18:57,"9 River St, Los Angeles, CA 90001"
205328,USB-C Charging Cable,1,11.95,05/11/19 17:16,"511 Hill St, San Francisco, CA 94016"
205329,USB-C Charging Cable,1,11.95,05/24/19 21:26,"320 Cedar St, Boston, MA 02215"
205330,USB-C Charging Cable,1,11.95,05/14/19 21:02,"52 Highland St, New York City, NY 10001"
205331,Wired Headphones,1,11.99,05/28/19 18:52,"100 Jefferson St, San Francisco, CA 94016"
205332,Lightning Charging Cable,1,14.95,05/02/19 11:01,"737 9th St, San Francisco, CA 94016"
205333,27in FHD Monitor,1,149.99,05/12/19 15:21,"462 5th St, Dallas, TX 75001"
205334,Macbook Pro Laptop,1,1700,05/29/19 19:01,"715 Chestnut St, Dallas, TX 75001"
205335,Flatscreen TV,1,300,05/19/19 16:20,"174 Madison St, Atlanta, GA 30301"
205336,Flatscreen TV,1,300,05/21/19 11:46,"566 Meadow St, Los Angeles, CA 90001"
205337,27in FHD Monitor,1,149.99,05/13/19 14:20,"379 7th St, Los Angeles, CA 90001"
205338,Apple Airpods Headphones,1,150,05/03/19 22:35,"200 Main St, New York City, NY 10001"
205339,Apple Airpods Headphones,1,150,05/10/19 13:27,"83 4th St, San Francisco, CA 94016"
205340,Lightning Charging Cable,1,14.95,05/29/19 17:25,"50 River St, San Francisco, CA 94016"
205341,27in 4K Gaming Monitor,1,389.99,05/01/19 12:45,"22 West St, Seattle, WA 98101"
205342,34in Ultrawide Monitor,1,379.99,05/29/19 19:45,"811 7th St, Atlanta, GA 30301"
205343,27in FHD Monitor,1,149.99,05/13/19 10:48,"269 Center St, Austin, TX 73301"
205344,AA Batteries (4-pack),1,3.84,05/09/19 12:29,"201 Sunset St, Austin, TX 73301"
205345,Wired Headphones,1,11.99,05/10/19 22:10,"961 South St, Los Angeles, CA 90001"
205346,Google Phone,1,600,05/23/19 13:44,"828 8th St, New York City, NY 10001"
205347,Google Phone,1,600,05/09/19 15:11,"756 Johnson St, Austin, TX 73301"
205348,27in 4K Gaming Monitor,1,389.99,05/30/19 20:27,"138 North St, San Francisco, CA 94016"
205349,Lightning Charging Cable,1,14.95,05/15/19 16:09,"330 Lincoln St, Seattle, WA 98101"
205350,iPhone,1,700,05/23/19 14:18,"185 Pine St, Los Angeles, CA 90001"
205351,USB-C Charging Cable,1,11.95,05/24/19 23:10,"852 7th St, Seattle, WA 98101"
205352,USB-C Charging Cable,1,11.95,05/31/19 16:35,"976 Hill St, Seattle, WA 98101"
205353,USB-C Charging Cable,2,11.95,05/05/19 06:19,"385 West St, Seattle, WA 98101"
205354,34in Ultrawide Monitor,1,379.99,05/13/19 15:50,"598 River St, Los Angeles, CA 90001"
205355,USB-C Charging Cable,1,11.95,05/21/19 15:53,"215 2nd St, New York City, NY 10001"
205356,ThinkPad Laptop,1,999.99,05/17/19 12:17,"585 Ridge St, Boston, MA 02215"
205357,Lightning Charging Cable,1,14.95,05/09/19 14:41,"139 Johnson St, San Francisco, CA 94016"
205358,Wired Headphones,1,11.99,05/12/19 07:49,"877 North St, Portland, ME 04101"
205359,Apple Airpods Headphones,1,150,05/20/19 21:19,"656 Walnut St, Atlanta, GA 30301"
205360,Apple Airpods Headphones,1,150,05/03/19 15:43,"400 Cherry St, Los Angeles, CA 90001"
205361,Lightning Charging Cable,1,14.95,05/25/19 21:28,"581 6th St, San Francisco, CA 94016"
205362,Lightning Charging Cable,1,14.95,05/08/19 13:32,"407 Willow St, Atlanta, GA 30301"
205363,Lightning Charging Cable,2,14.95,05/04/19 15:05,"258 7th St, Atlanta, GA 30301"
205364,iPhone,1,700,05/28/19 10:32,"60 Willow St, New York City, NY 10001"
205365,iPhone,1,700,05/19/19 17:19,"704 13th St, New York City, NY 10001"
205365,Lightning Charging Cable,1,14.95,05/19/19 17:19,"704 13th St, New York City, NY 10001"
205366,Lightning Charging Cable,1,14.95,05/23/19 13:50,"53 Dogwood St, Boston, MA 02215"
205367,Apple Airpods Headphones,1,150,05/27/19 12:39,"910 9th St, Austin, TX 73301"
205368,AA Batteries (4-pack),1,3.84,05/21/19 09:32,"115 6th St, Boston, MA 02215"
205369,AA Batteries (4-pack),1,3.84,05/10/19 13:50,"334 Chestnut St, Los Angeles, CA 90001"
205370,AAA Batteries (4-pack),1,2.99,05/03/19 07:37,"54 Meadow St, Boston, MA 02215"
205371,34in Ultrawide Monitor,1,379.99,05/07/19 10:21,"802 Washington St, San Francisco, CA 94016"
205372,Wired Headphones,1,11.99,05/26/19 12:24,"823 Hickory St, New York City, NY 10001"
205373,Lightning Charging Cable,1,14.95,05/20/19 17:14,"15 Adams St, New York City, NY 10001"
205374,AAA Batteries (4-pack),2,2.99,05/30/19 10:09,"92 2nd St, Dallas, TX 75001"
205375,Lightning Charging Cable,1,14.95,05/15/19 13:10,"72 10th St, Dallas, TX 75001"
205376,Google Phone,1,600,05/12/19 09:39,"236 12th St, Boston, MA 02215"
205377,Apple Airpods Headphones,1,150,05/23/19 21:19,"217 14th St, Los Angeles, CA 90001"
205378,34in Ultrawide Monitor,1,379.99,05/24/19 10:29,"974 South St, Austin, TX 73301"
205379,20in Monitor,1,109.99,05/07/19 19:10,"945 Hickory St, Dallas, TX 75001"
205380,20in Monitor,1,109.99,05/10/19 10:10,"329 Park St, San Francisco, CA 94016"
205381,LG Dryer,1,600.0,05/02/19 11:52,"763 13th St, New York City, NY 10001"
205382,AA Batteries (4-pack),2,3.84,05/30/19 13:44,"962 Madison St, Boston, MA 02215"
205383,USB-C Charging Cable,1,11.95,05/21/19 19:04,"489 Ridge St, San Francisco, CA 94016"
205384,Lightning Charging Cable,1,14.95,05/20/19 11:41,"268 Highland St, Los Angeles, CA 90001"
205385,20in Monitor,1,109.99,05/12/19 13:52,"21 4th St, Boston, MA 02215"
205386,Macbook Pro Laptop,1,1700,05/09/19 16:00,"410 7th St, Dallas, TX 75001"
205387,AA Batteries (4-pack),1,3.84,05/31/19 14:49,"774 Pine St, Boston, MA 02215"
205388,Google Phone,1,600,05/05/19 20:56,"452 River St, Dallas, TX 75001"
205389,AA Batteries (4-pack),1,3.84,05/17/19 13:54,"42 Wilson St, Austin, TX 73301"
205390,AA Batteries (4-pack),1,3.84,05/19/19 12:56,"62 Park St, Dallas, TX 75001"
205391,Apple Airpods Headphones,1,150,05/08/19 21:13,"395 Ridge St, Seattle, WA 98101"
,,,,,
205392,Lightning Charging Cable,1,14.95,05/14/19 09:41,"893 Cedar St, Boston, MA 02215"
205393,USB-C Charging Cable,1,11.95,05/16/19 07:41,"170 Johnson St, Portland, OR 97035"
205394,AA Batteries (4-pack),1,3.84,05/10/19 11:30,"515 Walnut St, San Francisco, CA 94016"
205395,Apple Airpods Headphones,1,150,05/16/19 14:53,"800 11th St, New York City, NY 10001"
205396,Google Phone,1,600,05/28/19 09:01,"684 Elm St, Austin, TX 73301"
205397,Google Phone,1,600,05/02/19 13:27,"599 11th St, New York City, NY 10001"
205397,Wired Headphones,1,11.99,05/02/19 13:27,"599 11th St, New York City, NY 10001"
205397,AA Batteries (4-pack),3,3.84,05/02/19 13:27,"599 11th St, New York City, NY 10001"
205398,27in 4K Gaming Monitor,1,389.99,05/21/19 14:34,"237 Hickory St, Portland, ME 04101"
205399,Apple Airpods Headphones,1,150,05/02/19 20:39,"229 Lincoln St, Boston, MA 02215"
205400,USB-C Charging Cable,1,11.95,05/30/19 19:52,"210 13th St, Los Angeles, CA 90001"
205401,Macbook Pro Laptop,1,1700,05/18/19 08:14,"276 Lake St, Portland, OR 97035"
205402,Lightning Charging Cable,1,14.95,05/31/19 18:48,"148 Lincoln St, San Francisco, CA 94016"
205403,Bose SoundSport Headphones,1,99.99,05/19/19 11:02,"564 Pine St, Boston, MA 02215"
205404,AAA Batteries (4-pack),1,2.99,05/27/19 05:03,"964 Chestnut St, New York City, NY 10001"
205405,AA Batteries (4-pack),1,3.84,05/14/19 15:24,"106 Johnson St, Los Angeles, CA 90001"
205406,Lightning Charging Cable,1,14.95,05/22/19 16:40,"25 Chestnut St, Los Angeles, CA 90001"
205407,Lightning Charging Cable,1,14.95,05/24/19 18:09,"594 6th St, San Francisco, CA 94016"
205408,iPhone,1,700,05/08/19 15:37,"816 4th St, Los Angeles, CA 90001"
205409,Bose SoundSport Headphones,1,99.99,05/21/19 20:24,"786 Cedar St, Portland, OR 97035"
205410,Google Phone,1,600,05/02/19 04:31,"526 Adams St, San Francisco, CA 94016"
205411,Google Phone,1,600,05/18/19 22:03,"604 Jackson St, Los Angeles, CA 90001"
205412,AA Batteries (4-pack),1,3.84,05/03/19 06:16,"280 13th St, Austin, TX 73301"
205413,LG Washing Machine,1,600.0,05/02/19 21:35,"856 River St, Los Angeles, CA 90001"
205414,Flatscreen TV,1,300,05/09/19 18:44,"657 5th St, San Francisco, CA 94016"
205414,Google Phone,1,600,05/09/19 18:44,"657 5th St, San Francisco, CA 94016"
205415,USB-C Charging Cable,2,11.95,05/29/19 19:55,"288 North St, Los Angeles, CA 90001"
205416,27in FHD Monitor,1,149.99,05/10/19 21:49,"953 Highland St, New York City, NY 10001"
205417,27in 4K Gaming Monitor,1,389.99,05/02/19 19:46,"424 South St, Austin, TX 73301"
205418,Lightning Charging Cable,1,14.95,05/15/19 15:25,"288 Church St, Austin, TX 73301"
205419,Lightning Charging Cable,1,14.95,05/18/19 19:10,"855 Ridge St, San Francisco, CA 94016"
205420,AAA Batteries (4-pack),3,2.99,05/17/19 10:27,"663 1st St, San Francisco, CA 94016"
205421,LG Dryer,1,600.0,05/22/19 12:49,"441 Center St, Portland, ME 04101"
205422,Wired Headphones,1,11.99,05/05/19 00:28,"751 Jackson St, Dallas, TX 75001"
205423,20in Monitor,1,109.99,05/20/19 13:51,"133 West St, Seattle, WA 98101"
205424,Apple Airpods Headphones,1,150,05/28/19 18:02,"685 Chestnut St, Boston, MA 02215"
205425,USB-C Charging Cable,2,11.95,05/30/19 18:51,"220 Forest St, Dallas, TX 75001"
205426,AA Batteries (4-pack),2,3.84,05/12/19 20:25,"842 Forest St, Portland, OR 97035"
205427,AA Batteries (4-pack),1,3.84,05/04/19 09:57,"653 Meadow St, New York City, NY 10001"
205428,AAA Batteries (4-pack),1,2.99,05/09/19 12:40,"564 Cherry St, New York City, NY 10001"
205429,USB-C Charging Cable,1,11.95,05/31/19 13:54,"728 Center St, Boston, MA 02215"
205430,Lightning Charging Cable,1,14.95,05/22/19 08:54,"175 Adams St, San Francisco, CA 94016"
205431,Apple Airpods Headphones,1,150,05/23/19 00:02,"299 Jefferson St, San Francisco, CA 94016"
205432,Lightning Charging Cable,1,14.95,05/30/19 21:31,"444 Park St, Seattle, WA 98101"
205433,Flatscreen TV,1,300,05/13/19 11:53,"352 1st St, Boston, MA 02215"
205434,Bose SoundSport Headphones,1,99.99,05/08/19 07:00,"727 South St, Atlanta, GA 30301"
205435,Google Phone,1,600,05/22/19 01:34,"940 Dogwood St, Portland, OR 97035"
205435,USB-C Charging Cable,1,11.95,05/22/19 01:34,"940 Dogwood St, Portland, OR 97035"
205436,USB-C Charging Cable,1,11.95,05/16/19 21:03,"59 River St, Boston, MA 02215"
205437,Lightning Charging Cable,1,14.95,05/01/19 15:48,"923 6th St, Los Angeles, CA 90001"
205438,AAA Batteries (4-pack),1,2.99,05/15/19 09:31,"966 Cedar St, Boston, MA 02215"
205439,iPhone,1,700,05/24/19 21:23,"491 Lincoln St, Portland, ME 04101"
205440,27in FHD Monitor,1,149.99,05/04/19 15:16,"875 Jefferson St, Boston, MA 02215"
205441,Apple Airpods Headphones,1,150,05/07/19 22:01,"835 Willow St, Boston, MA 02215"
205442,AAA Batteries (4-pack),1,2.99,05/14/19 10:09,"97 Pine St, Dallas, TX 75001"
205443,Google Phone,1,600,05/30/19 13:30,"644 Spruce St, Austin, TX 73301"
205444,iPhone,1,700,05/17/19 01:05,"431 11th St, Austin, TX 73301"
205445,Lightning Charging Cable,1,14.95,05/07/19 10:00,"437 7th St, San Francisco, CA 94016"
205446,AA Batteries (4-pack),1,3.84,05/11/19 12:49,"508 Cherry St, Seattle, WA 98101"
205447,iPhone,1,700,05/18/19 14:43,"788 Washington St, New York City, NY 10001"
205448,AAA Batteries (4-pack),1,2.99,05/19/19 19:28,"442 Washington St, New York City, NY 10001"
205449,Wired Headphones,1,11.99,05/23/19 17:01,"442 Center St, Los Angeles, CA 90001"
205450,ThinkPad Laptop,1,999.99,05/05/19 19:48,"580 Wilson St, New York City, NY 10001"
205451,Lightning Charging Cable,1,14.95,05/22/19 14:45,"420 Elm St, Portland, OR 97035"
205452,Flatscreen TV,1,300,05/17/19 13:41,"871 Spruce St, Portland, OR 97035"
205453,Bose SoundSport Headphones,1,99.99,05/13/19 19:13,"335 Johnson St, Boston, MA 02215"
205454,Wired Headphones,1,11.99,05/15/19 13:13,"811 River St, Los Angeles, CA 90001"
205455,LG Washing Machine,1,600.0,05/31/19 19:42,"383 Meadow St, Dallas, TX 75001"
205456,Flatscreen TV,1,300,05/06/19 22:23,"46 10th St, San Francisco, CA 94016"
205457,AA Batteries (4-pack),1,3.84,05/09/19 17:35,"305 Washington St, San Francisco, CA 94016"
205458,ThinkPad Laptop,1,999.99,05/23/19 14:15,"742 4th St, San Francisco, CA 94016"
205459,Apple Airpods Headphones,1,150,05/06/19 16:14,"35 7th St, Portland, ME 04101"
205460,Apple Airpods Headphones,1,150,05/22/19 11:54,"976 9th St, Portland, OR 97035"
205461,Lightning Charging Cable,1,14.95,05/07/19 21:17,"144 Cherry St, San Francisco, CA 94016"
205462,AA Batteries (4-pack),1,3.84,05/26/19 22:27,"702 Highland St, New York City, NY 10001"
205463,AAA Batteries (4-pack),1,2.99,05/08/19 21:17,"320 Lake St, Dallas, TX 75001"
205464,Google Phone,1,600,05/19/19 22:47,"871 12th St, New York City, NY 10001"
205465,USB-C Charging Cable,1,11.95,05/10/19 11:35,"315 Washington St, Los Angeles, CA 90001"
205466,Bose SoundSport Headphones,1,99.99,05/11/19 19:54,"238 Hickory St, Dallas, TX 75001"
205467,AAA Batteries (4-pack),2,2.99,05/24/19 12:33,"705 Cedar St, Atlanta, GA 30301"
205468,Bose SoundSport Headphones,1,99.99,05/10/19 15:29,"252 Jefferson St, San Francisco, CA 94016"
205469,Lightning Charging Cable,1,14.95,05/28/19 03:40,"458 Main St, New York City, NY 10001"
205470,AAA Batteries (4-pack),4,2.99,05/20/19 09:25,"447 12th St, Dallas, TX 75001"
205471,Bose SoundSport Headphones,1,99.99,05/10/19 10:45,"667 Park St, San Francisco, CA 94016"
205472,Bose SoundSport Headphones,1,99.99,05/13/19 21:16,"542 River St, San Francisco, CA 94016"
205473,27in FHD Monitor,1,149.99,05/30/19 08:59,"317 Church St, Los Angeles, CA 90001"
205474,Bose SoundSport Headphones,1,99.99,05/30/19 21:32,"456 North St, Austin, TX 73301"
205475,Bose SoundSport Headphones,1,99.99,05/18/19 21:16,"427 Lincoln St, Los Angeles, CA 90001"
205476,USB-C Charging Cable,1,11.95,05/04/19 21:09,"781 Main St, Dallas, TX 75001"
205477,Bose SoundSport Headphones,1,99.99,05/12/19 10:18,"195 River St, Boston, MA 02215"
205478,Vareebadd Phone,1,400,05/24/19 13:42,"469 11th St, Los Angeles, CA 90001"
205479,Lightning Charging Cable,2,14.95,05/05/19 10:51,"640 Adams St, Los Angeles, CA 90001"
205480,AAA Batteries (4-pack),1,2.99,05/26/19 23:05,"774 1st St, Portland, OR 97035"
205481,Apple Airpods Headphones,1,150,05/25/19 13:08,"388 Washington St, San Francisco, CA 94016"
205482,34in Ultrawide Monitor,1,379.99,05/06/19 22:50,"500 10th St, San Francisco, CA 94016"
205483,Bose SoundSport Headphones,1,99.99,05/23/19 11:48,"963 1st St, Portland, OR 97035"
205484,27in FHD Monitor,1,149.99,05/11/19 12:09,"967 Cedar St, New York City, NY 10001"
205485,Lightning Charging Cable,1,14.95,05/12/19 12:01,"346 2nd St, Seattle, WA 98101"
205486,AA Batteries (4-pack),1,3.84,05/25/19 12:01,"488 4th St, New York City, NY 10001"
205487,AAA Batteries (4-pack),1,2.99,05/26/19 16:01,"794 Spruce St, Seattle, WA 98101"
205488,AA Batteries (4-pack),2,3.84,05/19/19 12:07,"892 1st St, Dallas, TX 75001"
205489,iPhone,1,700,05/25/19 12:49,"199 Lincoln St, Los Angeles, CA 90001"
205490,34in Ultrawide Monitor,1,379.99,05/24/19 14:40,"967 South St, New York City, NY 10001"
205491,Apple Airpods Headphones,1,150,05/15/19 13:23,"791 14th St, Los Angeles, CA 90001"
205491,Flatscreen TV,1,300,05/15/19 13:23,"791 14th St, Los Angeles, CA 90001"
205492,AAA Batteries (4-pack),1,2.99,05/26/19 07:47,"189 Ridge St, New York City, NY 10001"
205493,USB-C Charging Cable,1,11.95,05/08/19 20:06,"647 5th St, Portland, OR 97035"
205494,AA Batteries (4-pack),2,3.84,05/20/19 15:10,"355 13th St, San Francisco, CA 94016"
205495,AA Batteries (4-pack),1,3.84,05/04/19 10:48,"514 Maple St, Los Angeles, CA 90001"
205496,USB-C Charging Cable,1,11.95,05/16/19 21:21,"489 1st St, San Francisco, CA 94016"
205497,USB-C Charging Cable,1,11.95,05/17/19 10:15,"870 Elm St, Austin, TX 73301"
205498,USB-C Charging Cable,1,11.95,05/04/19 11:29,"916 7th St, Boston, MA 02215"
205499,Flatscreen TV,1,300,05/05/19 11:40,"609 Elm St, Los Angeles, CA 90001"
205500,AAA Batteries (4-pack),2,2.99,05/03/19 15:23,"916 Johnson St, Portland, OR 97035"
205501,AAA Batteries (4-pack),2,2.99,05/11/19 09:54,"928 Madison St, New York City, NY 10001"
205502,AAA Batteries (4-pack),3,2.99,05/20/19 22:33,"3 13th St, San Francisco, CA 94016"
205503,iPhone,1,700,05/25/19 16:15,"990 West St, Los Angeles, CA 90001"
205503,Apple Airpods Headphones,1,150,05/25/19 16:15,"990 West St, Los Angeles, CA 90001"
205504,AA Batteries (4-pack),1,3.84,05/30/19 17:50,"722 Center St, Atlanta, GA 30301"
205505,ThinkPad Laptop,1,999.99,05/02/19 20:34,"202 14th St, New York City, NY 10001"
205506,iPhone,1,700,05/16/19 09:20,"680 13th St, San Francisco, CA 94016"
205507,27in FHD Monitor,1,149.99,05/12/19 04:44,"198 Willow St, Boston, MA 02215"
205508,AAA Batteries (4-pack),1,2.99,05/29/19 16:48,"156 River St, Portland, OR 97035"
205509,AA Batteries (4-pack),1,3.84,05/06/19 22:44,"595 Willow St, San Francisco, CA 94016"
205510,USB-C Charging Cable,1,11.95,05/05/19 19:13,"151 12th St, Atlanta, GA 30301"
205511,Macbook Pro Laptop,1,1700,05/04/19 10:37,"100 Lincoln St, Los Angeles, CA 90001"
205512,AA Batteries (4-pack),1,3.84,05/07/19 08:53,"862 Walnut St, Los Angeles, CA 90001"
205513,AAA Batteries (4-pack),1,2.99,05/31/19 09:33,"340 5th St, Seattle, WA 98101"
205514,USB-C Charging Cable,1,11.95,05/12/19 12:05,"499 5th St, San Francisco, CA 94016"
205515,AAA Batteries (4-pack),2,2.99,05/05/19 11:40,"307 13th St, San Francisco, CA 94016"
205516,USB-C Charging Cable,1,11.95,05/05/19 07:44,"384 10th St, New York City, NY 10001"
205517,AA Batteries (4-pack),1,3.84,05/16/19 20:08,"231 Elm St, Dallas, TX 75001"
205518,27in FHD Monitor,1,149.99,05/20/19 21:56,"809 Willow St, San Francisco, CA 94016"
205519,AA Batteries (4-pack),1,3.84,05/27/19 09:59,"941 Lake St, New York City, NY 10001"
205520,20in Monitor,1,109.99,05/05/19 18:38,"417 1st St, Boston, MA 02215"
205521,AA Batteries (4-pack),1,3.84,05/09/19 15:46,"312 Pine St, San Francisco, CA 94016"
205522,Google Phone,1,600,05/27/19 02:29,"128 8th St, Dallas, TX 75001"
205523,AAA Batteries (4-pack),2,2.99,05/22/19 20:05,"964 River St, Boston, MA 02215"
205524,Lightning Charging Cable,1,14.95,05/08/19 15:38,"226 North St, San Francisco, CA 94016"
205525,AA Batteries (4-pack),1,3.84,05/22/19 12:36,"963 7th St, New York City, NY 10001"
205526,27in FHD Monitor,1,149.99,05/26/19 18:57,"676 Walnut St, Seattle, WA 98101"
205527,34in Ultrawide Monitor,1,379.99,05/26/19 11:09,"104 Adams St, Seattle, WA 98101"
205528,USB-C Charging Cable,1,11.95,05/24/19 13:15,"178 Highland St, Los Angeles, CA 90001"
205529,Vareebadd Phone,1,400,05/20/19 09:00,"822 Wilson St, San Francisco, CA 94016"
205529,USB-C Charging Cable,1,11.95,05/20/19 09:00,"822 Wilson St, San Francisco, CA 94016"
205529,Wired Headphones,1,11.99,05/20/19 09:00,"822 Wilson St, San Francisco, CA 94016"
205530,Macbook Pro Laptop,1,1700,05/03/19 17:58,"853 1st St, San Francisco, CA 94016"
205531,Bose SoundSport Headphones,1,99.99,05/11/19 02:13,"668 Hill St, San Francisco, CA 94016"
205532,34in Ultrawide Monitor,1,379.99,05/21/19 13:09,"623 12th St, Austin, TX 73301"
205532,Lightning Charging Cable,1,14.95,05/21/19 13:09,"623 12th St, Austin, TX 73301"
205533,ThinkPad Laptop,1,999.99,05/11/19 10:27,"842 Lakeview St, Los Angeles, CA 90001"
205534,Bose SoundSport Headphones,1,99.99,05/08/19 16:24,"995 River St, Boston, MA 02215"
205535,Lightning Charging Cable,1,14.95,05/02/19 13:31,"810 Dogwood St, San Francisco, CA 94016"
205536,Bose SoundSport Headphones,1,99.99,05/29/19 17:44,"441 14th St, New York City, NY 10001"
205537,Wired Headphones,2,11.99,05/08/19 14:39,"778 Park St, San Francisco, CA 94016"
205538,AAA Batteries (4-pack),1,2.99,05/15/19 18:20,"489 South St, New York City, NY 10001"
205539,AAA Batteries (4-pack),2,2.99,05/28/19 10:36,"499 Johnson St, San Francisco, CA 94016"
205540,AAA Batteries (4-pack),1,2.99,05/05/19 18:25,"866 Maple St, Los Angeles, CA 90001"
205541,20in Monitor,1,109.99,05/10/19 20:58,"490 Spruce St, Dallas, TX 75001"
205542,USB-C Charging Cable,1,11.95,05/20/19 23:16,"630 Cherry St, Boston, MA 02215"
205543,AA Batteries (4-pack),1,3.84,05/01/19 22:45,"292 Chestnut St, San Francisco, CA 94016"
205544,20in Monitor,1,109.99,05/19/19 00:30,"219 Johnson St, Boston, MA 02215"
205545,Apple Airpods Headphones,1,150,05/16/19 17:29,"71 Chestnut St, Los Angeles, CA 90001"
205546,34in Ultrawide Monitor,1,379.99,05/10/19 10:00,"283 Church St, New York City, NY 10001"
205547,20in Monitor,1,109.99,05/07/19 12:07,"760 Washington St, Atlanta, GA 30301"
205548,AAA Batteries (4-pack),3,2.99,05/05/19 20:51,"710 7th St, San Francisco, CA 94016"
205549,AAA Batteries (4-pack),1,2.99,05/27/19 19:13,"74 South St, Portland, OR 97035"
205550,AAA Batteries (4-pack),2,2.99,05/28/19 19:05,"258 5th St, Atlanta, GA 30301"
205551,Lightning Charging Cable,1,14.95,05/14/19 22:01,"80 North St, New York City, NY 10001"
205552,AAA Batteries (4-pack),4,2.99,05/11/19 11:07,"1 Church St, San Francisco, CA 94016"
205553,Apple Airpods Headphones,1,150,05/04/19 12:34,"815 13th St, San Francisco, CA 94016"
205554,Apple Airpods Headphones,1,150,05/19/19 18:06,"278 Lake St, Boston, MA 02215"
205555,AA Batteries (4-pack),1,3.84,05/11/19 13:14,"535 Adams St, New York City, NY 10001"
205556,Macbook Pro Laptop,1,1700,05/17/19 22:18,"799 Johnson St, Los Angeles, CA 90001"
205557,Bose SoundSport Headphones,1,99.99,05/24/19 19:23,"902 North St, Seattle, WA 98101"
205558,Lightning Charging Cable,1,14.95,05/05/19 01:16,"788 4th St, San Francisco, CA 94016"
205559,27in FHD Monitor,1,149.99,05/11/19 11:08,"433 12th St, Portland, OR 97035"
205560,USB-C Charging Cable,1,11.95,05/29/19 13:20,"764 Jackson St, Dallas, TX 75001"
205561,AAA Batteries (4-pack),1,2.99,05/29/19 00:10,"817 Madison St, Dallas, TX 75001"
205562,Google Phone,1,600,05/20/19 08:46,"730 Highland St, San Francisco, CA 94016"
205563,34in Ultrawide Monitor,1,379.99,05/29/19 10:59,"758 1st St, Los Angeles, CA 90001"
205564,Apple Airpods Headphones,1,150,05/21/19 17:23,"456 Meadow St, Portland, OR 97035"
205565,AAA Batteries (4-pack),3,2.99,05/24/19 12:53,"994 5th St, Austin, TX 73301"
205566,AA Batteries (4-pack),1,3.84,05/23/19 21:37,"279 Chestnut St, Boston, MA 02215"
205567,27in FHD Monitor,1,149.99,05/12/19 14:01,"434 9th St, Seattle, WA 98101"
205568,AAA Batteries (4-pack),1,2.99,05/30/19 12:03,"46 Cherry St, Austin, TX 73301"
205569,AA Batteries (4-pack),1,3.84,05/07/19 02:24,"945 Wilson St, San Francisco, CA 94016"
205570,Wired Headphones,1,11.99,05/14/19 20:43,"149 7th St, New York City, NY 10001"
205571,AA Batteries (4-pack),1,3.84,05/11/19 12:04,"102 14th St, Los Angeles, CA 90001"
205572,Macbook Pro Laptop,1,1700,05/03/19 15:04,"979 Maple St, Austin, TX 73301"
205573,USB-C Charging Cable,3,11.95,05/25/19 19:08,"541 Forest St, New York City, NY 10001"
205574,Apple Airpods Headphones,1,150,05/15/19 22:57,"223 Lincoln St, San Francisco, CA 94016"
205575,Flatscreen TV,1,300,05/13/19 11:48,"610 Meadow St, Austin, TX 73301"
205576,Vareebadd Phone,1,400,05/26/19 07:49,"194 Walnut St, Atlanta, GA 30301"
205577,AA Batteries (4-pack),1,3.84,05/31/19 07:33,"440 2nd St, Boston, MA 02215"
205578,ThinkPad Laptop,1,999.99,05/06/19 13:18,"162 Adams St, Boston, MA 02215"
205579,AA Batteries (4-pack),1,3.84,05/16/19 06:17,"778 Walnut St, New York City, NY 10001"
205580,Apple Airpods Headphones,1,150,05/07/19 09:49,"866 2nd St, Boston, MA 02215"
205581,Bose SoundSport Headphones,1,99.99,05/30/19 20:16,"745 Ridge St, Los Angeles, CA 90001"
205582,Wired Headphones,1,11.99,05/29/19 09:35,"48 Park St, Los Angeles, CA 90001"
205582,iPhone,1,700,05/29/19 09:35,"48 Park St, Los Angeles, CA 90001"
205583,AAA Batteries (4-pack),1,2.99,05/21/19 05:14,"961 Park St, Los Angeles, CA 90001"
205584,Bose SoundSport Headphones,1,99.99,05/05/19 14:34,"642 Spruce St, Atlanta, GA 30301"
205585,ThinkPad Laptop,1,999.99,05/12/19 11:38,"325 Cedar St, Los Angeles, CA 90001"
205586,34in Ultrawide Monitor,1,379.99,05/18/19 22:30,"47 6th St, Boston, MA 02215"
205587,Flatscreen TV,1,300,05/26/19 17:39,"138 Madison St, Los Angeles, CA 90001"
205588,Apple Airpods Headphones,1,150,05/15/19 15:24,"604 North St, Seattle, WA 98101"
205589,Google Phone,1,600,05/28/19 08:45,"770 Washington St, Los Angeles, CA 90001"
205589,USB-C Charging Cable,1,11.95,05/28/19 08:45,"770 Washington St, Los Angeles, CA 90001"
205590,Apple Airpods Headphones,1,150,05/14/19 19:21,"704 8th St, New York City, NY 10001"
205591,Lightning Charging Cable,1,14.95,05/30/19 11:04,"29 Forest St, Atlanta, GA 30301"
205592,27in FHD Monitor,1,149.99,05/02/19 13:44,"172 Jackson St, San Francisco, CA 94016"
205593,iPhone,1,700,05/10/19 10:20,"892 14th St, Dallas, TX 75001"
205594,AA Batteries (4-pack),1,3.84,05/14/19 17:20,"819 Meadow St, Los Angeles, CA 90001"
205595,AA Batteries (4-pack),1,3.84,05/12/19 21:29,"529 Sunset St, San Francisco, CA 94016"
205596,Wired Headphones,2,11.99,05/21/19 14:05,"514 Elm St, Dallas, TX 75001"
205597,AAA Batteries (4-pack),1,2.99,05/09/19 21:34,"451 9th St, San Francisco, CA 94016"
205598,AA Batteries (4-pack),1,3.84,05/17/19 18:21,"326 Walnut St, Seattle, WA 98101"
205599,USB-C Charging Cable,1,11.95,05/05/19 15:47,"469 Cherry St, San Francisco, CA 94016"
205600,AA Batteries (4-pack),1,3.84,05/22/19 12:05,"416 Highland St, Boston, MA 02215"
205601,27in FHD Monitor,1,149.99,05/21/19 11:33,"538 Pine St, San Francisco, CA 94016"
205602,iPhone,1,700,05/13/19 11:55,"742 West St, Boston, MA 02215"
205603,AA Batteries (4-pack),1,3.84,05/08/19 15:41,"335 Adams St, San Francisco, CA 94016"
205604,Wired Headphones,1,11.99,05/12/19 09:20,"806 Lincoln St, Austin, TX 73301"
205605,27in FHD Monitor,1,149.99,05/31/19 14:11,"703 7th St, Boston, MA 02215"
205606,20in Monitor,1,109.99,05/16/19 18:08,"889 Adams St, Boston, MA 02215"
205607,AA Batteries (4-pack),2,3.84,05/25/19 21:52,"660 Forest St, San Francisco, CA 94016"
205607,AA Batteries (4-pack),1,3.84,05/25/19 21:52,"660 Forest St, San Francisco, CA 94016"
205608,AAA Batteries (4-pack),2,2.99,05/13/19 11:46,"907 11th St, Los Angeles, CA 90001"
205609,Bose SoundSport Headphones,1,99.99,05/15/19 14:55,"615 Willow St, San Francisco, CA 94016"
205610,USB-C Charging Cable,1,11.95,05/14/19 09:06,"626 6th St, Boston, MA 02215"
205611,Bose SoundSport Headphones,1,99.99,05/01/19 23:03,"708 Johnson St, Boston, MA 02215"
205612,AA Batteries (4-pack),1,3.84,05/20/19 14:05,"24 Walnut St, San Francisco, CA 94016"
205613,Lightning Charging Cable,1,14.95,05/24/19 20:58,"351 Walnut St, Boston, MA 02215"
205614,LG Washing Machine,1,600.0,05/04/19 00:53,"748 North St, San Francisco, CA 94016"
205615,AA Batteries (4-pack),1,3.84,05/19/19 16:22,"494 7th St, Seattle, WA 98101"
205616,AA Batteries (4-pack),3,3.84,05/13/19 11:38,"16 Madison St, San Francisco, CA 94016"
205617,iPhone,1,700,05/30/19 15:35,"154 Hill St, Boston, MA 02215"
205618,Bose SoundSport Headphones,1,99.99,05/16/19 18:47,"907 Center St, San Francisco, CA 94016"
205619,34in Ultrawide Monitor,1,379.99,06/01/19 03:22,"627 Cherry St, New York City, NY 10001"
205620,Lightning Charging Cable,1,14.95,05/01/19 20:55,"670 Madison St, Los Angeles, CA 90001"
205621,Bose SoundSport Headphones,1,99.99,05/26/19 17:52,"849 Center St, Atlanta, GA 30301"
205622,Apple Airpods Headphones,1,150,05/16/19 14:52,"446 Adams St, Boston, MA 02215"
205623,AA Batteries (4-pack),1,3.84,05/01/19 14:41,"402 Forest St, New York City, NY 10001"
205624,LG Washing Machine,1,600.0,05/03/19 21:07,"580 Wilson St, San Francisco, CA 94016"
205625,AA Batteries (4-pack),2,3.84,05/02/19 15:01,"854 Park St, Seattle, WA 98101"
205626,Apple Airpods Headphones,1,150,05/02/19 13:57,"83 Lakeview St, Boston, MA 02215"
205627,Bose SoundSport Headphones,1,99.99,05/10/19 14:28,"403 Forest St, Dallas, TX 75001"
205628,Wired Headphones,1,11.99,05/12/19 10:59,"57 8th St, Boston, MA 02215"
205629,AAA Batteries (4-pack),1,2.99,05/21/19 20:00,"710 South St, Portland, OR 97035"
205630,ThinkPad Laptop,1,999.99,05/14/19 22:54,"332 North St, Atlanta, GA 30301"
205631,34in Ultrawide Monitor,1,379.99,05/01/19 12:04,"267 Center St, Dallas, TX 75001"
205632,USB-C Charging Cable,1,11.95,05/28/19 21:28,"914 Park St, New York City, NY 10001"
205633,Google Phone,1,600,05/09/19 17:32,"890 Meadow St, Atlanta, GA 30301"
205634,ThinkPad Laptop,1,999.99,05/22/19 04:37,"874 Main St, San Francisco, CA 94016"
205635,ThinkPad Laptop,1,999.99,05/22/19 17:28,"522 Sunset St, Boston, MA 02215"
205636,Apple Airpods Headphones,1,150,05/14/19 23:48,"522 Jackson St, Los Angeles, CA 90001"
205637,AA Batteries (4-pack),1,3.84,05/29/19 10:55,"211 Ridge St, Seattle, WA 98101"
205638,Lightning Charging Cable,1,14.95,05/17/19 01:10,"68 Chestnut St, New York City, NY 10001"
205639,Lightning Charging Cable,1,14.95,05/18/19 13:43,"893 Ridge St, Atlanta, GA 30301"
205640,AA Batteries (4-pack),1,3.84,05/05/19 14:36,"373 Cedar St, Dallas, TX 75001"
205641,Macbook Pro Laptop,1,1700,05/05/19 22:04,"361 Dogwood St, Boston, MA 02215"
205642,Bose SoundSport Headphones,1,99.99,05/11/19 08:37,"889 14th St, Los Angeles, CA 90001"
205643,USB-C Charging Cable,1,11.95,05/19/19 20:32,"278 5th St, San Francisco, CA 94016"
205644,Macbook Pro Laptop,1,1700,05/01/19 15:48,"993 Cedar St, San Francisco, CA 94016"
205645,Bose SoundSport Headphones,1,99.99,05/16/19 14:56,"677 10th St, New York City, NY 10001"
205646,USB-C Charging Cable,1,11.95,05/16/19 17:15,"58 Maple St, Dallas, TX 75001"
205647,Wired Headphones,1,11.99,05/22/19 00:23,"575 Johnson St, New York City, NY 10001"
205648,Apple Airpods Headphones,1,150,05/06/19 20:16,"335 Lake St, Atlanta, GA 30301"
205649,Vareebadd Phone,1,400,05/13/19 18:51,"189 Lincoln St, Boston, MA 02215"
205650,Wired Headphones,1,11.99,05/12/19 13:09,"871 Madison St, San Francisco, CA 94016"
205651,USB-C Charging Cable,1,11.95,05/05/19 12:58,"846 Park St, San Francisco, CA 94016"
205652,Apple Airpods Headphones,1,150,05/16/19 11:48,"950 4th St, New York City, NY 10001"
205653,USB-C Charging Cable,1,11.95,05/03/19 10:06,"405 9th St, San Francisco, CA 94016"
205654,Lightning Charging Cable,1,14.95,05/06/19 20:50,"452 River St, San Francisco, CA 94016"
205655,27in 4K Gaming Monitor,1,389.99,05/19/19 09:34,"504 Ridge St, Dallas, TX 75001"
205656,AAA Batteries (4-pack),1,2.99,05/24/19 17:54,"86 1st St, Portland, OR 97035"
205657,34in Ultrawide Monitor,1,379.99,05/20/19 19:42,"306 Sunset St, San Francisco, CA 94016"
205658,Bose SoundSport Headphones,1,99.99,05/25/19 20:29,"683 Jackson St, San Francisco, CA 94016"
205659,Lightning Charging Cable,1,14.95,05/18/19 14:41,"466 14th St, San Francisco, CA 94016"
205660,34in Ultrawide Monitor,1,379.99,05/23/19 11:27,"574 Ridge St, Austin, TX 73301"
205661,27in FHD Monitor,1,149.99,05/09/19 09:05,"814 Chestnut St, Los Angeles, CA 90001"
205662,34in Ultrawide Monitor,1,379.99,05/22/19 19:12,"647 Main St, Los Angeles, CA 90001"
205663,Macbook Pro Laptop,1,1700,05/27/19 18:02,"801 West St, San Francisco, CA 94016"
205664,Bose SoundSport Headphones,1,99.99,05/02/19 20:11,"217 2nd St, New York City, NY 10001"
205665,27in 4K Gaming Monitor,1,389.99,05/13/19 09:58,"976 Center St, Los Angeles, CA 90001"
205666,Bose SoundSport Headphones,1,99.99,05/12/19 11:17,"488 Willow St, San Francisco, CA 94016"
205667,27in 4K Gaming Monitor,1,389.99,05/26/19 20:11,"164 Lake St, Los Angeles, CA 90001"
205667,USB-C Charging Cable,1,11.95,05/26/19 20:11,"164 Lake St, Los Angeles, CA 90001"
205668,USB-C Charging Cable,1,11.95,05/08/19 21:27,"763 10th St, Portland, ME 04101"
205669,AA Batteries (4-pack),1,3.84,05/16/19 08:28,"946 5th St, San Francisco, CA 94016"
205670,AA Batteries (4-pack),1,3.84,05/07/19 10:30,"518 Ridge St, Seattle, WA 98101"
205671,Lightning Charging Cable,1,14.95,05/24/19 23:14,"981 2nd St, Atlanta, GA 30301"
205672,27in 4K Gaming Monitor,1,389.99,05/12/19 01:20,"923 Wilson St, Dallas, TX 75001"
205673,AA Batteries (4-pack),2,3.84,05/18/19 10:57,"42 North St, New York City, NY 10001"
205674,Lightning Charging Cable,1,14.95,05/02/19 17:09,"598 Church St, Los Angeles, CA 90001"
205675,Lightning Charging Cable,1,14.95,05/05/19 13:20,"279 Chestnut St, Dallas, TX 75001"
205676,Flatscreen TV,1,300,05/22/19 16:32,"239 12th St, Los Angeles, CA 90001"
205677,LG Dryer,1,600.0,05/18/19 19:21,"800 Jefferson St, Atlanta, GA 30301"
205678,AA Batteries (4-pack),3,3.84,05/03/19 22:02,"593 14th St, Atlanta, GA 30301"
205678,iPhone,1,700,05/03/19 22:02,"593 14th St, Atlanta, GA 30301"
205679,AA Batteries (4-pack),1,3.84,05/21/19 13:18,"576 Ridge St, San Francisco, CA 94016"
205680,Bose SoundSport Headphones,1,99.99,05/27/19 10:40,"869 Jefferson St, Los Angeles, CA 90001"
205681,Google Phone,1,600,05/24/19 07:10,"948 Hill St, Austin, TX 73301"
205682,Flatscreen TV,1,300,05/28/19 20:08,"806 5th St, Atlanta, GA 30301"
205683,AA Batteries (4-pack),1,3.84,05/22/19 21:58,"937 Hickory St, San Francisco, CA 94016"
205684,Google Phone,1,600,05/05/19 18:13,"399 River St, San Francisco, CA 94016"
205685,Vareebadd Phone,1,400,05/26/19 00:14,"932 6th St, Los Angeles, CA 90001"
205686,27in 4K Gaming Monitor,1,389.99,05/12/19 14:43,"488 Maple St, San Francisco, CA 94016"
205687,Bose SoundSport Headphones,1,99.99,05/23/19 12:34,"607 Adams St, Dallas, TX 75001"
205688,Macbook Pro Laptop,1,1700,05/22/19 08:15,"563 1st St, New York City, NY 10001"
205689,Lightning Charging Cable,1,14.95,05/09/19 17:28,"535 Sunset St, New York City, NY 10001"
205690,Wired Headphones,1,11.99,05/05/19 20:05,"203 Maple St, New York City, NY 10001"
205691,AA Batteries (4-pack),2,3.84,05/19/19 20:25,"322 Park St, Atlanta, GA 30301"
205692,AA Batteries (4-pack),3,3.84,05/07/19 15:49,"65 14th St, Portland, OR 97035"
205693,USB-C Charging Cable,1,11.95,05/22/19 09:22,"424 8th St, Seattle, WA 98101"
205694,AAA Batteries (4-pack),1,2.99,05/09/19 01:27,"788 4th St, Los Angeles, CA 90001"
205695,Apple Airpods Headphones,1,150,05/11/19 21:19,"997 5th St, Los Angeles, CA 90001"
205696,Bose SoundSport Headphones,1,99.99,05/14/19 18:56,"474 Lincoln St, Dallas, TX 75001"
205697,AA Batteries (4-pack),1,3.84,05/28/19 11:03,"457 Lake St, Portland, OR 97035"
205698,USB-C Charging Cable,1,11.95,05/08/19 15:05,"981 Forest St, San Francisco, CA 94016"
205699,AA Batteries (4-pack),1,3.84,05/25/19 13:55,"178 North St, Los Angeles, CA 90001"
205700,AAA Batteries (4-pack),3,2.99,05/10/19 20:31,"413 Hickory St, Los Angeles, CA 90001"
205701,Wired Headphones,1,11.99,05/23/19 19:33,"375 South St, San Francisco, CA 94016"
205702,Apple Airpods Headphones,1,150,05/03/19 18:14,"212 North St, Los Angeles, CA 90001"
205702,Wired Headphones,1,11.99,05/03/19 18:14,"212 North St, Los Angeles, CA 90001"
205703,AA Batteries (4-pack),1,3.84,05/25/19 16:32,"858 10th St, San Francisco, CA 94016"
205704,ThinkPad Laptop,1,999.99,05/01/19 18:04,"70 Elm St, San Francisco, CA 94016"
205704,AAA Batteries (4-pack),1,2.99,05/01/19 18:04,"70 Elm St, San Francisco, CA 94016"
205705,iPhone,1,700,05/16/19 17:55,"160 Cherry St, Seattle, WA 98101"
205705,Lightning Charging Cable,1,14.95,05/16/19 17:55,"160 Cherry St, Seattle, WA 98101"
205706,Macbook Pro Laptop,1,1700,05/28/19 18:53,"588 Center St, New York City, NY 10001"
205707,Bose SoundSport Headphones,1,99.99,05/31/19 16:46,"518 12th St, San Francisco, CA 94016"
205708,Lightning Charging Cable,1,14.95,05/23/19 07:52,"584 Center St, Austin, TX 73301"
205709,20in Monitor,1,109.99,05/18/19 21:25,"978 Washington St, Los Angeles, CA 90001"
205710,Lightning Charging Cable,1,14.95,05/25/19 09:51,"123 Madison St, Los Angeles, CA 90001"
205711,AAA Batteries (4-pack),1,2.99,05/27/19 12:22,"56 Adams St, Boston, MA 02215"
205712,Google Phone,1,600,05/27/19 13:53,"286 11th St, Austin, TX 73301"
205712,USB-C Charging Cable,1,11.95,05/27/19 13:53,"286 11th St, Austin, TX 73301"
205713,Wired Headphones,1,11.99,05/04/19 23:17,"251 Hill St, Atlanta, GA 30301"
205714,Bose SoundSport Headphones,1,99.99,05/14/19 18:56,"297 Adams St, Seattle, WA 98101"
205715,20in Monitor,1,109.99,05/19/19 12:38,"11 Maple St, New York City, NY 10001"
205716,Bose SoundSport Headphones,1,99.99,05/29/19 11:34,"316 4th St, Los Angeles, CA 90001"
205717,USB-C Charging Cable,1,11.95,05/11/19 08:15,"214 4th St, Los Angeles, CA 90001"
205718,AAA Batteries (4-pack),4,2.99,05/28/19 11:42,"773 Cherry St, New York City, NY 10001"
205719,AAA Batteries (4-pack),2,2.99,05/01/19 21:06,"254 Main St, San Francisco, CA 94016"
205720,Lightning Charging Cable,1,14.95,05/04/19 12:01,"893 14th St, San Francisco, CA 94016"
205721,Lightning Charging Cable,1,14.95,05/07/19 00:54,"854 11th St, San Francisco, CA 94016"
205722,Lightning Charging Cable,1,14.95,05/12/19 22:49,"280 8th St, Los Angeles, CA 90001"
205723,34in Ultrawide Monitor,1,379.99,05/29/19 08:17,"467 11th St, New York City, NY 10001"
205724,34in Ultrawide Monitor,1,379.99,05/12/19 23:42,"888 10th St, San Francisco, CA 94016"
205725,USB-C Charging Cable,1,11.95,05/24/19 13:36,"353 Highland St, Boston, MA 02215"
205726,USB-C Charging Cable,1,11.95,05/27/19 11:52,"643 Elm St, San Francisco, CA 94016"
205727,USB-C Charging Cable,1,11.95,05/27/19 16:11,"391 Ridge St, San Francisco, CA 94016"
205728,Vareebadd Phone,1,400,05/22/19 18:11,"110 Johnson St, Seattle, WA 98101"
205729,Macbook Pro Laptop,1,1700,05/18/19 11:47,"652 Hill St, San Francisco, CA 94016"
205730,Apple Airpods Headphones,1,150,05/31/19 18:45,"288 Lincoln St, Austin, TX 73301"
205731,AAA Batteries (4-pack),2,2.99,05/07/19 15:18,"911 12th St, Los Angeles, CA 90001"
205732,20in Monitor,1,109.99,05/27/19 18:08,"276 North St, New York City, NY 10001"
205733,Google Phone,1,600,05/08/19 14:14,"480 Lincoln St, Portland, ME 04101"
205734,Wired Headphones,1,11.99,05/19/19 21:44,"484 5th St, Los Angeles, CA 90001"
205735,USB-C Charging Cable,1,11.95,05/17/19 19:11,"577 12th St, Austin, TX 73301"
205736,AA Batteries (4-pack),1,3.84,05/26/19 12:06,"680 Pine St, San Francisco, CA 94016"
205737,Apple Airpods Headphones,1,150,05/14/19 10:31,"646 Meadow St, Dallas, TX 75001"
205738,Apple Airpods Headphones,1,150,05/12/19 07:01,"464 Church St, Boston, MA 02215"
205739,Lightning Charging Cable,1,14.95,05/04/19 16:06,"522 Cedar St, New York City, NY 10001"
205740,Apple Airpods Headphones,1,150,05/04/19 21:25,"719 1st St, Boston, MA 02215"
205741,Macbook Pro Laptop,1,1700,05/13/19 16:48,"863 Hickory St, Dallas, TX 75001"
205742,LG Dryer,1,600.0,05/17/19 04:38,"713 South St, Dallas, TX 75001"
205743,27in FHD Monitor,1,149.99,05/18/19 20:29,"85 Lincoln St, Atlanta, GA 30301"
205744,AA Batteries (4-pack),1,3.84,05/02/19 18:26,"915 7th St, San Francisco, CA 94016"
205745,Lightning Charging Cable,1,14.95,05/16/19 13:20,"173 Washington St, Boston, MA 02215"
205746,Bose SoundSport Headphones,1,99.99,05/11/19 01:13,"403 12th St, Seattle, WA 98101"
205747,Apple Airpods Headphones,1,150,05/12/19 09:46,"115 Hickory St, Atlanta, GA 30301"
205748,USB-C Charging Cable,1,11.95,05/26/19 11:44,"768 2nd St, San Francisco, CA 94016"
205749,ThinkPad Laptop,1,999.99,05/03/19 21:03,"772 Jefferson St, New York City, NY 10001"
205750,AAA Batteries (4-pack),1,2.99,05/04/19 17:44,"937 9th St, Los Angeles, CA 90001"
205751,Bose SoundSport Headphones,1,99.99,05/02/19 18:53,"649 Church St, Portland, OR 97035"
205752,Wired Headphones,1,11.99,05/10/19 18:51,"579 Jackson St, Los Angeles, CA 90001"
205753,AAA Batteries (4-pack),1,2.99,05/16/19 12:31,"933 11th St, Boston, MA 02215"
205754,Lightning Charging Cable,1,14.95,05/20/19 19:12,"286 8th St, New York City, NY 10001"
205755,USB-C Charging Cable,1,11.95,05/01/19 12:18,"464 Hill St, Boston, MA 02215"
205756,Wired Headphones,1,11.99,05/06/19 21:02,"871 10th St, Los Angeles, CA 90001"
205757,AAA Batteries (4-pack),2,2.99,05/10/19 20:17,"868 Jefferson St, Boston, MA 02215"
205758,20in Monitor,1,109.99,05/12/19 20:39,"400 Wilson St, Austin, TX 73301"
205759,Lightning Charging Cable,1,14.95,05/30/19 09:07,"124 Forest St, New York City, NY 10001"
205760,Apple Airpods Headphones,1,150,05/06/19 12:33,"575 Park St, Los Angeles, CA 90001"
205761,AAA Batteries (4-pack),1,2.99,05/17/19 16:34,"953 Willow St, Portland, ME 04101"
205762,27in 4K Gaming Monitor,1,389.99,05/23/19 14:27,"139 Washington St, San Francisco, CA 94016"
205763,Macbook Pro Laptop,1,1700,05/04/19 09:45,"346 Center St, San Francisco, CA 94016"
205764,27in FHD Monitor,1,149.99,05/19/19 16:07,"863 Chestnut St, Boston, MA 02215"
205765,AA Batteries (4-pack),1,3.84,05/29/19 17:10,"656 5th St, Seattle, WA 98101"
205766,Lightning Charging Cable,1,14.95,05/03/19 20:22,"462 Church St, Atlanta, GA 30301"
205766,Apple Airpods Headphones,1,150,05/03/19 20:22,"462 Church St, Atlanta, GA 30301"
205767,Wired Headphones,1,11.99,05/15/19 23:34,"852 Sunset St, Los Angeles, CA 90001"
205768,USB-C Charging Cable,1,11.95,05/13/19 20:04,"735 Madison St, Portland, OR 97035"
205769,AAA Batteries (4-pack),3,2.99,05/12/19 00:04,"688 Sunset St, Boston, MA 02215"
205770,iPhone,1,700,05/01/19 12:22,"36 River St, New York City, NY 10001"
205770,Wired Headphones,1,11.99,05/01/19 12:22,"36 River St, New York City, NY 10001"
205771,Lightning Charging Cable,1,14.95,05/15/19 16:46,"425 9th St, Los Angeles, CA 90001"
205772,Bose SoundSport Headphones,1,99.99,05/20/19 20:50,"356 Cherry St, Portland, OR 97035"
205773,Apple Airpods Headphones,1,150,05/07/19 21:04,"196 6th St, Seattle, WA 98101"
205774,USB-C Charging Cable,1,11.95,05/15/19 08:03,"558 Hickory St, New York City, NY 10001"
205775,AA Batteries (4-pack),3,3.84,05/30/19 12:24,"780 Spruce St, San Francisco, CA 94016"
205776,USB-C Charging Cable,1,11.95,05/10/19 00:58,"435 Ridge St, Los Angeles, CA 90001"
205777,AAA Batteries (4-pack),3,2.99,05/25/19 08:08,"520 Johnson St, Austin, TX 73301"
205778,Vareebadd Phone,1,400,05/09/19 08:02,"302 1st St, Boston, MA 02215"
205778,USB-C Charging Cable,1,11.95,05/09/19 08:02,"302 1st St, Boston, MA 02215"
205778,Bose SoundSport Headphones,1,99.99,05/09/19 08:02,"302 1st St, Boston, MA 02215"
205779,USB-C Charging Cable,1,11.95,05/27/19 19:35,"568 Cedar St, Los Angeles, CA 90001"
205780,Lightning Charging Cable,1,14.95,05/26/19 16:16,"433 Cherry St, Portland, OR 97035"
205781,Bose SoundSport Headphones,1,99.99,05/09/19 08:38,"872 River St, Los Angeles, CA 90001"
205782,Lightning Charging Cable,1,14.95,05/18/19 08:04,"406 River St, San Francisco, CA 94016"
205783,Vareebadd Phone,1,400,05/12/19 23:51,"987 West St, Atlanta, GA 30301"
205783,USB-C Charging Cable,1,11.95,05/12/19 23:51,"987 West St, Atlanta, GA 30301"
205784,Wired Headphones,1,11.99,05/26/19 17:37,"984 1st St, New York City, NY 10001"
205785,Wired Headphones,1,11.99,05/09/19 20:25,"900 Lake St, Austin, TX 73301"
205786,AAA Batteries (4-pack),2,2.99,05/25/19 19:35,"629 Church St, Dallas, TX 75001"
205787,20in Monitor,1,109.99,05/21/19 13:15,"289 Lake St, Atlanta, GA 30301"
205788,AAA Batteries (4-pack),1,2.99,05/23/19 09:44,"86 1st St, Portland, ME 04101"
205789,USB-C Charging Cable,1,11.95,05/03/19 14:08,"871 North St, New York City, NY 10001"
205790,Wired Headphones,1,11.99,05/26/19 12:04,"690 Maple St, Los Angeles, CA 90001"
205791,iPhone,1,700,05/29/19 10:40,"131 4th St, San Francisco, CA 94016"
205791,Apple Airpods Headphones,1,150,05/29/19 10:40,"131 4th St, San Francisco, CA 94016"
205792,27in FHD Monitor,1,149.99,05/08/19 18:58,"199 Forest St, Atlanta, GA 30301"
205793,USB-C Charging Cable,1,11.95,05/10/19 19:01,"75 8th St, Dallas, TX 75001"
205794,Apple Airpods Headphones,1,150,05/28/19 15:52,"974 River St, Austin, TX 73301"
205795,Wired Headphones,1,11.99,05/19/19 08:39,"567 Willow St, Boston, MA 02215"
205796,27in 4K Gaming Monitor,1,389.99,05/23/19 21:30,"341 Jefferson St, Austin, TX 73301"
205797,34in Ultrawide Monitor,1,379.99,05/10/19 00:40,"518 Center St, Los Angeles, CA 90001"
205798,USB-C Charging Cable,1,11.95,05/05/19 13:48,"689 Highland St, San Francisco, CA 94016"
205799,AA Batteries (4-pack),2,3.84,05/13/19 18:26,"290 Jefferson St, New York City, NY 10001"
205800,AAA Batteries (4-pack),1,2.99,05/10/19 18:59,"357 Lake St, Dallas, TX 75001"
205801,AAA Batteries (4-pack),3,2.99,05/16/19 14:59,"633 5th St, San Francisco, CA 94016"
205801,Apple Airpods Headphones,1,150,05/16/19 14:59,"633 5th St, San Francisco, CA 94016"
205802,AAA Batteries (4-pack),3,2.99,05/31/19 19:17,"134 Washington St, Los Angeles, CA 90001"
205803,iPhone,1,700,05/26/19 21:28,"804 Forest St, San Francisco, CA 94016"
205803,Lightning Charging Cable,1,14.95,05/26/19 21:28,"804 Forest St, San Francisco, CA 94016"
205804,USB-C Charging Cable,1,11.95,05/16/19 09:55,"74 7th St, San Francisco, CA 94016"
205804,AAA Batteries (4-pack),1,2.99,05/16/19 09:55,"74 7th St, San Francisco, CA 94016"
205805,Lightning Charging Cable,1,14.95,05/18/19 21:43,"118 9th St, Dallas, TX 75001"
205806,Lightning Charging Cable,1,14.95,05/16/19 16:55,"20 Hill St, San Francisco, CA 94016"
205807,27in FHD Monitor,1,149.99,05/02/19 20:23,"243 1st St, New York City, NY 10001"
205808,27in 4K Gaming Monitor,1,389.99,05/01/19 09:54,"146 Main St, Los Angeles, CA 90001"
205809,Wired Headphones,1,11.99,05/10/19 13:04,"204 South St, Boston, MA 02215"
205810,Apple Airpods Headphones,1,150,05/12/19 21:24,"407 North St, Boston, MA 02215"
205811,Google Phone,1,600,05/26/19 11:28,"174 1st St, San Francisco, CA 94016"
205812,AA Batteries (4-pack),1,3.84,05/06/19 18:33,"494 Jefferson St, San Francisco, CA 94016"
205813,Apple Airpods Headphones,1,150,05/29/19 20:19,"329 7th St, Portland, OR 97035"
205814,iPhone,1,700,05/27/19 02:19,"876 Lake St, Dallas, TX 75001"
205814,Wired Headphones,1,11.99,05/27/19 02:19,"876 Lake St, Dallas, TX 75001"
205815,34in Ultrawide Monitor,1,379.99,05/08/19 08:06,"633 8th St, San Francisco, CA 94016"
205816,Lightning Charging Cable,1,14.95,05/28/19 10:48,"801 Lake St, New York City, NY 10001"
205817,Apple Airpods Headphones,1,150,05/01/19 21:22,"494 Maple St, San Francisco, CA 94016"
205818,34in Ultrawide Monitor,1,379.99,05/02/19 13:11,"815 2nd St, Seattle, WA 98101"
205819,Apple Airpods Headphones,1,150,05/10/19 19:05,"927 Hickory St, Seattle, WA 98101"
205820,34in Ultrawide Monitor,1,379.99,05/02/19 12:09,"879 Meadow St, Atlanta, GA 30301"
205821,AA Batteries (4-pack),1,3.84,05/27/19 22:48,"548 Hickory St, Los Angeles, CA 90001"
205822,34in Ultrawide Monitor,1,379.99,05/18/19 21:58,"223 12th St, San Francisco, CA 94016"
205823,20in Monitor,1,109.99,05/24/19 21:30,"849 Meadow St, San Francisco, CA 94016"
205824,Lightning Charging Cable,1,14.95,05/22/19 12:00,"893 Lakeview St, Austin, TX 73301"
205825,Flatscreen TV,1,300,05/02/19 09:39,"720 Ridge St, San Francisco, CA 94016"
205826,Apple Airpods Headphones,1,150,05/22/19 16:11,"225 Highland St, San Francisco, CA 94016"
205827,Macbook Pro Laptop,1,1700,05/12/19 17:47,"160 Cedar St, New York City, NY 10001"
205828,Wired Headphones,1,11.99,05/03/19 23:28,"914 South St, San Francisco, CA 94016"
205829,Lightning Charging Cable,1,14.95,05/16/19 12:10,"113 Meadow St, San Francisco, CA 94016"
205830,AA Batteries (4-pack),1,3.84,05/15/19 21:34,"443 2nd St, Dallas, TX 75001"
205831,20in Monitor,1,109.99,05/16/19 10:16,"422 Center St, Boston, MA 02215"
205832,USB-C Charging Cable,1,11.95,05/21/19 02:08,"706 Chestnut St, San Francisco, CA 94016"
205833,AAA Batteries (4-pack),1,2.99,05/07/19 12:27,"753 10th St, Boston, MA 02215"
205834,ThinkPad Laptop,1,999.99,05/03/19 08:12,"897 Hickory St, Atlanta, GA 30301"
205835,LG Dryer,1,600.0,05/23/19 17:18,"392 Jackson St, Seattle, WA 98101"
205836,27in FHD Monitor,1,149.99,05/24/19 15:33,"215 Jefferson St, San Francisco, CA 94016"
205837,AAA Batteries (4-pack),2,2.99,05/21/19 09:16,"209 1st St, Dallas, TX 75001"
205838,Lightning Charging Cable,1,14.95,05/19/19 14:39,"661 12th St, Dallas, TX 75001"
205839,AA Batteries (4-pack),1,3.84,05/14/19 11:13,"255 8th St, San Francisco, CA 94016"
205840,Wired Headphones,1,11.99,05/15/19 16:23,"989 Adams St, San Francisco, CA 94016"
205841,Wired Headphones,1,11.99,05/08/19 00:19,"941 Maple St, San Francisco, CA 94016"
205842,Lightning Charging Cable,1,14.95,05/06/19 20:13,"515 1st St, Seattle, WA 98101"
205843,AA Batteries (4-pack),1,3.84,05/05/19 20:59,"986 Dogwood St, Boston, MA 02215"
205844,Lightning Charging Cable,1,14.95,05/31/19 14:00,"769 Main St, New York City, NY 10001"
205845,Apple Airpods Headphones,1,150,05/31/19 17:31,"844 Center St, Austin, TX 73301"
205846,Wired Headphones,1,11.99,05/31/19 12:58,"552 1st St, Los Angeles, CA 90001"
205847,Lightning Charging Cable,1,14.95,05/12/19 12:03,"415 Walnut St, San Francisco, CA 94016"
205848,Flatscreen TV,1,300,05/21/19 23:44,"643 Washington St, San Francisco, CA 94016"
205849,USB-C Charging Cable,1,11.95,05/04/19 13:02,"196 Chestnut St, Portland, OR 97035"
205850,AAA Batteries (4-pack),2,2.99,05/10/19 06:05,"838 Maple St, New York City, NY 10001"
205851,Apple Airpods Headphones,1,150,05/11/19 13:58,"50 Johnson St, Boston, MA 02215"
205852,AA Batteries (4-pack),1,3.84,05/08/19 14:24,"816 Center St, Dallas, TX 75001"
205853,Wired Headphones,1,11.99,05/03/19 21:29,"737 Forest St, San Francisco, CA 94016"
205854,AAA Batteries (4-pack),3,2.99,05/16/19 21:09,"997 Forest St, Seattle, WA 98101"
205855,Bose SoundSport Headphones,1,99.99,05/29/19 12:42,"87 Center St, San Francisco, CA 94016"
205856,27in 4K Gaming Monitor,1,389.99,05/19/19 21:02,"587 4th St, Seattle, WA 98101"
205857,AA Batteries (4-pack),3,3.84,05/06/19 17:24,"14 Center St, Los Angeles, CA 90001"
205858,AAA Batteries (4-pack),1,2.99,05/20/19 00:02,"915 9th St, New York City, NY 10001"
205859,USB-C Charging Cable,1,11.95,05/19/19 15:22,"877 1st St, Boston, MA 02215"
205860,AAA Batteries (4-pack),1,2.99,05/19/19 23:25,"504 12th St, Los Angeles, CA 90001"
205861,USB-C Charging Cable,2,11.95,05/31/19 17:34,"332 9th St, Dallas, TX 75001"
205862,AAA Batteries (4-pack),1,2.99,05/05/19 13:32,"500 South St, New York City, NY 10001"
205863,AAA Batteries (4-pack),1,2.99,05/02/19 23:36,"967 Madison St, Austin, TX 73301"
205864,27in 4K Gaming Monitor,1,389.99,05/13/19 13:17,"429 Adams St, Atlanta, GA 30301"
205865,iPhone,1,700,05/02/19 06:13,"962 Cherry St, Dallas, TX 75001"
205865,Apple Airpods Headphones,1,150,05/02/19 06:13,"962 Cherry St, Dallas, TX 75001"
205866,27in FHD Monitor,1,149.99,05/31/19 12:57,"708 Meadow St, Los Angeles, CA 90001"
205867,iPhone,1,700,05/11/19 22:49,"91 6th St, San Francisco, CA 94016"
205868,AAA Batteries (4-pack),2,2.99,05/19/19 23:37,"258 2nd St, San Francisco, CA 94016"
205869,Flatscreen TV,1,300,05/10/19 14:37,"145 West St, San Francisco, CA 94016"
205870,Wired Headphones,1,11.99,05/06/19 19:03,"405 13th St, Boston, MA 02215"
205871,Wired Headphones,1,11.99,05/06/19 19:50,"463 Washington St, Atlanta, GA 30301"
205872,34in Ultrawide Monitor,1,379.99,05/09/19 23:23,"498 Forest St, Los Angeles, CA 90001"
205873,AAA Batteries (4-pack),2,2.99,05/27/19 20:13,"265 Lake St, Los Angeles, CA 90001"
205874,Bose SoundSport Headphones,1,99.99,05/31/19 16:50,"616 Ridge St, Seattle, WA 98101"
205875,Lightning Charging Cable,1,14.95,05/25/19 15:57,"737 Spruce St, San Francisco, CA 94016"
205876,USB-C Charging Cable,1,11.95,05/18/19 17:58,"480 Johnson St, San Francisco, CA 94016"
205877,USB-C Charging Cable,1,11.95,05/13/19 16:46,"476 Forest St, Los Angeles, CA 90001"
205878,USB-C Charging Cable,1,11.95,05/13/19 20:40,"366 11th St, Dallas, TX 75001"
205879,Lightning Charging Cable,1,14.95,05/22/19 19:18,"40 14th St, Dallas, TX 75001"
205880,Apple Airpods Headphones,1,150,05/09/19 20:02,"396 Cherry St, Portland, OR 97035"
205881,AAA Batteries (4-pack),2,2.99,05/26/19 20:11,"455 9th St, Portland, OR 97035"
205882,Wired Headphones,1,11.99,05/26/19 18:21,"897 Cedar St, Los Angeles, CA 90001"
205883,Wired Headphones,1,11.99,05/23/19 19:57,"963 North St, Seattle, WA 98101"
205884,Macbook Pro Laptop,1,1700,05/29/19 11:52,"237 7th St, San Francisco, CA 94016"
205885,Macbook Pro Laptop,1,1700,05/08/19 17:44,"106 8th St, San Francisco, CA 94016"
205886,Flatscreen TV,1,300,05/26/19 11:51,"881 Dogwood St, Boston, MA 02215"
205887,27in 4K Gaming Monitor,1,389.99,05/18/19 11:02,"930 12th St, San Francisco, CA 94016"
205888,AAA Batteries (4-pack),1,2.99,05/23/19 12:11,"567 13th St, Boston, MA 02215"
205889,34in Ultrawide Monitor,1,379.99,05/15/19 22:50,"731 Pine St, New York City, NY 10001"
205890,USB-C Charging Cable,1,11.95,05/20/19 15:48,"843 1st St, Los Angeles, CA 90001"
205891,AA Batteries (4-pack),1,3.84,05/02/19 10:28,"443 Maple St, New York City, NY 10001"
205892,AAA Batteries (4-pack),2,2.99,05/03/19 18:57,"451 Highland St, Boston, MA 02215"
205893,Apple Airpods Headphones,1,150,05/31/19 15:27,"31 4th St, San Francisco, CA 94016"
205894,Bose SoundSport Headphones,1,99.99,05/23/19 09:44,"199 1st St, Los Angeles, CA 90001"
205895,Apple Airpods Headphones,1,150,05/21/19 14:41,"893 11th St, Dallas, TX 75001"
205896,USB-C Charging Cable,1,11.95,05/17/19 09:33,"425 7th St, San Francisco, CA 94016"
205897,AA Batteries (4-pack),1,3.84,05/21/19 00:02,"77 Adams St, Los Angeles, CA 90001"
205898,USB-C Charging Cable,1,11.95,05/18/19 18:28,"489 Church St, Los Angeles, CA 90001"
205899,20in Monitor,1,109.99,05/11/19 19:40,"886 South St, New York City, NY 10001"
205900,iPhone,1,700,05/20/19 11:52,"199 Maple St, Los Angeles, CA 90001"
205901,AA Batteries (4-pack),1,3.84,05/05/19 15:28,"102 Madison St, New York City, NY 10001"
205902,USB-C Charging Cable,1,11.95,05/07/19 00:45,"186 North St, San Francisco, CA 94016"
205902,Vareebadd Phone,1,400,05/07/19 00:45,"186 North St, San Francisco, CA 94016"
205903,LG Dryer,1,600.0,05/13/19 12:43,"147 Spruce St, Los Angeles, CA 90001"
205904,Lightning Charging Cable,1,14.95,05/18/19 21:25,"802 10th St, Atlanta, GA 30301"
205905,USB-C Charging Cable,1,11.95,05/29/19 10:58,"663 River St, Portland, ME 04101"
205906,Flatscreen TV,1,300,05/24/19 14:16,"463 Main St, Boston, MA 02215"
205907,Wired Headphones,1,11.99,05/28/19 18:12,"285 5th St, Austin, TX 73301"
205908,Lightning Charging Cable,1,14.95,05/02/19 07:13,"377 Spruce St, San Francisco, CA 94016"
205909,27in 4K Gaming Monitor,1,389.99,05/21/19 17:47,"770 Church St, Portland, OR 97035"
205910,Apple Airpods Headphones,1,150,05/14/19 09:42,"521 Johnson St, Atlanta, GA 30301"
205911,20in Monitor,1,109.99,05/29/19 17:10,"189 Jefferson St, New York City, NY 10001"
205912,Lightning Charging Cable,1,14.95,05/05/19 23:09,"250 8th St, Seattle, WA 98101"
205913,Lightning Charging Cable,1,14.95,05/17/19 20:25,"939 4th St, Austin, TX 73301"
205914,27in 4K Gaming Monitor,1,389.99,05/23/19 19:11,"150 10th St, San Francisco, CA 94016"
205915,Wired Headphones,1,11.99,05/21/19 23:21,"263 Willow St, New York City, NY 10001"
205916,20in Monitor,1,109.99,05/16/19 12:52,"687 Cherry St, San Francisco, CA 94016"
205917,Google Phone,1,600,05/17/19 19:05,"176 Main St, Seattle, WA 98101"
205918,USB-C Charging Cable,1,11.95,05/05/19 20:50,"244 Center St, San Francisco, CA 94016"
205919,Wired Headphones,1,11.99,05/02/19 09:47,"25 5th St, Seattle, WA 98101"
205920,Apple Airpods Headphones,1,150,05/18/19 09:54,"907 2nd St, San Francisco, CA 94016"
205921,USB-C Charging Cable,1,11.95,05/10/19 19:15,"890 11th St, Los Angeles, CA 90001"
205922,Macbook Pro Laptop,1,1700,05/13/19 11:33,"365 Adams St, San Francisco, CA 94016"
205923,Apple Airpods Headphones,1,150,05/04/19 22:08,"442 Wilson St, Atlanta, GA 30301"
205923,Lightning Charging Cable,1,14.95,05/04/19 22:08,"442 Wilson St, Atlanta, GA 30301"
205924,USB-C Charging Cable,1,11.95,05/19/19 06:34,"51 Chestnut St, Seattle, WA 98101"
205925,USB-C Charging Cable,1,11.95,05/15/19 07:13,"915 13th St, New York City, NY 10001"
205926,AAA Batteries (4-pack),1,2.99,05/08/19 11:33,"611 Meadow St, Los Angeles, CA 90001"
205927,Apple Airpods Headphones,1,150,05/07/19 03:25,"164 Hill St, San Francisco, CA 94016"
205928,AAA Batteries (4-pack),1,2.99,05/08/19 12:48,"638 North St, Seattle, WA 98101"
205929,AAA Batteries (4-pack),1,2.99,05/01/19 18:17,"635 Lincoln St, New York City, NY 10001"
205930,USB-C Charging Cable,1,11.95,05/05/19 13:09,"4 Jackson St, San Francisco, CA 94016"
205931,ThinkPad Laptop,1,999.99,05/24/19 20:57,"591 Hickory St, San Francisco, CA 94016"
,,,,,
205932,27in 4K Gaming Monitor,1,389.99,05/30/19 11:02,"201 11th St, San Francisco, CA 94016"
205933,Wired Headphones,1,11.99,05/03/19 13:53,"45 Washington St, New York City, NY 10001"
205934,Wired Headphones,1,11.99,05/12/19 17:01,"892 2nd St, Los Angeles, CA 90001"
205935,AAA Batteries (4-pack),2,2.99,05/29/19 08:35,"185 Wilson St, San Francisco, CA 94016"
205936,Wired Headphones,1,11.99,05/25/19 11:05,"138 13th St, Austin, TX 73301"
205937,AA Batteries (4-pack),1,3.84,05/31/19 12:20,"225 Center St, Los Angeles, CA 90001"
205938,AAA Batteries (4-pack),1,2.99,05/24/19 19:58,"6 Spruce St, San Francisco, CA 94016"
205939,Wired Headphones,1,11.99,05/28/19 16:58,"645 11th St, San Francisco, CA 94016"
205940,ThinkPad Laptop,1,999.99,05/01/19 08:51,"965 Hickory St, Los Angeles, CA 90001"
205941,Wired Headphones,1,11.99,05/08/19 13:58,"720 Washington St, Seattle, WA 98101"
205942,Apple Airpods Headphones,1,150,05/28/19 19:54,"999 12th St, Austin, TX 73301"
205943,Apple Airpods Headphones,1,150,05/09/19 07:16,"931 Meadow St, Los Angeles, CA 90001"
205944,USB-C Charging Cable,2,11.95,05/18/19 20:23,"515 Church St, San Francisco, CA 94016"
205945,34in Ultrawide Monitor,1,379.99,05/29/19 18:34,"539 Main St, Los Angeles, CA 90001"
205946,20in Monitor,1,109.99,05/11/19 18:58,"992 4th St, Dallas, TX 75001"
205947,Lightning Charging Cable,1,14.95,05/23/19 18:45,"451 Maple St, Seattle, WA 98101"
205948,Apple Airpods Headphones,1,150,05/13/19 18:10,"385 9th St, New York City, NY 10001"
205949,Lightning Charging Cable,2,14.95,05/16/19 20:39,"309 Elm St, Austin, TX 73301"
205950,AA Batteries (4-pack),1,3.84,05/28/19 21:31,"854 Lake St, San Francisco, CA 94016"
205951,27in FHD Monitor,1,149.99,05/19/19 23:30,"199 North St, San Francisco, CA 94016"
205952,USB-C Charging Cable,1,11.95,05/25/19 19:10,"587 6th St, Seattle, WA 98101"
205953,27in 4K Gaming Monitor,1,389.99,05/27/19 23:08,"141 7th St, Los Angeles, CA 90001"
205954,27in FHD Monitor,1,149.99,05/10/19 16:26,"585 9th St, Boston, MA 02215"
205955,Wired Headphones,1,11.99,05/14/19 07:19,"800 Highland St, Los Angeles, CA 90001"
205956,Wired Headphones,1,11.99,05/27/19 19:49,"857 Willow St, Los Angeles, CA 90001"
205957,Wired Headphones,1,11.99,05/27/19 20:16,"903 13th St, Seattle, WA 98101"
205958,USB-C Charging Cable,1,11.95,05/29/19 17:40,"394 Madison St, Boston, MA 02215"
205959,AAA Batteries (4-pack),1,2.99,05/08/19 00:19,"456 North St, Austin, TX 73301"
205960,Google Phone,1,600,05/08/19 16:41,"752 Washington St, New York City, NY 10001"
205960,USB-C Charging Cable,1,11.95,05/08/19 16:41,"752 Washington St, New York City, NY 10001"
205961,USB-C Charging Cable,1,11.95,05/16/19 19:26,"282 West St, Dallas, TX 75001"
205961,Lightning Charging Cable,1,14.95,05/16/19 19:26,"282 West St, Dallas, TX 75001"
205962,USB-C Charging Cable,1,11.95,05/02/19 18:10,"229 Madison St, Seattle, WA 98101"
205963,AA Batteries (4-pack),1,3.84,05/24/19 20:17,"59 9th St, Seattle, WA 98101"
205964,Apple Airpods Headphones,1,150,05/08/19 23:34,"406 Cherry St, Los Angeles, CA 90001"
205965,Wired Headphones,1,11.99,05/25/19 07:14,"738 Pine St, San Francisco, CA 94016"
205966,20in Monitor,1,109.99,05/21/19 12:06,"888 River St, Los Angeles, CA 90001"
205967,USB-C Charging Cable,1,11.95,05/03/19 13:09,"912 6th St, Austin, TX 73301"
205968,iPhone,1,700,05/09/19 09:00,"127 7th St, Portland, ME 04101"
205968,Lightning Charging Cable,1,14.95,05/09/19 09:00,"127 7th St, Portland, ME 04101"
205969,Lightning Charging Cable,1,14.95,05/14/19 22:29,"837 Main St, San Francisco, CA 94016"
205970,Wired Headphones,1,11.99,05/27/19 12:57,"672 Wilson St, Austin, TX 73301"
205971,27in FHD Monitor,1,149.99,05/29/19 22:05,"583 Maple St, San Francisco, CA 94016"
205972,Bose SoundSport Headphones,1,99.99,05/26/19 00:10,"781 Sunset St, Atlanta, GA 30301"
205973,USB-C Charging Cable,1,11.95,05/09/19 23:48,"439 Pine St, Dallas, TX 75001"
205974,USB-C Charging Cable,1,11.95,05/23/19 21:44,"727 8th St, San Francisco, CA 94016"
205975,27in 4K Gaming Monitor,1,389.99,05/10/19 18:12,"321 Hill St, San Francisco, CA 94016"
205976,Lightning Charging Cable,1,14.95,05/30/19 12:24,"874 Washington St, San Francisco, CA 94016"
205977,Flatscreen TV,1,300,05/24/19 09:42,"545 Main St, Los Angeles, CA 90001"
205978,USB-C Charging Cable,1,11.95,05/04/19 18:21,"317 Meadow St, Los Angeles, CA 90001"
205979,AAA Batteries (4-pack),2,2.99,05/09/19 11:18,"783 Ridge St, Dallas, TX 75001"
205980,AA Batteries (4-pack),1,3.84,05/02/19 01:01,"600 Dogwood St, Boston, MA 02215"
205981,27in 4K Gaming Monitor,1,389.99,05/16/19 22:24,"332 Lincoln St, San Francisco, CA 94016"
205982,USB-C Charging Cable,1,11.95,05/14/19 21:31,"362 Elm St, Seattle, WA 98101"
205983,Wired Headphones,1,11.99,05/08/19 12:24,"326 Church St, New York City, NY 10001"
205984,Apple Airpods Headphones,1,150,05/30/19 12:14,"702 Cedar St, San Francisco, CA 94016"
205985,USB-C Charging Cable,1,11.95,05/09/19 20:06,"606 11th St, Boston, MA 02215"
205986,27in FHD Monitor,1,149.99,05/03/19 20:21,"146 Hickory St, New York City, NY 10001"
205987,Lightning Charging Cable,1,14.95,05/24/19 21:06,"324 Park St, Dallas, TX 75001"
205988,AAA Batteries (4-pack),1,2.99,05/17/19 09:20,"404 Johnson St, Portland, OR 97035"
205989,USB-C Charging Cable,1,11.95,05/25/19 15:29,"555 South St, Portland, ME 04101"
205990,Bose SoundSport Headphones,1,99.99,05/06/19 06:24,"768 6th St, New York City, NY 10001"
205991,AA Batteries (4-pack),1,3.84,05/26/19 00:20,"571 Madison St, San Francisco, CA 94016"
205992,USB-C Charging Cable,1,11.95,05/15/19 09:53,"931 Cherry St, Portland, OR 97035"
205993,ThinkPad Laptop,1,999.99,05/15/19 01:14,"663 Wilson St, San Francisco, CA 94016"
205994,20in Monitor,1,109.99,05/11/19 10:22,"106 Hill St, Atlanta, GA 30301"
205995,USB-C Charging Cable,2,11.95,05/15/19 15:01,"509 Main St, San Francisco, CA 94016"
205996,Bose SoundSport Headphones,1,99.99,05/28/19 17:51,"832 Cherry St, New York City, NY 10001"
205997,AA Batteries (4-pack),3,3.84,05/27/19 18:14,"947 Park St, Austin, TX 73301"
205998,AA Batteries (4-pack),1,3.84,05/01/19 16:38,"550 Main St, New York City, NY 10001"
205999,Lightning Charging Cable,1,14.95,05/20/19 12:18,"443 Hickory St, Los Angeles, CA 90001"
206000,Bose SoundSport Headphones,1,99.99,05/16/19 13:54,"420 South St, Seattle, WA 98101"
206001,iPhone,1,700,05/18/19 17:52,"983 Jackson St, New York City, NY 10001"
206001,Apple Airpods Headphones,1,150,05/18/19 17:52,"983 Jackson St, New York City, NY 10001"
206002,Wired Headphones,1,11.99,05/30/19 19:02,"625 Spruce St, Los Angeles, CA 90001"
206002,Bose SoundSport Headphones,1,99.99,05/30/19 19:02,"625 Spruce St, Los Angeles, CA 90001"
206003,AAA Batteries (4-pack),2,2.99,05/19/19 20:28,"936 11th St, San Francisco, CA 94016"
206004,Lightning Charging Cable,1,14.95,05/30/19 10:41,"57 Willow St, Dallas, TX 75001"
206005,USB-C Charging Cable,1,11.95,05/08/19 19:56,"975 Ridge St, Atlanta, GA 30301"
206006,USB-C Charging Cable,2,11.95,05/11/19 11:48,"105 Madison St, Seattle, WA 98101"
206007,AAA Batteries (4-pack),2,2.99,05/01/19 14:49,"93 Meadow St, New York City, NY 10001"
206008,Wired Headphones,1,11.99,05/15/19 13:50,"555 Jefferson St, Boston, MA 02215"
206009,iPhone,1,700,05/27/19 12:36,"478 10th St, Portland, OR 97035"
206009,Lightning Charging Cable,1,14.95,05/27/19 12:36,"478 10th St, Portland, OR 97035"
206009,Wired Headphones,1,11.99,05/27/19 12:36,"478 10th St, Portland, OR 97035"
206010,iPhone,1,700,05/22/19 16:57,"390 7th St, New York City, NY 10001"
206011,Lightning Charging Cable,1,14.95,05/07/19 13:58,"344 5th St, San Francisco, CA 94016"
206012,Lightning Charging Cable,1,14.95,05/24/19 09:38,"801 West St, Los Angeles, CA 90001"
206013,34in Ultrawide Monitor,1,379.99,05/21/19 20:31,"687 Wilson St, New York City, NY 10001"
206014,Wired Headphones,1,11.99,05/20/19 18:08,"248 Adams St, Seattle, WA 98101"
206014,AAA Batteries (4-pack),2,2.99,05/20/19 18:08,"248 Adams St, Seattle, WA 98101"
206015,AA Batteries (4-pack),1,3.84,05/06/19 14:51,"898 River St, Seattle, WA 98101"
206016,USB-C Charging Cable,2,11.95,05/29/19 09:23,"204 Church St, Seattle, WA 98101"
206017,Lightning Charging Cable,1,14.95,05/08/19 21:09,"469 Pine St, Portland, OR 97035"
206018,Apple Airpods Headphones,1,150,05/16/19 07:35,"623 Jackson St, Los Angeles, CA 90001"
206019,Apple Airpods Headphones,1,150,05/02/19 11:07,"313 11th St, San Francisco, CA 94016"
206020,20in Monitor,1,109.99,05/12/19 02:44,"157 Center St, Los Angeles, CA 90001"
206021,AA Batteries (4-pack),1,3.84,05/12/19 09:25,"302 Chestnut St, Austin, TX 73301"
206022,Bose SoundSport Headphones,1,99.99,05/01/19 12:16,"279 11th St, Seattle, WA 98101"
206023,34in Ultrawide Monitor,1,379.99,05/28/19 17:56,"199 West St, Boston, MA 02215"
206023,USB-C Charging Cable,1,11.95,05/28/19 17:56,"199 West St, Boston, MA 02215"
206024,USB-C Charging Cable,1,11.95,05/01/19 15:23,"723 Hickory St, Atlanta, GA 30301"
206025,AA Batteries (4-pack),1,3.84,05/15/19 20:16,"915 Lakeview St, Los Angeles, CA 90001"
206026,AA Batteries (4-pack),1,3.84,05/09/19 17:45,"812 Church St, San Francisco, CA 94016"
206027,USB-C Charging Cable,1,11.95,05/23/19 16:17,"787 Hill St, Dallas, TX 75001"
206028,Apple Airpods Headphones,1,150,05/05/19 14:34,"877 Elm St, Los Angeles, CA 90001"
206029,AAA Batteries (4-pack),2,2.99,05/09/19 22:40,"83 14th St, Seattle, WA 98101"
206030,27in 4K Gaming Monitor,1,389.99,05/29/19 20:21,"720 2nd St, San Francisco, CA 94016"
206031,20in Monitor,1,109.99,05/14/19 01:20,"680 Walnut St, Seattle, WA 98101"
206032,AA Batteries (4-pack),2,3.84,05/21/19 08:47,"98 1st St, Dallas, TX 75001"
206033,AA Batteries (4-pack),2,3.84,05/24/19 14:10,"519 Lakeview St, Seattle, WA 98101"
206034,AA Batteries (4-pack),1,3.84,05/22/19 19:46,"300 Main St, Los Angeles, CA 90001"
206035,Apple Airpods Headphones,1,150,05/19/19 12:00,"937 Wilson St, Portland, OR 97035"
206036,Google Phone,1,600,05/23/19 09:00,"559 Spruce St, Atlanta, GA 30301"
206037,Wired Headphones,1,11.99,05/03/19 23:09,"885 Church St, Los Angeles, CA 90001"
206038,USB-C Charging Cable,1,11.95,05/13/19 19:37,"949 Main St, Los Angeles, CA 90001"
206039,Apple Airpods Headphones,1,150,05/28/19 17:15,"817 13th St, Atlanta, GA 30301"
206040,AA Batteries (4-pack),1,3.84,05/28/19 16:11,"930 Adams St, San Francisco, CA 94016"
206041,ThinkPad Laptop,1,999.99,05/05/19 01:33,"148 Cherry St, New York City, NY 10001"
206042,Bose SoundSport Headphones,1,99.99,05/07/19 11:59,"608 4th St, Los Angeles, CA 90001"
206043,27in FHD Monitor,1,149.99,05/29/19 10:08,"913 Walnut St, Los Angeles, CA 90001"
206044,AAA Batteries (4-pack),2,2.99,05/28/19 23:13,"75 River St, San Francisco, CA 94016"
206045,AAA Batteries (4-pack),1,2.99,05/12/19 18:07,"839 Madison St, Los Angeles, CA 90001"
206046,Lightning Charging Cable,1,14.95,05/23/19 11:13,"186 Willow St, Boston, MA 02215"
206047,USB-C Charging Cable,1,11.95,05/01/19 13:32,"709 Elm St, San Francisco, CA 94016"
206048,Apple Airpods Headphones,1,150,05/22/19 17:32,"541 Park St, Los Angeles, CA 90001"
206049,AAA Batteries (4-pack),1,2.99,05/31/19 20:41,"92 River St, San Francisco, CA 94016"
206050,USB-C Charging Cable,1,11.95,05/14/19 21:18,"656 Willow St, Austin, TX 73301"
206051,Lightning Charging Cable,1,14.95,05/12/19 07:07,"391 Lakeview St, New York City, NY 10001"
206052,AAA Batteries (4-pack),2,2.99,05/15/19 10:08,"706 13th St, New York City, NY 10001"
206053,Wired Headphones,2,11.99,05/16/19 17:39,"107 10th St, Portland, OR 97035"
206054,Wired Headphones,1,11.99,05/11/19 19:13,"112 Meadow St, Los Angeles, CA 90001"
206055,iPhone,1,700,05/25/19 22:21,"544 Wilson St, Austin, TX 73301"
206056,Lightning Charging Cable,2,14.95,05/09/19 11:52,"744 Adams St, Atlanta, GA 30301"
206057,Lightning Charging Cable,1,14.95,05/07/19 20:10,"256 South St, San Francisco, CA 94016"
206058,34in Ultrawide Monitor,1,379.99,05/25/19 21:37,"402 Park St, Boston, MA 02215"
206059,Lightning Charging Cable,1,14.95,05/07/19 18:00,"664 Willow St, Los Angeles, CA 90001"
206060,27in FHD Monitor,1,149.99,05/04/19 21:40,"268 Highland St, Los Angeles, CA 90001"
206061,Wired Headphones,2,11.99,05/16/19 18:42,"806 Meadow St, San Francisco, CA 94016"
206062,AAA Batteries (4-pack),1,2.99,05/28/19 17:31,"619 Hickory St, Boston, MA 02215"
206063,20in Monitor,1,109.99,05/06/19 22:22,"44 Forest St, Dallas, TX 75001"
206064,Lightning Charging Cable,1,14.95,05/29/19 16:59,"982 Lakeview St, San Francisco, CA 94016"
206065,Lightning Charging Cable,2,14.95,05/23/19 14:14,"256 Madison St, San Francisco, CA 94016"
206066,Macbook Pro Laptop,1,1700,05/17/19 13:06,"76 Pine St, Austin, TX 73301"
206067,AAA Batteries (4-pack),1,2.99,05/23/19 21:17,"112 1st St, Austin, TX 73301"
206068,27in 4K Gaming Monitor,1,389.99,05/16/19 03:40,"808 Lake St, Boston, MA 02215"
206069,AAA Batteries (4-pack),1,2.99,05/14/19 14:58,"216 8th St, Seattle, WA 98101"
206070,Vareebadd Phone,1,400,05/15/19 19:59,"907 10th St, New York City, NY 10001"
206071,Wired Headphones,1,11.99,05/06/19 16:54,"167 7th St, New York City, NY 10001"
206072,Wired Headphones,1,11.99,05/02/19 22:07,"117 Maple St, Boston, MA 02215"
206073,AAA Batteries (4-pack),1,2.99,05/18/19 06:40,"9 Johnson St, Seattle, WA 98101"
206074,USB-C Charging Cable,2,11.95,05/21/19 19:24,"79 West St, Atlanta, GA 30301"
206075,Bose SoundSport Headphones,1,99.99,05/22/19 19:48,"413 14th St, Austin, TX 73301"
206076,Lightning Charging Cable,1,14.95,05/20/19 13:35,"312 6th St, New York City, NY 10001"
206077,Lightning Charging Cable,1,14.95,05/19/19 09:12,"901 6th St, San Francisco, CA 94016"
206078,27in FHD Monitor,1,149.99,05/04/19 22:11,"880 7th St, Los Angeles, CA 90001"
206079,iPhone,1,700,05/03/19 02:26,"868 Jackson St, Portland, OR 97035"
206079,Wired Headphones,1,11.99,05/03/19 02:26,"868 Jackson St, Portland, OR 97035"
206080,AAA Batteries (4-pack),4,2.99,05/12/19 12:21,"873 Sunset St, San Francisco, CA 94016"
206081,ThinkPad Laptop,1,999.99,05/12/19 10:16,"993 Cedar St, San Francisco, CA 94016"
206082,AA Batteries (4-pack),1,3.84,05/08/19 16:51,"71 12th St, Dallas, TX 75001"
206083,Bose SoundSport Headphones,1,99.99,05/30/19 12:23,"210 Pine St, Austin, TX 73301"
206084,Wired Headphones,1,11.99,05/08/19 13:54,"362 6th St, Portland, OR 97035"
206085,Apple Airpods Headphones,1,150,05/14/19 12:40,"36 Dogwood St, Los Angeles, CA 90001"
206086,20in Monitor,1,109.99,05/11/19 15:38,"44 North St, San Francisco, CA 94016"
206087,Lightning Charging Cable,1,14.95,05/31/19 13:03,"935 5th St, San Francisco, CA 94016"
206088,USB-C Charging Cable,1,11.95,05/08/19 10:30,"579 Wilson St, Los Angeles, CA 90001"
206089,AA Batteries (4-pack),1,3.84,05/27/19 14:14,"143 Lakeview St, Boston, MA 02215"
206090,Wired Headphones,1,11.99,05/25/19 23:04,"705 Main St, San Francisco, CA 94016"
206091,USB-C Charging Cable,1,11.95,05/02/19 13:21,"252 Hill St, Atlanta, GA 30301"
206092,AA Batteries (4-pack),1,3.84,05/15/19 18:20,"758 8th St, Dallas, TX 75001"
206093,Lightning Charging Cable,2,14.95,05/12/19 20:32,"229 Church St, New York City, NY 10001"
206094,Wired Headphones,2,11.99,05/14/19 18:12,"483 Washington St, Los Angeles, CA 90001"
206095,Wired Headphones,1,11.99,05/23/19 17:34,"482 Main St, New York City, NY 10001"
206096,Wired Headphones,2,11.99,05/31/19 18:23,"35 Center St, San Francisco, CA 94016"
206097,iPhone,1,700,05/05/19 10:00,"638 Cedar St, San Francisco, CA 94016"
206097,Lightning Charging Cable,1,14.95,05/05/19 10:00,"638 Cedar St, San Francisco, CA 94016"
206097,Apple Airpods Headphones,1,150,05/05/19 10:00,"638 Cedar St, San Francisco, CA 94016"
206098,Bose SoundSport Headphones,1,99.99,05/26/19 08:42,"41 9th St, Dallas, TX 75001"
206099,27in 4K Gaming Monitor,1,389.99,05/23/19 20:10,"313 Main St, Portland, OR 97035"
206100,USB-C Charging Cable,1,11.95,05/28/19 16:04,"411 10th St, Los Angeles, CA 90001"
206101,ThinkPad Laptop,1,999.99,05/30/19 10:50,"482 13th St, Los Angeles, CA 90001"
206102,AA Batteries (4-pack),1,3.84,05/30/19 15:43,"360 Dogwood St, San Francisco, CA 94016"
206103,Wired Headphones,1,11.99,05/08/19 17:04,"652 Cherry St, San Francisco, CA 94016"
206104,34in Ultrawide Monitor,1,379.99,05/09/19 14:17,"69 Adams St, Austin, TX 73301"
206105,Bose SoundSport Headphones,1,99.99,05/22/19 16:02,"225 Pine St, San Francisco, CA 94016"
206106,27in FHD Monitor,1,149.99,05/09/19 21:51,"832 Pine St, New York City, NY 10001"
206107,iPhone,1,700,05/21/19 08:19,"918 Jackson St, Dallas, TX 75001"
206108,AAA Batteries (4-pack),6,2.99,05/15/19 15:56,"569 4th St, Dallas, TX 75001"
206109,USB-C Charging Cable,2,11.95,05/24/19 19:36,"876 South St, Atlanta, GA 30301"
206110,Wired Headphones,1,11.99,05/20/19 18:32,"132 12th St, San Francisco, CA 94016"
206111,AA Batteries (4-pack),1,3.84,05/27/19 19:42,"808 Main St, Dallas, TX 75001"
206112,Flatscreen TV,1,300,05/31/19 12:22,"320 Elm St, Los Angeles, CA 90001"
206113,Wired Headphones,1,11.99,05/28/19 13:21,"261 Ridge St, Portland, OR 97035"
206113,27in 4K Gaming Monitor,1,389.99,05/28/19 13:21,"261 Ridge St, Portland, OR 97035"
206114,USB-C Charging Cable,1,11.95,05/14/19 01:50,"384 13th St, Atlanta, GA 30301"
206115,Lightning Charging Cable,1,14.95,05/13/19 09:30,"360 Jefferson St, New York City, NY 10001"
206116,Apple Airpods Headphones,1,150,05/21/19 07:23,"860 Main St, New York City, NY 10001"
206117,27in FHD Monitor,1,149.99,05/10/19 22:09,"666 Cherry St, Dallas, TX 75001"
206118,Lightning Charging Cable,2,14.95,05/20/19 22:02,"975 Cedar St, Los Angeles, CA 90001"
206119,Google Phone,1,600,05/11/19 12:34,"255 Jefferson St, New York City, NY 10001"
206120,AA Batteries (4-pack),1,3.84,05/14/19 14:12,"793 8th St, San Francisco, CA 94016"
206121,Lightning Charging Cable,1,14.95,05/23/19 08:49,"190 Center St, Los Angeles, CA 90001"
206122,27in FHD Monitor,1,149.99,05/02/19 11:48,"809 Cedar St, Los Angeles, CA 90001"
206123,AAA Batteries (4-pack),1,2.99,05/05/19 15:30,"675 Dogwood St, Austin, TX 73301"
206124,20in Monitor,1,109.99,05/25/19 17:09,"883 Pine St, Austin, TX 73301"
206125,Lightning Charging Cable,1,14.95,05/08/19 17:40,"235 4th St, Los Angeles, CA 90001"
206126,27in FHD Monitor,1,149.99,05/16/19 09:32,"422 Church St, New York City, NY 10001"
206127,USB-C Charging Cable,1,11.95,05/12/19 11:33,"461 North St, Boston, MA 02215"
206128,AA Batteries (4-pack),1,3.84,05/31/19 01:56,"960 2nd St, Dallas, TX 75001"
206129,USB-C Charging Cable,1,11.95,05/06/19 14:47,"920 12th St, New York City, NY 10001"
206130,Macbook Pro Laptop,1,1700,05/01/19 13:27,"282 Jackson St, San Francisco, CA 94016"
206131,Lightning Charging Cable,1,14.95,05/26/19 11:23,"229 13th St, Los Angeles, CA 90001"
206132,USB-C Charging Cable,1,11.95,05/10/19 22:37,"893 Spruce St, San Francisco, CA 94016"
206133,Apple Airpods Headphones,1,150,05/18/19 03:04,"638 4th St, Boston, MA 02215"
206134,Macbook Pro Laptop,1,1700,05/23/19 16:09,"695 Spruce St, Dallas, TX 75001"
206135,34in Ultrawide Monitor,1,379.99,05/06/19 21:09,"73 Spruce St, Boston, MA 02215"
206136,Apple Airpods Headphones,1,150,05/02/19 14:52,"79 Elm St, Atlanta, GA 30301"
206137,AA Batteries (4-pack),2,3.84,05/14/19 20:37,"30 11th St, Atlanta, GA 30301"
206138,USB-C Charging Cable,1,11.95,05/18/19 16:34,"23 Jackson St, Los Angeles, CA 90001"
206139,USB-C Charging Cable,1,11.95,05/13/19 18:02,"798 Lincoln St, San Francisco, CA 94016"
206140,USB-C Charging Cable,1,11.95,05/04/19 22:01,"171 14th St, Seattle, WA 98101"
206141,USB-C Charging Cable,1,11.95,05/17/19 12:47,"806 10th St, San Francisco, CA 94016"
206142,27in FHD Monitor,1,149.99,05/16/19 13:40,"30 Walnut St, Los Angeles, CA 90001"
206143,20in Monitor,1,109.99,05/27/19 16:59,"962 Cherry St, Los Angeles, CA 90001"
206144,Macbook Pro Laptop,1,1700,05/15/19 21:32,"660 Adams St, San Francisco, CA 94016"
206145,AA Batteries (4-pack),1,3.84,05/30/19 16:45,"512 Spruce St, Portland, OR 97035"
206146,AAA Batteries (4-pack),1,2.99,05/25/19 16:33,"233 Pine St, San Francisco, CA 94016"
206147,Lightning Charging Cable,1,14.95,05/31/19 15:16,"616 14th St, Dallas, TX 75001"
206148,AA Batteries (4-pack),1,3.84,05/08/19 12:09,"38 Hill St, San Francisco, CA 94016"
206149,Apple Airpods Headphones,1,150,05/03/19 15:06,"355 Lakeview St, Atlanta, GA 30301"
206150,Bose SoundSport Headphones,1,99.99,05/18/19 16:36,"296 Willow St, New York City, NY 10001"
206151,USB-C Charging Cable,1,11.95,05/02/19 19:54,"243 Adams St, Atlanta, GA 30301"
206152,AAA Batteries (4-pack),1,2.99,05/02/19 08:35,"957 Sunset St, New York City, NY 10001"
206153,iPhone,1,700,05/27/19 20:45,"736 Cedar St, Atlanta, GA 30301"
206154,USB-C Charging Cable,1,11.95,05/29/19 23:26,"165 Lake St, San Francisco, CA 94016"
206155,Apple Airpods Headphones,1,150,05/21/19 12:52,"989 Highland St, Dallas, TX 75001"
206156,Bose SoundSport Headphones,1,99.99,05/12/19 21:43,"233 Hill St, New York City, NY 10001"
206157,Google Phone,1,600,05/25/19 21:59,"537 4th St, Austin, TX 73301"
206158,Google Phone,1,600,05/11/19 20:06,"346 Jefferson St, New York City, NY 10001"
206159,AA Batteries (4-pack),2,3.84,05/31/19 14:54,"229 Lakeview St, San Francisco, CA 94016"
206160,USB-C Charging Cable,1,11.95,05/22/19 14:34,"308 4th St, Seattle, WA 98101"
206161,Vareebadd Phone,1,400,05/03/19 12:19,"843 Madison St, Portland, OR 97035"
206161,USB-C Charging Cable,1,11.95,05/03/19 12:19,"843 Madison St, Portland, OR 97035"
206162,27in 4K Gaming Monitor,1,389.99,05/02/19 14:49,"214 11th St, New York City, NY 10001"
206163,27in FHD Monitor,1,149.99,05/28/19 08:51,"878 6th St, Dallas, TX 75001"
206164,Wired Headphones,1,11.99,05/19/19 05:49,"679 13th St, San Francisco, CA 94016"
206165,34in Ultrawide Monitor,1,379.99,05/14/19 22:04,"66 Lincoln St, Los Angeles, CA 90001"
206166,USB-C Charging Cable,1,11.95,05/26/19 12:18,"882 Willow St, Atlanta, GA 30301"
206167,Google Phone,1,600,05/11/19 11:58,"708 Lakeview St, Los Angeles, CA 90001"
206168,27in FHD Monitor,1,149.99,05/12/19 18:18,"865 5th St, Los Angeles, CA 90001"
206169,Lightning Charging Cable,1,14.95,05/28/19 20:24,"171 Sunset St, San Francisco, CA 94016"
Order ID,Product,Quantity Ordered,Price Each,Order Date,Purchase Address
206170,Bose SoundSport Headphones,1,99.99,05/08/19 09:44,"730 Church St, Los Angeles, CA 90001"
206171,Vareebadd Phone,1,400,05/30/19 08:42,"833 Elm St, San Francisco, CA 94016"
206172,Lightning Charging Cable,1,14.95,05/30/19 05:10,"900 Johnson St, Boston, MA 02215"
206173,AAA Batteries (4-pack),1,2.99,05/02/19 16:14,"504 Meadow St, New York City, NY 10001"
206174,AAA Batteries (4-pack),1,2.99,05/11/19 17:45,"863 Washington St, San Francisco, CA 94016"
206175,Wired Headphones,1,11.99,05/31/19 19:43,"879 Willow St, San Francisco, CA 94016"
206176,Lightning Charging Cable,1,14.95,05/14/19 23:55,"954 Church St, Los Angeles, CA 90001"
206177,ThinkPad Laptop,1,999.99,05/01/19 10:46,"49 Church St, Austin, TX 73301"
206178,Google Phone,1,600,05/01/19 21:08,"954 5th St, Seattle, WA 98101"
206179,USB-C Charging Cable,1,11.95,05/14/19 13:25,"85 5th St, Boston, MA 02215"
206180,Lightning Charging Cable,1,14.95,05/28/19 08:52,"630 6th St, Dallas, TX 75001"
206181,AA Batteries (4-pack),2,3.84,05/30/19 21:42,"843 2nd St, Atlanta, GA 30301"
206182,Apple Airpods Headphones,1,150,05/06/19 16:07,"213 Walnut St, Austin, TX 73301"
206183,Apple Airpods Headphones,1,150,05/06/19 09:43,"480 South St, Dallas, TX 75001"
206184,USB-C Charging Cable,1,11.95,05/16/19 20:39,"415 7th St, Boston, MA 02215"
206185,Bose SoundSport Headphones,1,99.99,05/31/19 12:10,"858 Highland St, San Francisco, CA 94016"
206186,Bose SoundSport Headphones,1,99.99,05/13/19 12:33,"925 Main St, Dallas, TX 75001"
206187,ThinkPad Laptop,1,999.99,05/17/19 11:42,"539 Chestnut St, Dallas, TX 75001"
206188,AAA Batteries (4-pack),1,2.99,05/29/19 12:56,"399 Lakeview St, Dallas, TX 75001"
206189,Lightning Charging Cable,1,14.95,05/28/19 04:35,"945 Lake St, New York City, NY 10001"
206190,27in 4K Gaming Monitor,1,389.99,05/01/19 21:52,"51 Hickory St, Portland, OR 97035"
206191,Wired Headphones,2,11.99,05/12/19 18:40,"965 Center St, Austin, TX 73301"
206192,Lightning Charging Cable,1,14.95,05/22/19 10:40,"396 13th St, Atlanta, GA 30301"
206193,iPhone,1,700,05/29/19 22:53,"8 Forest St, Los Angeles, CA 90001"
206194,34in Ultrawide Monitor,1,379.99,05/11/19 00:17,"843 Center St, Dallas, TX 75001"
206195,AAA Batteries (4-pack),1,2.99,05/10/19 14:51,"658 Meadow St, Portland, ME 04101"
206196,Apple Airpods Headphones,1,150,05/15/19 20:09,"481 Lake St, Austin, TX 73301"
206197,Wired Headphones,1,11.99,05/07/19 07:20,"786 Madison St, Los Angeles, CA 90001"
206198,AAA Batteries (4-pack),2,2.99,05/15/19 20:55,"786 14th St, Los Angeles, CA 90001"
206199,ThinkPad Laptop,1,999.99,05/26/19 08:35,"772 Chestnut St, Dallas, TX 75001"
206200,AA Batteries (4-pack),1,3.84,05/05/19 08:41,"528 Washington St, Dallas, TX 75001"
206201,ThinkPad Laptop,1,999.99,05/09/19 16:46,"391 Willow St, San Francisco, CA 94016"
206202,Flatscreen TV,1,300,05/05/19 12:52,"816 5th St, Dallas, TX 75001"
206203,Apple Airpods Headphones,1,150,05/27/19 18:49,"109 Cedar St, Los Angeles, CA 90001"
206204,USB-C Charging Cable,1,11.95,05/27/19 12:07,"549 4th St, Boston, MA 02215"
206205,USB-C Charging Cable,1,11.95,05/22/19 15:10,"238 Sunset St, San Francisco, CA 94016"
206206,Lightning Charging Cable,1,14.95,05/04/19 11:05,"143 12th St, Austin, TX 73301"
206207,Wired Headphones,1,11.99,05/15/19 14:18,"616 Center St, Dallas, TX 75001"
206208,Bose SoundSport Headphones,1,99.99,05/02/19 19:05,"436 Cedar St, Atlanta, GA 30301"
206209,USB-C Charging Cable,1,11.95,05/07/19 09:17,"821 7th St, Portland, OR 97035"
206210,iPhone,1,700,05/18/19 21:54,"713 Lakeview St, New York City, NY 10001"
206211,AA Batteries (4-pack),1,3.84,05/06/19 11:05,"725 Jefferson St, New York City, NY 10001"
206212,Lightning Charging Cable,1,14.95,05/15/19 11:21,"892 Pine St, San Francisco, CA 94016"
206213,Wired Headphones,1,11.99,05/30/19 20:03,"255 12th St, San Francisco, CA 94016"
206214,Apple Airpods Headphones,1,150,05/10/19 21:22,"120 River St, San Francisco, CA 94016"
206215,USB-C Charging Cable,1,11.95,05/17/19 11:20,"928 Lake St, Portland, OR 97035"
206216,AA Batteries (4-pack),1,3.84,05/21/19 09:22,"360 5th St, San Francisco, CA 94016"
206217,AA Batteries (4-pack),1,3.84,05/26/19 07:55,"815 Willow St, San Francisco, CA 94016"
206218,Flatscreen TV,1,300,05/23/19 09:47,"489 South St, San Francisco, CA 94016"
206219,AAA Batteries (4-pack),2,2.99,05/15/19 18:53,"987 12th St, Austin, TX 73301"
206220,USB-C Charging Cable,1,11.95,05/16/19 13:45,"16 10th St, Atlanta, GA 30301"
206221,Lightning Charging Cable,1,14.95,05/25/19 19:58,"725 Hill St, San Francisco, CA 94016"
206222,USB-C Charging Cable,1,11.95,05/28/19 12:52,"681 Maple St, Los Angeles, CA 90001"
206223,USB-C Charging Cable,1,11.95,05/18/19 19:22,"803 Maple St, Seattle, WA 98101"
206224,iPhone,1,700,05/17/19 20:27,"254 10th St, San Francisco, CA 94016"
206225,Wired Headphones,1,11.99,05/09/19 23:35,"132 Washington St, Atlanta, GA 30301"
206226,AAA Batteries (4-pack),1,2.99,05/29/19 13:40,"131 10th St, San Francisco, CA 94016"
206227,Bose SoundSport Headphones,1,99.99,05/01/19 12:55,"15 Meadow St, San Francisco, CA 94016"
206228,Wired Headphones,1,11.99,05/15/19 22:44,"41 Main St, Atlanta, GA 30301"
206229,AA Batteries (4-pack),2,3.84,05/22/19 12:19,"184 Highland St, Dallas, TX 75001"
206230,Lightning Charging Cable,1,14.95,05/04/19 10:25,"652 13th St, Boston, MA 02215"
206231,AA Batteries (4-pack),1,3.84,05/13/19 00:05,"633 2nd St, San Francisco, CA 94016"
206232,27in FHD Monitor,1,149.99,05/27/19 08:26,"471 Highland St, San Francisco, CA 94016"
206233,Google Phone,1,600,05/11/19 14:04,"196 Hickory St, Atlanta, GA 30301"
206234,Google Phone,1,600,05/10/19 00:50,"964 Pine St, New York City, NY 10001"
206234,USB-C Charging Cable,1,11.95,05/10/19 00:50,"964 Pine St, New York City, NY 10001"
206234,Wired Headphones,1,11.99,05/10/19 00:50,"964 Pine St, New York City, NY 10001"
206235,AA Batteries (4-pack),2,3.84,05/16/19 23:15,"600 10th St, New York City, NY 10001"
206236,Apple Airpods Headphones,1,150,05/18/19 07:31,"893 6th St, San Francisco, CA 94016"
206237,Lightning Charging Cable,1,14.95,05/13/19 13:58,"929 4th St, San Francisco, CA 94016"
206238,USB-C Charging Cable,1,11.95,05/21/19 00:15,"981 Meadow St, San Francisco, CA 94016"
206239,27in 4K Gaming Monitor,1,389.99,05/24/19 16:20,"17 Highland St, San Francisco, CA 94016"
206240,USB-C Charging Cable,1,11.95,05/19/19 13:56,"889 Lake St, Austin, TX 73301"
206241,27in FHD Monitor,1,149.99,05/10/19 09:33,"247 Lake St, Boston, MA 02215"
206242,iPhone,1,700,05/28/19 21:36,"235 Spruce St, Los Angeles, CA 90001"
206242,Lightning Charging Cable,1,14.95,05/28/19 21:36,"235 Spruce St, Los Angeles, CA 90001"
206243,AAA Batteries (4-pack),1,2.99,05/29/19 10:29,"154 Highland St, Atlanta, GA 30301"
206244,Lightning Charging Cable,1,14.95,05/31/19 20:07,"648 13th St, San Francisco, CA 94016"
206245,USB-C Charging Cable,1,11.95,05/02/19 12:28,"509 Church St, San Francisco, CA 94016"
206246,AAA Batteries (4-pack),1,2.99,05/01/19 20:21,"723 7th St, Los Angeles, CA 90001"
206247,AAA Batteries (4-pack),1,2.99,05/26/19 11:16,"641 Johnson St, Austin, TX 73301"
206248,AAA Batteries (4-pack),1,2.99,05/26/19 21:58,"152 12th St, Atlanta, GA 30301"
206249,27in 4K Gaming Monitor,1,389.99,05/11/19 13:17,"761 Main St, Seattle, WA 98101"
206250,Apple Airpods Headphones,1,150,05/12/19 17:42,"302 9th St, Boston, MA 02215"
206251,Macbook Pro Laptop,1,1700,05/07/19 08:27,"233 Ridge St, Seattle, WA 98101"
206252,AA Batteries (4-pack),1,3.84,05/29/19 17:45,"373 Dogwood St, San Francisco, CA 94016"
206253,34in Ultrawide Monitor,1,379.99,05/10/19 23:43,"255 1st St, New York City, NY 10001"
206254,AAA Batteries (4-pack),1,2.99,05/06/19 12:00,"571 9th St, Los Angeles, CA 90001"
206255,Lightning Charging Cable,1,14.95,05/08/19 08:14,"113 Walnut St, San Francisco, CA 94016"
206256,27in FHD Monitor,1,149.99,05/31/19 23:19,"590 10th St, Seattle, WA 98101"
206257,Lightning Charging Cable,1,14.95,05/16/19 19:00,"77 Lake St, San Francisco, CA 94016"
206258,Macbook Pro Laptop,1,1700,05/19/19 22:51,"141 Maple St, New York City, NY 10001"
206259,AA Batteries (4-pack),1,3.84,05/01/19 22:04,"638 Lake St, Dallas, TX 75001"
206260,USB-C Charging Cable,1,11.95,05/01/19 12:41,"171 Dogwood St, San Francisco, CA 94016"
206261,Wired Headphones,1,11.99,05/25/19 21:02,"361 Hickory St, San Francisco, CA 94016"
206262,27in FHD Monitor,1,149.99,05/14/19 14:32,"51 Wilson St, Portland, OR 97035"
206263,USB-C Charging Cable,1,11.95,05/16/19 08:08,"175 4th St, San Francisco, CA 94016"
206264,AAA Batteries (4-pack),1,2.99,05/21/19 12:33,"962 1st St, Austin, TX 73301"
206265,Bose SoundSport Headphones,1,99.99,05/16/19 06:16,"603 Washington St, New York City, NY 10001"
206266,Macbook Pro Laptop,1,1700,05/09/19 14:56,"279 12th St, New York City, NY 10001"
206267,Bose SoundSport Headphones,1,99.99,05/04/19 21:05,"949 Lincoln St, New York City, NY 10001"
206268,Apple Airpods Headphones,1,150,05/02/19 10:34,"199 Hickory St, Seattle, WA 98101"
206269,Macbook Pro Laptop,1,1700,05/21/19 09:54,"809 River St, San Francisco, CA 94016"
206270,27in FHD Monitor,1,149.99,05/25/19 21:08,"747 4th St, Atlanta, GA 30301"
206271,AAA Batteries (4-pack),1,2.99,05/15/19 17:01,"890 Elm St, San Francisco, CA 94016"
206272,Lightning Charging Cable,1,14.95,05/09/19 15:51,"102 Willow St, San Francisco, CA 94016"
206273,Lightning Charging Cable,1,14.95,05/06/19 23:50,"363 11th St, Portland, ME 04101"
206274,AAA Batteries (4-pack),2,2.99,05/24/19 13:51,"521 Wilson St, Los Angeles, CA 90001"
206275,Lightning Charging Cable,1,14.95,05/15/19 11:56,"399 Adams St, Los Angeles, CA 90001"
206276,Lightning Charging Cable,2,14.95,05/20/19 12:28,"448 Church St, Portland, OR 97035"
206277,20in Monitor,1,109.99,05/13/19 11:05,"709 Hill St, New York City, NY 10001"
206278,AA Batteries (4-pack),1,3.84,05/24/19 13:49,"376 Dogwood St, Seattle, WA 98101"
206279,iPhone,1,700,05/19/19 06:51,"860 Madison St, San Francisco, CA 94016"
206280,AAA Batteries (4-pack),1,2.99,05/22/19 10:55,"387 7th St, Boston, MA 02215"
206281,Lightning Charging Cable,2,14.95,05/22/19 10:18,"621 Meadow St, San Francisco, CA 94016"
206282,Google Phone,1,600,05/02/19 18:24,"562 5th St, San Francisco, CA 94016"
206283,Wired Headphones,1,11.99,05/25/19 21:16,"309 Wilson St, Portland, OR 97035"
206284,Apple Airpods Headphones,1,150,05/18/19 10:47,"202 Center St, Boston, MA 02215"
206285,34in Ultrawide Monitor,1,379.99,05/19/19 12:07,"677 South St, Portland, OR 97035"
206286,27in FHD Monitor,1,149.99,05/08/19 13:01,"526 9th St, Boston, MA 02215"
206287,Google Phone,1,600,05/29/19 20:55,"997 Forest St, San Francisco, CA 94016"
206288,USB-C Charging Cable,1,11.95,05/05/19 17:48,"941 2nd St, Dallas, TX 75001"
206289,iPhone,1,700,05/11/19 13:36,"883 Lincoln St, Dallas, TX 75001"
206290,Bose SoundSport Headphones,1,99.99,05/23/19 15:57,"862 5th St, Los Angeles, CA 90001"
206291,27in FHD Monitor,1,149.99,05/28/19 20:52,"92 Hickory St, San Francisco, CA 94016"
206292,Apple Airpods Headphones,1,150,05/11/19 14:13,"873 5th St, Boston, MA 02215"
206293,AA Batteries (4-pack),2,3.84,05/02/19 09:39,"622 Sunset St, Seattle, WA 98101"
206294,AA Batteries (4-pack),1,3.84,05/14/19 13:25,"882 4th St, New York City, NY 10001"
206295,Lightning Charging Cable,1,14.95,05/20/19 10:45,"970 Madison St, Los Angeles, CA 90001"
206296,Apple Airpods Headphones,1,150,05/02/19 11:24,"993 North St, Austin, TX 73301"
206297,27in FHD Monitor,1,149.99,05/15/19 10:55,"496 Meadow St, Seattle, WA 98101"
206298,Lightning Charging Cable,1,14.95,05/31/19 21:25,"185 Lake St, New York City, NY 10001"
206299,Lightning Charging Cable,1,14.95,05/29/19 19:02,"635 Chestnut St, New York City, NY 10001"
206300,AA Batteries (4-pack),1,3.84,05/19/19 09:29,"604 Jefferson St, Portland, OR 97035"
206301,AAA Batteries (4-pack),2,2.99,05/17/19 17:05,"796 Washington St, Seattle, WA 98101"
206302,Lightning Charging Cable,1,14.95,05/11/19 09:44,"304 North St, Austin, TX 73301"
206303,AA Batteries (4-pack),1,3.84,05/19/19 18:56,"758 10th St, Boston, MA 02215"
206304,Wired Headphones,1,11.99,05/29/19 15:38,"830 Lake St, San Francisco, CA 94016"
206305,Wired Headphones,1,11.99,05/21/19 09:48,"340 Dogwood St, Dallas, TX 75001"
206306,Wired Headphones,1,11.99,05/18/19 07:06,"267 Ridge St, Portland, OR 97035"
206307,USB-C Charging Cable,1,11.95,05/02/19 07:25,"519 Chestnut St, Seattle, WA 98101"
206308,USB-C Charging Cable,1,11.95,05/20/19 06:59,"989 10th St, Seattle, WA 98101"
206309,Wired Headphones,1,11.99,05/23/19 00:27,"324 Lincoln St, Boston, MA 02215"
206310,Lightning Charging Cable,1,14.95,05/14/19 05:42,"427 Lakeview St, Seattle, WA 98101"
206311,27in FHD Monitor,1,149.99,05/15/19 09:01,"383 6th St, Atlanta, GA 30301"
206312,Lightning Charging Cable,1,14.95,05/28/19 16:16,"299 12th St, New York City, NY 10001"
206313,AA Batteries (4-pack),1,3.84,05/22/19 12:19,"532 10th St, Atlanta, GA 30301"
206314,AA Batteries (4-pack),2,3.84,05/30/19 21:04,"702 Adams St, Portland, OR 97035"
206315,AA Batteries (4-pack),2,3.84,05/12/19 23:27,"650 Lake St, Los Angeles, CA 90001"
206316,Bose SoundSport Headphones,1,99.99,05/31/19 15:02,"276 Meadow St, San Francisco, CA 94016"
206317,Flatscreen TV,1,300,05/10/19 13:38,"482 Lake St, Boston, MA 02215"
206318,27in 4K Gaming Monitor,1,389.99,05/10/19 14:50,"799 Willow St, Los Angeles, CA 90001"
206319,Wired Headphones,1,11.99,05/26/19 10:07,"8 Cherry St, Austin, TX 73301"
206320,AA Batteries (4-pack),1,3.84,05/11/19 21:35,"124 River St, Boston, MA 02215"
206321,Lightning Charging Cable,1,14.95,05/07/19 10:10,"2 9th St, New York City, NY 10001"
206322,Macbook Pro Laptop,1,1700,05/19/19 18:36,"635 10th St, San Francisco, CA 94016"
206323,AAA Batteries (4-pack),1,2.99,05/17/19 21:23,"695 Wilson St, Dallas, TX 75001"
206324,Bose SoundSport Headphones,1,99.99,05/07/19 06:58,"780 Center St, San Francisco, CA 94016"
206325,Lightning Charging Cable,1,14.95,05/29/19 21:11,"186 River St, San Francisco, CA 94016"
206326,Flatscreen TV,1,300,05/23/19 17:12,"617 Maple St, Dallas, TX 75001"
206327,Lightning Charging Cable,1,14.95,05/11/19 14:55,"297 Pine St, Portland, OR 97035"
206328,Wired Headphones,1,11.99,05/15/19 16:41,"323 Forest St, Los Angeles, CA 90001"
206329,AA Batteries (4-pack),1,3.84,05/30/19 23:06,"689 North St, Austin, TX 73301"
206330,Bose SoundSport Headphones,1,99.99,05/28/19 14:56,"178 Pine St, New York City, NY 10001"
206331,iPhone,1,700,05/09/19 20:16,"21 South St, Los Angeles, CA 90001"
206332,Wired Headphones,2,11.99,05/20/19 13:00,"314 Church St, New York City, NY 10001"
206333,AA Batteries (4-pack),2,3.84,05/18/19 11:16,"531 Jackson St, Atlanta, GA 30301"
206334,Macbook Pro Laptop,1,1700,05/10/19 14:03,"772 9th St, Los Angeles, CA 90001"
206335,Lightning Charging Cable,1,14.95,05/02/19 13:30,"948 Hickory St, Portland, OR 97035"
206336,Apple Airpods Headphones,1,150,05/23/19 10:51,"559 14th St, Dallas, TX 75001"
206337,Lightning Charging Cable,1,14.95,05/25/19 19:32,"85 Lake St, San Francisco, CA 94016"
206338,Apple Airpods Headphones,1,150,05/11/19 23:29,"191 14th St, New York City, NY 10001"
206339,USB-C Charging Cable,1,11.95,05/06/19 15:32,"423 Madison St, New York City, NY 10001"
206340,iPhone,1,700,05/09/19 16:26,"278 Spruce St, Los Angeles, CA 90001"
206340,Lightning Charging Cable,1,14.95,05/09/19 16:26,"278 Spruce St, Los Angeles, CA 90001"
206341,27in FHD Monitor,1,149.99,05/05/19 10:02,"209 Wilson St, New York City, NY 10001"
206342,AAA Batteries (4-pack),3,2.99,05/20/19 02:18,"811 West St, San Francisco, CA 94016"
206343,Flatscreen TV,1,300,05/14/19 11:58,"464 Meadow St, Los Angeles, CA 90001"
206344,AAA Batteries (4-pack),1,2.99,05/03/19 19:32,"913 Pine St, Portland, ME 04101"
206345,AAA Batteries (4-pack),1,2.99,05/27/19 20:54,"960 River St, Dallas, TX 75001"
206346,27in 4K Gaming Monitor,1,389.99,05/14/19 08:10,"740 Walnut St, San Francisco, CA 94016"
206347,ThinkPad Laptop,1,999.99,05/09/19 11:22,"740 Walnut St, Los Angeles, CA 90001"
206348,Apple Airpods Headphones,1,150,05/03/19 21:08,"557 North St, Los Angeles, CA 90001"
206349,Lightning Charging Cable,1,14.95,05/23/19 12:20,"201 10th St, Seattle, WA 98101"
206350,Bose SoundSport Headphones,1,99.99,05/14/19 09:27,"492 2nd St, Boston, MA 02215"
206351,Wired Headphones,1,11.99,05/07/19 19:59,"811 Main St, Los Angeles, CA 90001"
206352,Lightning Charging Cable,1,14.95,05/15/19 11:07,"897 Dogwood St, Austin, TX 73301"
206353,AA Batteries (4-pack),2,3.84,05/03/19 08:53,"509 Spruce St, San Francisco, CA 94016"
206353,USB-C Charging Cable,1,11.95,05/03/19 08:53,"509 Spruce St, San Francisco, CA 94016"
206354,Google Phone,1,600,05/06/19 13:53,"788 6th St, San Francisco, CA 94016"
206354,USB-C Charging Cable,1,11.95,05/06/19 13:53,"788 6th St, San Francisco, CA 94016"
206355,27in FHD Monitor,1,149.99,05/05/19 18:16,"328 1st St, San Francisco, CA 94016"
206356,AA Batteries (4-pack),1,3.84,05/21/19 20:55,"866 Madison St, Dallas, TX 75001"
206357,Wired Headphones,3,11.99,05/02/19 07:40,"946 4th St, Los Angeles, CA 90001"
206358,Lightning Charging Cable,1,14.95,05/14/19 14:45,"668 13th St, Portland, OR 97035"
206359,AAA Batteries (4-pack),1,2.99,05/21/19 03:33,"82 West St, Austin, TX 73301"
206360,AA Batteries (4-pack),1,3.84,05/05/19 20:50,"467 6th St, New York City, NY 10001"
206361,AA Batteries (4-pack),1,3.84,05/01/19 20:33,"87 14th St, Los Angeles, CA 90001"
206362,AA Batteries (4-pack),2,3.84,05/16/19 00:50,"327 Forest St, Boston, MA 02215"
206363,USB-C Charging Cable,1,11.95,05/26/19 18:12,"321 Pine St, Los Angeles, CA 90001"
206364,AA Batteries (4-pack),2,3.84,05/17/19 22:31,"791 Dogwood St, Los Angeles, CA 90001"
206365,Wired Headphones,1,11.99,05/22/19 13:19,"907 West St, New York City, NY 10001"
206366,AAA Batteries (4-pack),1,2.99,05/23/19 12:44,"877 4th St, New York City, NY 10001"
206367,USB-C Charging Cable,1,11.95,05/20/19 17:12,"168 Chestnut St, San Francisco, CA 94016"
206368,AA Batteries (4-pack),1,3.84,05/21/19 13:53,"790 1st St, San Francisco, CA 94016"
206369,Apple Airpods Headphones,1,150,05/21/19 22:23,"205 Forest St, Boston, MA 02215"
206370,34in Ultrawide Monitor,1,379.99,05/26/19 09:54,"540 5th St, New York City, NY 10001"
206371,iPhone,1,700,05/21/19 14:34,"425 South St, Los Angeles, CA 90001"
206372,Google Phone,1,600,05/23/19 19:03,"675 Hickory St, San Francisco, CA 94016"
206372,Wired Headphones,1,11.99,05/23/19 19:03,"675 Hickory St, San Francisco, CA 94016"
206373,Flatscreen TV,1,300,05/25/19 18:30,"822 Madison St, Atlanta, GA 30301"
206374,Lightning Charging Cable,1,14.95,05/07/19 19:03,"855 6th St, San Francisco, CA 94016"
206375,Wired Headphones,1,11.99,05/04/19 20:16,"126 Wilson St, New York City, NY 10001"
206376,AA Batteries (4-pack),1,3.84,05/11/19 21:48,"732 Elm St, Los Angeles, CA 90001"
206377,Wired Headphones,1,11.99,05/12/19 18:17,"987 9th St, San Francisco, CA 94016"
206378,Wired Headphones,1,11.99,05/07/19 16:16,"857 Center St, New York City, NY 10001"
206379,Wired Headphones,1,11.99,05/25/19 10:04,"57 Madison St, Portland, ME 04101"
206380,AAA Batteries (4-pack),3,2.99,05/24/19 11:32,"357 Lake St, Seattle, WA 98101"
206381,AAA Batteries (4-pack),4,2.99,05/28/19 13:57,"576 2nd St, Los Angeles, CA 90001"
206382,AAA Batteries (4-pack),1,2.99,05/10/19 22:27,"436 Lake St, Seattle, WA 98101"
206383,AA Batteries (4-pack),1,3.84,05/26/19 16:02,"556 Washington St, Atlanta, GA 30301"
206384,34in Ultrawide Monitor,1,379.99,05/05/19 10:23,"415 Madison St, Austin, TX 73301"
206385,Apple Airpods Headphones,1,150,05/29/19 00:54,"755 Johnson St, Atlanta, GA 30301"
206386,Apple Airpods Headphones,1,150,05/21/19 13:25,"125 6th St, Atlanta, GA 30301"
206387,Flatscreen TV,1,300,05/02/19 11:51,"139 Willow St, San Francisco, CA 94016"
206388,AAA Batteries (4-pack),2,2.99,05/12/19 17:06,"903 Lake St, Los Angeles, CA 90001"
206389,USB-C Charging Cable,1,11.95,05/15/19 12:02,"755 Ridge St, San Francisco, CA 94016"
206390,USB-C Charging Cable,1,11.95,05/08/19 18:06,"750 Chestnut St, Austin, TX 73301"
206391,Lightning Charging Cable,1,14.95,05/07/19 20:53,"96 6th St, Boston, MA 02215"
206392,Lightning Charging Cable,1,14.95,05/18/19 11:11,"177 11th St, San Francisco, CA 94016"
206393,Wired Headphones,1,11.99,05/09/19 09:49,"601 Center St, Boston, MA 02215"
206394,ThinkPad Laptop,1,999.99,05/24/19 08:54,"496 River St, New York City, NY 10001"
206395,Apple Airpods Headphones,1,150,05/12/19 13:42,"290 Hill St, Seattle, WA 98101"
206396,Macbook Pro Laptop,1,1700,05/14/19 03:17,"773 Ridge St, Los Angeles, CA 90001"
206397,USB-C Charging Cable,1,11.95,05/11/19 15:07,"343 Lakeview St, San Francisco, CA 94016"
206398,Bose SoundSport Headphones,1,99.99,05/12/19 16:45,"775 Cherry St, New York City, NY 10001"
206399,Vareebadd Phone,1,400,05/23/19 09:53,"834 Spruce St, San Francisco, CA 94016"
206399,Bose SoundSport Headphones,1,99.99,05/23/19 09:53,"834 Spruce St, San Francisco, CA 94016"
206400,Bose SoundSport Headphones,1,99.99,05/09/19 17:55,"118 Forest St, Austin, TX 73301"
206401,AA Batteries (4-pack),1,3.84,05/03/19 21:39,"534 Adams St, New York City, NY 10001"
206402,Bose SoundSport Headphones,1,99.99,05/13/19 19:52,"338 7th St, San Francisco, CA 94016"
206403,Lightning Charging Cable,1,14.95,05/29/19 17:33,"630 9th St, San Francisco, CA 94016"
206404,AAA Batteries (4-pack),2,2.99,05/02/19 14:50,"18 6th St, Boston, MA 02215"
206404,AAA Batteries (4-pack),1,2.99,05/02/19 14:50,"18 6th St, Boston, MA 02215"
206405,AAA Batteries (4-pack),1,2.99,05/20/19 13:35,"437 9th St, New York City, NY 10001"
206406,Lightning Charging Cable,2,14.95,05/20/19 17:35,"468 River St, Portland, OR 97035"
206407,USB-C Charging Cable,1,11.95,05/23/19 15:35,"275 8th St, New York City, NY 10001"
206408,Lightning Charging Cable,1,14.95,05/28/19 15:36,"968 Johnson St, Dallas, TX 75001"
206409,USB-C Charging Cable,1,11.95,05/23/19 10:42,"879 Wilson St, New York City, NY 10001"
206410,34in Ultrawide Monitor,1,379.99,05/17/19 19:42,"815 Walnut St, San Francisco, CA 94016"
206411,34in Ultrawide Monitor,1,379.99,05/10/19 17:19,"929 Park St, Los Angeles, CA 90001"
206412,34in Ultrawide Monitor,1,379.99,05/13/19 16:13,"890 10th St, San Francisco, CA 94016"
206413,Macbook Pro Laptop,1,1700,05/07/19 09:41,"391 1st St, Seattle, WA 98101"
206413,iPhone,1,700,05/07/19 09:41,"391 1st St, Seattle, WA 98101"
206414,AA Batteries (4-pack),1,3.84,05/12/19 06:55,"710 Spruce St, San Francisco, CA 94016"
206415,AAA Batteries (4-pack),1,2.99,05/10/19 16:27,"359 Adams St, San Francisco, CA 94016"
206416,Apple Airpods Headphones,1,150,05/13/19 13:54,"16 West St, New York City, NY 10001"
206417,34in Ultrawide Monitor,1,379.99,05/24/19 08:30,"401 River St, New York City, NY 10001"
206418,AAA Batteries (4-pack),1,2.99,05/30/19 11:45,"318 13th St, Boston, MA 02215"
206419,Wired Headphones,1,11.99,05/03/19 11:11,"334 Wilson St, Los Angeles, CA 90001"
206420,Flatscreen TV,1,300,05/20/19 08:58,"80 South St, Boston, MA 02215"
206421,Apple Airpods Headphones,1,150,05/27/19 11:10,"923 Willow St, New York City, NY 10001"
206422,27in 4K Gaming Monitor,1,389.99,05/11/19 10:15,"779 South St, San Francisco, CA 94016"
206423,Wired Headphones,1,11.99,05/17/19 16:42,"386 Ridge St, San Francisco, CA 94016"
206424,27in FHD Monitor,1,149.99,05/09/19 15:22,"329 12th St, New York City, NY 10001"
206425,USB-C Charging Cable,1,11.95,05/06/19 09:08,"136 Johnson St, Seattle, WA 98101"
206426,iPhone,1,700,05/31/19 13:24,"908 10th St, Dallas, TX 75001"
206427,Bose SoundSport Headphones,1,99.99,05/10/19 09:14,"864 Meadow St, San Francisco, CA 94016"
206428,AAA Batteries (4-pack),4,2.99,05/10/19 09:53,"306 Cherry St, San Francisco, CA 94016"
206429,AAA Batteries (4-pack),1,2.99,05/19/19 17:21,"517 Willow St, Atlanta, GA 30301"
206430,AAA Batteries (4-pack),1,2.99,05/16/19 01:56,"427 Park St, San Francisco, CA 94016"
206431,Wired Headphones,1,11.99,05/30/19 12:47,"439 6th St, Dallas, TX 75001"
206432,AA Batteries (4-pack),1,3.84,05/11/19 14:16,"125 Lake St, San Francisco, CA 94016"
206433,34in Ultrawide Monitor,1,379.99,05/28/19 09:34,"107 Ridge St, Atlanta, GA 30301"
206434,iPhone,1,700,05/06/19 17:08,"277 West St, Portland, OR 97035"
206434,Lightning Charging Cable,1,14.95,05/06/19 17:08,"277 West St, Portland, OR 97035"
206435,USB-C Charging Cable,1,11.95,05/30/19 18:00,"683 14th St, Los Angeles, CA 90001"
206436,Flatscreen TV,1,300,05/22/19 16:25,"11 14th St, San Francisco, CA 94016"
206437,Lightning Charging Cable,1,14.95,05/12/19 13:12,"117 1st St, Boston, MA 02215"
206438,AAA Batteries (4-pack),1,2.99,05/07/19 21:01,"743 Highland St, Atlanta, GA 30301"
206439,Apple Airpods Headphones,1,150,05/17/19 07:53,"667 Pine St, Portland, OR 97035"
206440,AAA Batteries (4-pack),1,2.99,05/11/19 21:55,"657 10th St, New York City, NY 10001"
206441,Apple Airpods Headphones,1,150,05/10/19 13:04,"803 Elm St, San Francisco, CA 94016"
206442,Wired Headphones,1,11.99,05/22/19 17:58,"652 North St, San Francisco, CA 94016"
206443,Bose SoundSport Headphones,1,99.99,05/02/19 02:46,"345 South St, Boston, MA 02215"
206444,AA Batteries (4-pack),1,3.84,05/05/19 19:59,"23 Lake St, San Francisco, CA 94016"
206445,USB-C Charging Cable,1,11.95,05/17/19 14:37,"367 9th St, New York City, NY 10001"
206446,Flatscreen TV,1,300,05/23/19 13:58,"97 Elm St, Los Angeles, CA 90001"
206447,Wired Headphones,1,11.99,05/25/19 00:54,"406 Spruce St, Atlanta, GA 30301"
206448,Macbook Pro Laptop,1,1700,05/04/19 09:15,"268 Ridge St, San Francisco, CA 94016"
206449,Apple Airpods Headphones,1,150,05/11/19 10:58,"866 13th St, San Francisco, CA 94016"
206450,34in Ultrawide Monitor,1,379.99,05/10/19 17:41,"819 8th St, Boston, MA 02215"
206451,Wired Headphones,1,11.99,05/11/19 18:26,"483 Spruce St, San Francisco, CA 94016"
206452,AA Batteries (4-pack),1,3.84,05/01/19 15:27,"704 Washington St, New York City, NY 10001"
206453,ThinkPad Laptop,1,999.99,05/22/19 09:35,"390 10th St, San Francisco, CA 94016"
206454,Lightning Charging Cable,1,14.95,05/22/19 14:29,"907 Meadow St, Portland, OR 97035"
206455,USB-C Charging Cable,1,11.95,05/19/19 05:42,"2 Walnut St, Atlanta, GA 30301"
206456,34in Ultrawide Monitor,1,379.99,05/30/19 21:22,"412 Washington St, San Francisco, CA 94016"
206457,20in Monitor,1,109.99,05/04/19 23:39,"659 Spruce St, San Francisco, CA 94016"
206458,AA Batteries (4-pack),1,3.84,05/05/19 17:36,"714 9th St, San Francisco, CA 94016"
206459,Bose SoundSport Headphones,1,99.99,05/16/19 16:45,"886 Forest St, Seattle, WA 98101"
206460,Macbook Pro Laptop,1,1700,05/02/19 12:40,"975 River St, Seattle, WA 98101"
206461,AAA Batteries (4-pack),1,2.99,05/10/19 11:05,"990 North St, New York City, NY 10001"
206462,AA Batteries (4-pack),1,3.84,05/29/19 20:06,"895 Jackson St, Atlanta, GA 30301"
206463,Wired Headphones,1,11.99,05/12/19 13:44,"201 9th St, Boston, MA 02215"
206464,Apple Airpods Headphones,1,150,05/30/19 01:19,"478 South St, New York City, NY 10001"
206465,27in 4K Gaming Monitor,1,389.99,05/23/19 16:22,"218 Park St, New York City, NY 10001"
206466,Wired Headphones,1,11.99,05/25/19 14:25,"998 Park St, Boston, MA 02215"
206467,LG Washing Machine,1,600.0,05/29/19 13:18,"978 Walnut St, Los Angeles, CA 90001"
206468,USB-C Charging Cable,1,11.95,05/23/19 23:53,"4 4th St, Boston, MA 02215"
206469,Lightning Charging Cable,1,14.95,05/02/19 11:08,"387 2nd St, San Francisco, CA 94016"
206470,Bose SoundSport Headphones,1,99.99,05/12/19 07:56,"598 Walnut St, San Francisco, CA 94016"
206471,USB-C Charging Cable,1,11.95,05/06/19 13:22,"294 Park St, Austin, TX 73301"
206472,AA Batteries (4-pack),1,3.84,05/28/19 16:37,"590 Main St, Atlanta, GA 30301"
206473,AA Batteries (4-pack),1,3.84,05/14/19 21:28,"503 11th St, San Francisco, CA 94016"
206474,Lightning Charging Cable,1,14.95,05/23/19 16:23,"363 Cherry St, Dallas, TX 75001"
206475,27in 4K Gaming Monitor,1,389.99,05/19/19 17:43,"264 8th St, New York City, NY 10001"
206476,Bose SoundSport Headphones,1,99.99,05/22/19 11:55,"832 Wilson St, Los Angeles, CA 90001"
206476,Lightning Charging Cable,2,14.95,05/22/19 11:55,"832 Wilson St, Los Angeles, CA 90001"
206477,ThinkPad Laptop,1,999.99,05/11/19 20:05,"96 Walnut St, Los Angeles, CA 90001"
206478,Wired Headphones,1,11.99,05/13/19 18:42,"77 Center St, San Francisco, CA 94016"
206479,AAA Batteries (4-pack),2,2.99,05/24/19 12:44,"832 Dogwood St, Boston, MA 02215"
206480,AA Batteries (4-pack),1,3.84,05/14/19 22:59,"111 Maple St, Atlanta, GA 30301"
206481,27in FHD Monitor,1,149.99,05/05/19 12:35,"622 South St, Austin, TX 73301"
206482,Wired Headphones,1,11.99,05/09/19 11:02,"788 Madison St, New York City, NY 10001"
206483,AA Batteries (4-pack),1,3.84,05/07/19 07:30,"273 Meadow St, Los Angeles, CA 90001"
206484,USB-C Charging Cable,1,11.95,05/20/19 20:19,"826 Jackson St, Atlanta, GA 30301"
206485,AAA Batteries (4-pack),1,2.99,05/19/19 21:30,"786 Cherry St, Seattle, WA 98101"
206486,AA Batteries (4-pack),1,3.84,05/22/19 23:22,"217 1st St, Boston, MA 02215"
206487,Lightning Charging Cable,1,14.95,05/02/19 15:51,"753 9th St, Boston, MA 02215"
206488,27in 4K Gaming Monitor,1,389.99,05/05/19 12:26,"993 Willow St, Portland, OR 97035"
206489,27in FHD Monitor,1,149.99,05/15/19 09:04,"767 13th St, Austin, TX 73301"
206490,USB-C Charging Cable,1,11.95,05/01/19 07:23,"79 Center St, San Francisco, CA 94016"
206491,Bose SoundSport Headphones,1,99.99,05/20/19 15:46,"331 14th St, Seattle, WA 98101"
206492,AA Batteries (4-pack),1,3.84,05/14/19 04:19,"104 Dogwood St, New York City, NY 10001"
206493,Bose SoundSport Headphones,1,99.99,05/17/19 07:52,"121 West St, New York City, NY 10001"
206494,27in 4K Gaming Monitor,1,389.99,05/17/19 11:30,"739 14th St, San Francisco, CA 94016"
206495,Lightning Charging Cable,1,14.95,05/11/19 18:05,"597 Lake St, Seattle, WA 98101"
206496,20in Monitor,1,109.99,05/10/19 12:32,"889 Wilson St, San Francisco, CA 94016"
206497,Google Phone,1,600,05/26/19 10:23,"162 Johnson St, San Francisco, CA 94016"
206497,Lightning Charging Cable,1,14.95,05/26/19 10:23,"162 Johnson St, San Francisco, CA 94016"
206498,Wired Headphones,1,11.99,05/01/19 12:08,"197 Church St, New York City, NY 10001"
206499,Lightning Charging Cable,1,14.95,05/10/19 20:12,"164 South St, San Francisco, CA 94016"
206500,27in 4K Gaming Monitor,1,389.99,05/27/19 21:47,"756 Main St, Boston, MA 02215"
206501,Wired Headphones,1,11.99,05/11/19 10:29,"398 Dogwood St, Dallas, TX 75001"
206502,Apple Airpods Headphones,1,150,05/17/19 19:01,"729 Elm St, Boston, MA 02215"
206503,iPhone,1,700,05/18/19 13:12,"774 Sunset St, Seattle, WA 98101"
206504,AAA Batteries (4-pack),1,2.99,05/24/19 00:56,"943 14th St, Atlanta, GA 30301"
206505,Wired Headphones,1,11.99,05/23/19 09:38,"563 Washington St, Dallas, TX 75001"
206506,USB-C Charging Cable,1,11.95,05/02/19 15:23,"56 13th St, Portland, OR 97035"
206507,AAA Batteries (4-pack),1,2.99,05/07/19 17:55,"940 2nd St, Atlanta, GA 30301"
206508,iPhone,1,700,05/08/19 22:41,"288 Hill St, Boston, MA 02215"
206509,Bose SoundSport Headphones,1,99.99,05/30/19 00:50,"662 2nd St, Los Angeles, CA 90001"
206510,AAA Batteries (4-pack),1,2.99,05/16/19 15:02,"181 5th St, Atlanta, GA 30301"
206511,Apple Airpods Headphones,1,150,05/24/19 12:35,"866 Highland St, San Francisco, CA 94016"
206512,Bose SoundSport Headphones,1,99.99,05/24/19 07:55,"619 Highland St, Atlanta, GA 30301"
206513,USB-C Charging Cable,1,11.95,05/19/19 13:42,"362 Hickory St, Austin, TX 73301"
206514,USB-C Charging Cable,1,11.95,05/02/19 08:48,"725 Jefferson St, Austin, TX 73301"
206515,Wired Headphones,1,11.99,05/27/19 21:41,"84 6th St, Atlanta, GA 30301"
206516,Wired Headphones,1,11.99,05/05/19 19:15,"775 Lakeview St, Boston, MA 02215"
206517,Bose SoundSport Headphones,1,99.99,05/18/19 19:06,"251 Church St, Portland, OR 97035"
206518,USB-C Charging Cable,1,11.95,05/12/19 15:16,"848 Washington St, Los Angeles, CA 90001"
206519,Apple Airpods Headphones,1,150,05/05/19 20:20,"548 West St, San Francisco, CA 94016"
206520,Lightning Charging Cable,1,14.95,05/26/19 14:43,"980 2nd St, Boston, MA 02215"
206521,Google Phone,1,600,05/19/19 10:03,"713 Dogwood St, Austin, TX 73301"
206521,Wired Headphones,1,11.99,05/19/19 10:03,"713 Dogwood St, Austin, TX 73301"
206522,AAA Batteries (4-pack),1,2.99,05/17/19 18:55,"445 Meadow St, Portland, OR 97035"
206523,USB-C Charging Cable,1,11.95,05/25/19 21:42,"113 Elm St, Seattle, WA 98101"
206524,AAA Batteries (4-pack),2,2.99,05/24/19 17:14,"256 14th St, Dallas, TX 75001"
206525,AAA Batteries (4-pack),3,2.99,05/10/19 07:04,"729 Johnson St, Los Angeles, CA 90001"
206526,AA Batteries (4-pack),1,3.84,05/25/19 21:07,"832 Lakeview St, Boston, MA 02215"
206527,27in 4K Gaming Monitor,1,389.99,05/27/19 22:04,"920 12th St, Dallas, TX 75001"
206528,AAA Batteries (4-pack),1,2.99,05/03/19 22:08,"183 Cedar St, Seattle, WA 98101"
206529,iPhone,1,700,05/23/19 15:45,"203 4th St, Atlanta, GA 30301"
206529,Wired Headphones,1,11.99,05/23/19 15:45,"203 4th St, Atlanta, GA 30301"
206530,34in Ultrawide Monitor,1,379.99,05/28/19 13:38,"335 7th St, Austin, TX 73301"
206531,27in 4K Gaming Monitor,1,389.99,05/12/19 21:04,"171 12th St, Atlanta, GA 30301"
206532,iPhone,1,700,05/14/19 00:11,"195 Lake St, Austin, TX 73301"
206533,AAA Batteries (4-pack),2,2.99,05/26/19 00:21,"986 2nd St, Los Angeles, CA 90001"
206534,Wired Headphones,1,11.99,05/13/19 21:31,"28 Johnson St, Los Angeles, CA 90001"
206535,AAA Batteries (4-pack),1,2.99,05/07/19 11:44,"605 West St, Austin, TX 73301"
206536,Wired Headphones,1,11.99,05/08/19 12:53,"285 Lakeview St, San Francisco, CA 94016"
206537,iPhone,1,700,05/27/19 18:44,"412 Jackson St, Austin, TX 73301"
206538,AAA Batteries (4-pack),1,2.99,05/26/19 12:41,"156 Highland St, San Francisco, CA 94016"
206539,AA Batteries (4-pack),3,3.84,05/07/19 09:28,"899 Ridge St, San Francisco, CA 94016"
206540,iPhone,1,700,05/29/19 14:32,"361 1st St, Los Angeles, CA 90001"
206541,USB-C Charging Cable,1,11.95,05/14/19 10:33,"444 Pine St, Atlanta, GA 30301"
206542,Wired Headphones,2,11.99,05/17/19 12:10,"91 Cherry St, Austin, TX 73301"
206543,iPhone,1,700,05/12/19 17:39,"713 Lincoln St, Dallas, TX 75001"
206543,Lightning Charging Cable,1,14.95,05/12/19 17:39,"713 Lincoln St, Dallas, TX 75001"
206544,USB-C Charging Cable,1,11.95,05/13/19 13:38,"311 Highland St, San Francisco, CA 94016"
206545,Lightning Charging Cable,1,14.95,05/04/19 16:11,"80 1st St, Los Angeles, CA 90001"
206546,AAA Batteries (4-pack),2,2.99,05/19/19 19:14,"456 Lakeview St, San Francisco, CA 94016"
206547,Bose SoundSport Headphones,1,99.99,05/25/19 00:05,"480 Jefferson St, San Francisco, CA 94016"
206548,Apple Airpods Headphones,1,150,05/13/19 21:03,"882 1st St, Portland, OR 97035"
206549,34in Ultrawide Monitor,1,379.99,05/03/19 10:39,"718 Chestnut St, San Francisco, CA 94016"
206550,34in Ultrawide Monitor,1,379.99,05/10/19 01:36,"180 Washington St, Seattle, WA 98101"
206551,Google Phone,1,600,05/19/19 09:36,"225 Elm St, New York City, NY 10001"
206551,USB-C Charging Cable,1,11.95,05/19/19 09:36,"225 Elm St, New York City, NY 10001"
206552,AAA Batteries (4-pack),1,2.99,05/03/19 18:59,"836 Church St, Atlanta, GA 30301"
206553,27in 4K Gaming Monitor,1,389.99,05/25/19 20:42,"454 Johnson St, New York City, NY 10001"
206554,Bose SoundSport Headphones,1,99.99,05/08/19 15:12,"522 Elm St, San Francisco, CA 94016"
206555,Wired Headphones,2,11.99,05/12/19 06:17,"473 Willow St, San Francisco, CA 94016"
206556,27in FHD Monitor,1,149.99,05/14/19 20:03,"89 Highland St, Portland, OR 97035"
206557,Apple Airpods Headphones,1,150,05/01/19 13:07,"296 Jefferson St, Atlanta, GA 30301"
206558,USB-C Charging Cable,1,11.95,05/01/19 12:47,"803 Dogwood St, Portland, ME 04101"
206559,Apple Airpods Headphones,1,150,05/07/19 09:46,"207 Jackson St, Los Angeles, CA 90001"
206560,Lightning Charging Cable,1,14.95,05/27/19 14:29,"96 Dogwood St, Dallas, TX 75001"
206561,Macbook Pro Laptop,1,1700,05/24/19 16:12,"258 Dogwood St, San Francisco, CA 94016"
206562,Flatscreen TV,1,300,05/21/19 11:44,"726 Dogwood St, San Francisco, CA 94016"
206563,Wired Headphones,1,11.99,05/05/19 12:13,"704 Hill St, Boston, MA 02215"
206564,AAA Batteries (4-pack),1,2.99,05/16/19 20:45,"824 Sunset St, San Francisco, CA 94016"
206565,AAA Batteries (4-pack),1,2.99,05/22/19 08:42,"642 Cherry St, Seattle, WA 98101"
206566,Apple Airpods Headphones,1,150,05/19/19 13:55,"527 North St, New York City, NY 10001"
206567,Wired Headphones,1,11.99,05/07/19 13:25,"34 Jefferson St, Los Angeles, CA 90001"
206568,Google Phone,1,600,05/29/19 16:57,"651 Walnut St, Los Angeles, CA 90001"
206569,27in FHD Monitor,1,149.99,05/03/19 15:10,"54 Jefferson St, Seattle, WA 98101"
206570,Apple Airpods Headphones,1,150,05/22/19 21:32,"192 Forest St, Boston, MA 02215"
206571,ThinkPad Laptop,1,999.99,05/07/19 10:04,"64 Lake St, San Francisco, CA 94016"
206572,AAA Batteries (4-pack),4,2.99,05/06/19 10:25,"368 Sunset St, Boston, MA 02215"
206573,USB-C Charging Cable,1,11.95,05/15/19 21:50,"532 Highland St, Dallas, TX 75001"
206574,20in Monitor,1,109.99,05/28/19 16:53,"800 2nd St, San Francisco, CA 94016"
206575,Vareebadd Phone,1,400,05/28/19 19:08,"728 Wilson St, San Francisco, CA 94016"
206576,AAA Batteries (4-pack),1,2.99,05/12/19 17:06,"805 Chestnut St, Los Angeles, CA 90001"
206577,iPhone,1,700,05/26/19 19:54,"579 Park St, Boston, MA 02215"
206578,Bose SoundSport Headphones,1,99.99,05/27/19 14:48,"223 Forest St, Portland, OR 97035"
206579,AAA Batteries (4-pack),2,2.99,05/13/19 14:04,"696 Dogwood St, Dallas, TX 75001"
206580,Lightning Charging Cable,1,14.95,05/16/19 10:04,"673 Cedar St, New York City, NY 10001"
206581,USB-C Charging Cable,1,11.95,05/30/19 15:00,"791 9th St, Austin, TX 73301"
206582,AAA Batteries (4-pack),1,2.99,05/23/19 16:03,"546 Cherry St, Boston, MA 02215"
206583,AA Batteries (4-pack),1,3.84,05/22/19 14:08,"291 Hill St, New York City, NY 10001"
206584,Lightning Charging Cable,1,14.95,05/11/19 23:11,"576 6th St, Atlanta, GA 30301"
206585,Bose SoundSport Headphones,1,99.99,05/22/19 15:29,"832 Main St, New York City, NY 10001"
206586,34in Ultrawide Monitor,1,379.99,05/15/19 13:36,"39 Ridge St, Boston, MA 02215"
206587,AA Batteries (4-pack),1,3.84,05/18/19 20:41,"594 Meadow St, San Francisco, CA 94016"
206587,Wired Headphones,1,11.99,05/18/19 20:41,"594 Meadow St, San Francisco, CA 94016"
206588,USB-C Charging Cable,1,11.95,05/11/19 19:50,"140 Sunset St, Austin, TX 73301"
206589,LG Dryer,1,600.0,05/16/19 00:27,"824 Willow St, Dallas, TX 75001"
206590,27in FHD Monitor,1,149.99,05/28/19 14:23,"4 Highland St, San Francisco, CA 94016"
206591,Lightning Charging Cable,1,14.95,05/09/19 09:16,"211 9th St, Boston, MA 02215"
206592,USB-C Charging Cable,1,11.95,05/12/19 15:15,"14 Spruce St, San Francisco, CA 94016"
206593,Apple Airpods Headphones,1,150,05/20/19 07:02,"854 Cedar St, New York City, NY 10001"
206594,Lightning Charging Cable,1,14.95,05/21/19 07:01,"453 Chestnut St, San Francisco, CA 94016"
206595,AAA Batteries (4-pack),1,2.99,05/29/19 13:09,"356 Main St, Los Angeles, CA 90001"
206596,Bose SoundSport Headphones,1,99.99,05/07/19 09:12,"501 Jefferson St, Los Angeles, CA 90001"
206597,Wired Headphones,1,11.99,05/19/19 10:49,"964 Forest St, Los Angeles, CA 90001"
206598,USB-C Charging Cable,1,11.95,05/03/19 21:06,"347 Pine St, Portland, OR 97035"
206599,AA Batteries (4-pack),1,3.84,05/03/19 08:12,"619 North St, San Francisco, CA 94016"
206600,Wired Headphones,1,11.99,05/04/19 19:23,"59 Ridge St, Boston, MA 02215"
206601,Apple Airpods Headphones,1,150,05/19/19 08:39,"181 Chestnut St, San Francisco, CA 94016"
206602,AAA Batteries (4-pack),1,2.99,05/16/19 08:55,"582 Hickory St, Los Angeles, CA 90001"
206603,USB-C Charging Cable,1,11.95,05/30/19 19:31,"624 Ridge St, Los Angeles, CA 90001"
206604,Lightning Charging Cable,1,14.95,05/02/19 20:24,"45 12th St, San Francisco, CA 94016"
206605,iPhone,1,700,05/15/19 11:44,"469 Pine St, Portland, OR 97035"
206606,Apple Airpods Headphones,1,150,05/30/19 21:42,"265 Washington St, San Francisco, CA 94016"
206607,AA Batteries (4-pack),1,3.84,05/17/19 07:33,"621 14th St, Dallas, TX 75001"
206608,USB-C Charging Cable,1,11.95,05/10/19 23:34,"130 Sunset St, Dallas, TX 75001"
206609,AAA Batteries (4-pack),1,2.99,05/01/19 17:30,"564 Forest St, San Francisco, CA 94016"
206610,Bose SoundSport Headphones,1,99.99,05/14/19 10:16,"958 Walnut St, Los Angeles, CA 90001"
206611,AAA Batteries (4-pack),1,2.99,05/30/19 19:02,"533 Sunset St, San Francisco, CA 94016"
206612,Macbook Pro Laptop,1,1700,05/03/19 07:47,"416 Lakeview St, Los Angeles, CA 90001"
206613,27in FHD Monitor,1,149.99,05/13/19 11:10,"772 Johnson St, Dallas, TX 75001"
206614,27in FHD Monitor,1,149.99,05/11/19 19:16,"688 River St, New York City, NY 10001"
206615,USB-C Charging Cable,1,11.95,05/02/19 14:21,"267 7th St, Atlanta, GA 30301"
206616,Google Phone,1,600,05/30/19 17:14,"7 12th St, Los Angeles, CA 90001"
206617,Apple Airpods Headphones,1,150,05/18/19 09:20,"4 Hickory St, Boston, MA 02215"
206618,Apple Airpods Headphones,1,150,05/15/19 10:12,"254 Dogwood St, Portland, ME 04101"
206619,AA Batteries (4-pack),2,3.84,05/06/19 10:02,"576 5th St, Atlanta, GA 30301"
206620,Flatscreen TV,1,300,05/09/19 19:20,"707 9th St, San Francisco, CA 94016"
206621,Apple Airpods Headphones,1,150,05/08/19 22:36,"925 Church St, San Francisco, CA 94016"
206622,Lightning Charging Cable,1,14.95,05/28/19 17:10,"324 Adams St, New York City, NY 10001"
206623,27in FHD Monitor,1,149.99,05/12/19 08:32,"236 Center St, San Francisco, CA 94016"
206624,iPhone,1,700,05/17/19 17:21,"954 Walnut St, San Francisco, CA 94016"
206625,AA Batteries (4-pack),1,3.84,05/11/19 18:35,"608 South St, Seattle, WA 98101"
206626,Apple Airpods Headphones,1,150,05/29/19 09:51,"556 Hickory St, Seattle, WA 98101"
206627,27in 4K Gaming Monitor,1,389.99,05/15/19 12:58,"419 Church St, Boston, MA 02215"
206628,Wired Headphones,1,11.99,05/21/19 22:17,"808 Washington St, New York City, NY 10001"
206629,Macbook Pro Laptop,1,1700,05/30/19 15:02,"40 Main St, Boston, MA 02215"
206630,Wired Headphones,1,11.99,05/31/19 16:01,"2 11th St, San Francisco, CA 94016"
206631,Apple Airpods Headphones,1,150,05/18/19 16:37,"539 Jackson St, Boston, MA 02215"
206632,Flatscreen TV,1,300,05/12/19 17:02,"534 Adams St, Los Angeles, CA 90001"
206633,Bose SoundSport Headphones,1,99.99,05/18/19 18:36,"873 Jefferson St, San Francisco, CA 94016"
206634,20in Monitor,1,109.99,05/06/19 11:59,"303 North St, New York City, NY 10001"
206635,Wired Headphones,1,11.99,05/11/19 11:44,"365 Dogwood St, Los Angeles, CA 90001"
206636,Google Phone,1,600,05/27/19 15:49,"522 Ridge St, Los Angeles, CA 90001"
206637,AAA Batteries (4-pack),2,2.99,05/06/19 18:21,"333 Highland St, San Francisco, CA 94016"
206638,AA Batteries (4-pack),1,3.84,05/18/19 13:45,"853 Lakeview St, Seattle, WA 98101"
206639,Lightning Charging Cable,1,14.95,05/20/19 12:42,"669 Jackson St, San Francisco, CA 94016"
206640,ThinkPad Laptop,1,999.99,05/18/19 10:30,"898 Madison St, Boston, MA 02215"
206641,USB-C Charging Cable,2,11.95,05/07/19 13:14,"524 10th St, Atlanta, GA 30301"
206642,Wired Headphones,1,11.99,05/28/19 15:36,"293 Forest St, Los Angeles, CA 90001"
206643,ThinkPad Laptop,1,999.99,05/14/19 04:35,"284 Jackson St, Seattle, WA 98101"
206644,USB-C Charging Cable,1,11.95,05/11/19 18:48,"585 Elm St, Boston, MA 02215"
206645,Lightning Charging Cable,1,14.95,05/24/19 16:52,"868 Maple St, Los Angeles, CA 90001"
206646,Flatscreen TV,1,300,05/20/19 07:20,"693 Willow St, Los Angeles, CA 90001"
206647,Wired Headphones,1,11.99,05/15/19 16:05,"971 Dogwood St, Dallas, TX 75001"
206648,27in FHD Monitor,1,149.99,05/25/19 15:57,"825 Highland St, Los Angeles, CA 90001"
206649,Bose SoundSport Headphones,1,99.99,05/23/19 23:41,"817 Johnson St, San Francisco, CA 94016"
206650,ThinkPad Laptop,1,999.99,05/30/19 22:48,"109 Adams St, Austin, TX 73301"
206651,USB-C Charging Cable,1,11.95,05/25/19 22:55,"463 Sunset St, Los Angeles, CA 90001"
206652,USB-C Charging Cable,1,11.95,05/11/19 02:43,"586 Washington St, San Francisco, CA 94016"
206653,USB-C Charging Cable,1,11.95,05/11/19 15:59,"935 Washington St, San Francisco, CA 94016"
206654,Apple Airpods Headphones,1,150,05/03/19 20:38,"52 Chestnut St, New York City, NY 10001"
206655,Vareebadd Phone,1,400,05/08/19 18:10,"353 Johnson St, Boston, MA 02215"
206655,USB-C Charging Cable,1,11.95,05/08/19 18:10,"353 Johnson St, Boston, MA 02215"
206655,Wired Headphones,1,11.99,05/08/19 18:10,"353 Johnson St, Boston, MA 02215"
206656,Lightning Charging Cable,2,14.95,05/03/19 03:56,"914 Sunset St, Dallas, TX 75001"
206657,Lightning Charging Cable,1,14.95,05/01/19 12:44,"450 Lake St, San Francisco, CA 94016"
206658,AA Batteries (4-pack),2,3.84,05/21/19 13:55,"589 Wilson St, San Francisco, CA 94016"
206659,Flatscreen TV,1,300,05/08/19 04:58,"208 Main St, Portland, OR 97035"
206659,Apple Airpods Headphones,1,150,05/08/19 04:58,"208 Main St, Portland, OR 97035"
206660,AAA Batteries (4-pack),1,2.99,05/30/19 19:34,"740 Jefferson St, Dallas, TX 75001"
206661,AAA Batteries (4-pack),1,2.99,05/07/19 09:51,"68 8th St, Boston, MA 02215"
206662,Flatscreen TV,1,300,05/08/19 14:53,"302 Hill St, New York City, NY 10001"
206663,Wired Headphones,2,11.99,05/21/19 23:29,"991 Lakeview St, Dallas, TX 75001"
206664,Apple Airpods Headphones,1,150,05/17/19 22:44,"43 Highland St, Los Angeles, CA 90001"
206665,USB-C Charging Cable,1,11.95,05/26/19 18:02,"36 Chestnut St, Dallas, TX 75001"
206666,AA Batteries (4-pack),2,3.84,05/30/19 21:21,"605 Willow St, Seattle, WA 98101"
206667,Bose SoundSport Headphones,1,99.99,05/04/19 20:23,"920 Lakeview St, Portland, OR 97035"
206668,AAA Batteries (4-pack),1,2.99,05/12/19 17:41,"936 South St, New York City, NY 10001"
206669,Bose SoundSport Headphones,1,99.99,05/22/19 14:57,"166 10th St, New York City, NY 10001"
206670,Apple Airpods Headphones,1,150,05/03/19 13:20,"692 9th St, San Francisco, CA 94016"
206671,USB-C Charging Cable,1,11.95,05/24/19 18:02,"687 Maple St, Dallas, TX 75001"
206672,Lightning Charging Cable,1,14.95,05/02/19 06:23,"247 Washington St, Los Angeles, CA 90001"
206673,AAA Batteries (4-pack),1,2.99,05/08/19 16:14,"354 North St, Atlanta, GA 30301"
206674,AAA Batteries (4-pack),1,2.99,05/31/19 12:33,"541 9th St, Boston, MA 02215"
206675,AAA Batteries (4-pack),1,2.99,05/18/19 12:02,"393 5th St, New York City, NY 10001"
206676,Wired Headphones,1,11.99,05/14/19 05:40,"300 Wilson St, New York City, NY 10001"
206677,34in Ultrawide Monitor,1,379.99,05/14/19 09:55,"695 7th St, Austin, TX 73301"
206678,27in 4K Gaming Monitor,1,389.99,05/06/19 18:16,"919 Pine St, Portland, OR 97035"
206679,AAA Batteries (4-pack),1,2.99,05/20/19 14:57,"919 Cedar St, Boston, MA 02215"
206680,USB-C Charging Cable,1,11.95,05/04/19 11:11,"684 Jefferson St, Seattle, WA 98101"
206681,AAA Batteries (4-pack),1,2.99,05/28/19 01:35,"120 Ridge St, Boston, MA 02215"
206682,Lightning Charging Cable,2,14.95,05/24/19 20:36,"956 Ridge St, Seattle, WA 98101"
206683,Apple Airpods Headphones,1,150,05/31/19 08:42,"968 Willow St, Los Angeles, CA 90001"
206684,USB-C Charging Cable,1,11.95,05/07/19 10:11,"247 11th St, New York City, NY 10001"
206685,Wired Headphones,1,11.99,05/20/19 00:19,"606 Jefferson St, Los Angeles, CA 90001"
206686,Wired Headphones,1,11.99,05/14/19 12:45,"669 Sunset St, Portland, OR 97035"
206687,27in FHD Monitor,1,149.99,05/31/19 08:07,"343 Forest St, New York City, NY 10001"
206688,AA Batteries (4-pack),1,3.84,05/22/19 14:28,"627 Church St, San Francisco, CA 94016"
206689,Wired Headphones,1,11.99,05/07/19 18:09,"502 Hill St, Dallas, TX 75001"
206690,Wired Headphones,2,11.99,05/18/19 20:18,"203 Elm St, New York City, NY 10001"
206691,27in FHD Monitor,1,149.99,05/23/19 06:48,"998 Spruce St, Atlanta, GA 30301"
206692,Lightning Charging Cable,1,14.95,05/10/19 13:45,"14 Dogwood St, San Francisco, CA 94016"
206693,Google Phone,1,600,05/24/19 19:02,"141 Lakeview St, New York City, NY 10001"
206694,27in FHD Monitor,1,149.99,05/08/19 13:59,"446 11th St, New York City, NY 10001"
206695,Bose SoundSport Headphones,1,99.99,05/20/19 23:22,"307 Spruce St, Atlanta, GA 30301"
206696,Flatscreen TV,1,300,05/17/19 20:01,"524 North St, San Francisco, CA 94016"
206697,Macbook Pro Laptop,1,1700,05/05/19 13:20,"221 South St, Boston, MA 02215"
206698,Bose SoundSport Headphones,1,99.99,05/16/19 07:34,"344 11th St, Boston, MA 02215"
206699,Bose SoundSport Headphones,1,99.99,05/20/19 13:54,"985 Lincoln St, Austin, TX 73301"
206700,20in Monitor,1,109.99,05/31/19 14:52,"331 14th St, San Francisco, CA 94016"
206701,Google Phone,1,600,05/09/19 10:43,"809 5th St, New York City, NY 10001"
206702,Google Phone,1,600,05/20/19 19:06,"857 Willow St, Seattle, WA 98101"
206703,27in 4K Gaming Monitor,1,389.99,05/27/19 11:45,"319 11th St, Atlanta, GA 30301"
206704,Lightning Charging Cable,1,14.95,05/31/19 15:24,"570 South St, Atlanta, GA 30301"
206705,AAA Batteries (4-pack),1,2.99,05/24/19 06:32,"377 Johnson St, Los Angeles, CA 90001"
206706,Google Phone,1,600,05/23/19 21:23,"784 Walnut St, Seattle, WA 98101"
206706,Wired Headphones,1,11.99,05/23/19 21:23,"784 Walnut St, Seattle, WA 98101"
206707,iPhone,1,700,05/07/19 17:04,"707 8th St, New York City, NY 10001"
206708,Flatscreen TV,1,300,05/27/19 15:56,"906 Cherry St, Portland, ME 04101"
206709,27in FHD Monitor,1,149.99,05/26/19 08:18,"983 Cherry St, Atlanta, GA 30301"
206710,USB-C Charging Cable,1,11.95,05/12/19 19:58,"20 Church St, Austin, TX 73301"
206711,Bose SoundSport Headphones,1,99.99,05/13/19 13:24,"433 8th St, San Francisco, CA 94016"
206712,ThinkPad Laptop,1,999.99,05/19/19 22:48,"860 Meadow St, Atlanta, GA 30301"
206713,Apple Airpods Headphones,1,150,05/08/19 23:50,"279 14th St, Los Angeles, CA 90001"
206714,Bose SoundSport Headphones,1,99.99,05/06/19 19:41,"951 Lakeview St, Dallas, TX 75001"
206715,AA Batteries (4-pack),3,3.84,05/21/19 20:02,"821 Cherry St, Seattle, WA 98101"
206716,USB-C Charging Cable,1,11.95,05/25/19 07:47,"444 Wilson St, San Francisco, CA 94016"
206717,Apple Airpods Headphones,1,150,05/08/19 11:35,"896 Madison St, Seattle, WA 98101"
206718,iPhone,1,700,05/22/19 12:02,"705 Highland St, Dallas, TX 75001"
206719,AA Batteries (4-pack),2,3.84,05/30/19 07:33,"519 Spruce St, San Francisco, CA 94016"
206720,AA Batteries (4-pack),3,3.84,05/13/19 15:52,"979 Lincoln St, Portland, OR 97035"
206721,ThinkPad Laptop,1,999.99,05/03/19 18:55,"929 1st St, Portland, ME 04101"
206722,Apple Airpods Headphones,1,150,05/24/19 09:22,"813 Church St, Los Angeles, CA 90001"
206723,Bose SoundSport Headphones,1,99.99,05/13/19 00:19,"101 Lincoln St, Boston, MA 02215"
206724,Lightning Charging Cable,1,14.95,05/07/19 02:29,"548 Hickory St, Atlanta, GA 30301"
206725,iPhone,1,700,05/05/19 16:42,"19 11th St, Boston, MA 02215"
206725,Apple Airpods Headphones,1,150,05/05/19 16:42,"19 11th St, Boston, MA 02215"
206726,Apple Airpods Headphones,1,150,05/11/19 11:21,"712 6th St, Los Angeles, CA 90001"
206727,Apple Airpods Headphones,1,150,05/22/19 17:33,"477 14th St, Atlanta, GA 30301"
206728,AA Batteries (4-pack),1,3.84,05/01/19 15:02,"949 West St, Atlanta, GA 30301"
206729,34in Ultrawide Monitor,1,379.99,05/22/19 15:03,"460 7th St, Portland, ME 04101"
206730,20in Monitor,1,109.99,05/09/19 14:43,"982 Chestnut St, Portland, OR 97035"
206731,AAA Batteries (4-pack),1,2.99,05/13/19 13:48,"999 Wilson St, Portland, OR 97035"
206732,AA Batteries (4-pack),2,3.84,05/12/19 20:36,"708 Center St, New York City, NY 10001"
206733,Apple Airpods Headphones,1,150,05/14/19 11:10,"103 Pine St, San Francisco, CA 94016"
206734,27in FHD Monitor,1,149.99,05/12/19 11:29,"295 Lake St, New York City, NY 10001"
206735,Wired Headphones,1,11.99,05/06/19 14:23,"999 Park St, Austin, TX 73301"
206736,Wired Headphones,1,11.99,05/25/19 14:37,"620 Highland St, Austin, TX 73301"
206737,Wired Headphones,1,11.99,05/08/19 13:21,"750 Park St, San Francisco, CA 94016"
206738,27in FHD Monitor,1,149.99,05/09/19 10:35,"879 Ridge St, Atlanta, GA 30301"
206739,Lightning Charging Cable,2,14.95,05/24/19 11:26,"926 8th St, Los Angeles, CA 90001"
206740,Apple Airpods Headphones,1,150,05/03/19 14:50,"753 5th St, New York City, NY 10001"
206741,27in FHD Monitor,1,149.99,05/31/19 19:15,"7 Hill St, Atlanta, GA 30301"
206742,Macbook Pro Laptop,1,1700,05/09/19 23:41,"549 11th St, Austin, TX 73301"
206743,USB-C Charging Cable,1,11.95,05/28/19 13:08,"901 Park St, Atlanta, GA 30301"
206743,Bose SoundSport Headphones,1,99.99,05/28/19 13:08,"901 Park St, Atlanta, GA 30301"
206744,AAA Batteries (4-pack),1,2.99,05/13/19 14:42,"480 Ridge St, New York City, NY 10001"
206745,AAA Batteries (4-pack),1,2.99,05/23/19 17:52,"128 Lincoln St, Los Angeles, CA 90001"
206746,Macbook Pro Laptop,1,1700,05/02/19 17:08,"616 Cherry St, Dallas, TX 75001"
206747,USB-C Charging Cable,1,11.95,05/10/19 10:22,"230 Ridge St, Seattle, WA 98101"
206748,USB-C Charging Cable,2,11.95,05/08/19 22:40,"457 14th St, San Francisco, CA 94016"
206749,Bose SoundSport Headphones,1,99.99,05/12/19 19:54,"838 Adams St, San Francisco, CA 94016"
206750,Wired Headphones,1,11.99,05/29/19 21:39,"808 4th St, Austin, TX 73301"
206751,Lightning Charging Cable,1,14.95,05/19/19 17:46,"343 Forest St, Los Angeles, CA 90001"
206752,Lightning Charging Cable,1,14.95,05/31/19 21:08,"789 2nd St, Los Angeles, CA 90001"
206753,Bose SoundSport Headphones,1,99.99,05/02/19 21:39,"251 Cedar St, Boston, MA 02215"
206754,Bose SoundSport Headphones,1,99.99,05/03/19 00:01,"946 Jefferson St, Portland, ME 04101"
206755,Bose SoundSport Headphones,1,99.99,05/31/19 13:35,"170 10th St, New York City, NY 10001"
206756,Apple Airpods Headphones,1,150,05/01/19 12:46,"890 Chestnut St, Seattle, WA 98101"
206757,Macbook Pro Laptop,1,1700,05/26/19 14:29,"293 Dogwood St, Portland, ME 04101"
206758,Google Phone,1,600,05/22/19 10:03,"903 Meadow St, Dallas, TX 75001"
206759,AA Batteries (4-pack),1,3.84,05/01/19 17:10,"435 13th St, Seattle, WA 98101"
206760,27in FHD Monitor,1,149.99,05/07/19 12:36,"640 North St, Austin, TX 73301"
206761,Bose SoundSport Headphones,1,99.99,05/15/19 16:24,"242 Lakeview St, San Francisco, CA 94016"
206762,Bose SoundSport Headphones,1,99.99,05/18/19 20:52,"968 Highland St, San Francisco, CA 94016"
206763,AAA Batteries (4-pack),2,2.99,05/11/19 06:55,"445 Lakeview St, Boston, MA 02215"
206764,USB-C Charging Cable,1,11.95,05/17/19 07:14,"14 North St, San Francisco, CA 94016"
206765,Lightning Charging Cable,1,14.95,05/15/19 13:56,"295 Main St, New York City, NY 10001"
206766,27in FHD Monitor,1,149.99,05/10/19 00:34,"924 Hill St, Atlanta, GA 30301"
206766,Macbook Pro Laptop,1,1700,05/10/19 00:34,"924 Hill St, Atlanta, GA 30301"
206767,Lightning Charging Cable,1,14.95,05/20/19 21:05,"990 14th St, Seattle, WA 98101"
206768,USB-C Charging Cable,1,11.95,05/10/19 11:58,"470 Forest St, Boston, MA 02215"
206769,ThinkPad Laptop,1,999.99,05/05/19 05:57,"606 Hill St, Los Angeles, CA 90001"
206770,AA Batteries (4-pack),2,3.84,05/16/19 13:34,"354 Adams St, New York City, NY 10001"
206771,Bose SoundSport Headphones,1,99.99,05/18/19 23:50,"499 5th St, Dallas, TX 75001"
206772,Wired Headphones,1,11.99,05/02/19 22:48,"652 Wilson St, Los Angeles, CA 90001"
206773,Flatscreen TV,1,300,05/14/19 11:01,"544 Lake St, Dallas, TX 75001"
206774,AAA Batteries (4-pack),2,2.99,05/23/19 20:06,"521 Sunset St, San Francisco, CA 94016"
206775,Wired Headphones,1,11.99,05/13/19 18:59,"266 13th St, Seattle, WA 98101"
206776,Lightning Charging Cable,1,14.95,05/09/19 20:27,"565 4th St, San Francisco, CA 94016"
206777,USB-C Charging Cable,1,11.95,05/13/19 20:56,"79 Main St, Seattle, WA 98101"
206778,AA Batteries (4-pack),2,3.84,05/22/19 21:00,"104 13th St, Portland, ME 04101"
206779,Wired Headphones,1,11.99,05/21/19 16:45,"47 Main St, Los Angeles, CA 90001"
206780,Wired Headphones,1,11.99,05/10/19 20:04,"449 Adams St, Boston, MA 02215"
206781,Bose SoundSport Headphones,1,99.99,05/15/19 17:26,"700 4th St, Los Angeles, CA 90001"
206782,Lightning Charging Cable,1,14.95,05/30/19 17:21,"631 South St, Seattle, WA 98101"
206783,Apple Airpods Headphones,1,150,05/30/19 19:52,"784 Dogwood St, Los Angeles, CA 90001"
206784,iPhone,1,700,05/12/19 14:00,"353 11th St, Atlanta, GA 30301"
206784,Wired Headphones,1,11.99,05/12/19 14:00,"353 11th St, Atlanta, GA 30301"
206785,AA Batteries (4-pack),1,3.84,05/17/19 18:30,"203 Wilson St, New York City, NY 10001"
206786,Wired Headphones,1,11.99,05/13/19 08:32,"209 Highland St, Dallas, TX 75001"
206787,AA Batteries (4-pack),1,3.84,05/29/19 17:44,"442 Sunset St, San Francisco, CA 94016"
206788,AAA Batteries (4-pack),1,2.99,05/31/19 09:30,"601 Johnson St, Dallas, TX 75001"
206789,AA Batteries (4-pack),2,3.84,05/26/19 16:29,"947 Lincoln St, Portland, OR 97035"
206790,Wired Headphones,1,11.99,05/30/19 10:45,"571 Dogwood St, Los Angeles, CA 90001"
206791,27in 4K Gaming Monitor,1,389.99,05/12/19 13:09,"609 Willow St, Austin, TX 73301"
206792,Apple Airpods Headphones,1,150,05/19/19 18:14,"252 13th St, Dallas, TX 75001"
,,,,,
206793,AAA Batteries (4-pack),2,2.99,05/15/19 23:48,"905 Pine St, Dallas, TX 75001"
206794,Wired Headphones,1,11.99,05/29/19 15:22,"47 Lincoln St, San Francisco, CA 94016"
206795,Wired Headphones,1,11.99,05/26/19 20:08,"947 Chestnut St, San Francisco, CA 94016"
206796,USB-C Charging Cable,1,11.95,05/14/19 16:23,"66 1st St, San Francisco, CA 94016"
206797,AAA Batteries (4-pack),1,2.99,05/05/19 06:46,"645 Walnut St, Boston, MA 02215"
206798,Apple Airpods Headphones,1,150,05/05/19 06:03,"50 Madison St, Austin, TX 73301"
206799,Bose SoundSport Headphones,1,99.99,05/14/19 21:43,"152 8th St, New York City, NY 10001"
206800,Lightning Charging Cable,1,14.95,05/17/19 11:24,"48 12th St, Seattle, WA 98101"
206801,Apple Airpods Headphones,1,150,05/24/19 20:35,"252 Lincoln St, Los Angeles, CA 90001"
206802,Lightning Charging Cable,1,14.95,05/07/19 19:17,"349 5th St, Los Angeles, CA 90001"
206803,Lightning Charging Cable,1,14.95,05/18/19 20:22,"433 14th St, Dallas, TX 75001"
206804,AA Batteries (4-pack),2,3.84,05/13/19 10:29,"772 5th St, San Francisco, CA 94016"
206805,Apple Airpods Headphones,1,150,05/25/19 23:38,"387 Cherry St, Los Angeles, CA 90001"
206806,Wired Headphones,1,11.99,05/09/19 08:56,"483 Jackson St, Atlanta, GA 30301"
206807,Lightning Charging Cable,1,14.95,05/27/19 22:39,"386 8th St, Los Angeles, CA 90001"
206808,Bose SoundSport Headphones,1,99.99,05/05/19 08:49,"677 Ridge St, Portland, OR 97035"
206809,Bose SoundSport Headphones,1,99.99,05/22/19 01:02,"307 Pine St, San Francisco, CA 94016"
206810,USB-C Charging Cable,1,11.95,05/12/19 09:26,"512 9th St, San Francisco, CA 94016"
206811,AAA Batteries (4-pack),1,2.99,05/16/19 07:23,"818 Meadow St, Los Angeles, CA 90001"
206812,AAA Batteries (4-pack),1,2.99,05/03/19 18:29,"624 Center St, San Francisco, CA 94016"
206813,Wired Headphones,1,11.99,05/22/19 11:42,"622 Lake St, Los Angeles, CA 90001"
206814,AA Batteries (4-pack),1,3.84,05/13/19 19:27,"821 North St, San Francisco, CA 94016"
206815,27in FHD Monitor,1,149.99,05/07/19 21:31,"812 12th St, Portland, OR 97035"
206816,27in 4K Gaming Monitor,1,389.99,05/21/19 10:30,"91 8th St, New York City, NY 10001"
206817,Wired Headphones,1,11.99,05/15/19 18:52,"193 Spruce St, Los Angeles, CA 90001"
206818,Google Phone,1,600,05/11/19 12:01,"100 Forest St, Dallas, TX 75001"
206819,AAA Batteries (4-pack),1,2.99,05/24/19 18:12,"61 West St, Seattle, WA 98101"
206820,Bose SoundSport Headphones,1,99.99,05/12/19 21:20,"666 Washington St, New York City, NY 10001"
206821,USB-C Charging Cable,1,11.95,05/30/19 17:26,"157 Wilson St, Austin, TX 73301"
206822,AAA Batteries (4-pack),2,2.99,05/25/19 11:30,"346 Washington St, San Francisco, CA 94016"
206823,AAA Batteries (4-pack),1,2.99,05/08/19 18:26,"126 Johnson St, Portland, OR 97035"
206824,27in 4K Gaming Monitor,1,389.99,05/07/19 16:57,"946 Lincoln St, Seattle, WA 98101"
206825,AA Batteries (4-pack),1,3.84,05/23/19 08:18,"296 Church St, San Francisco, CA 94016"
206826,AAA Batteries (4-pack),1,2.99,05/08/19 09:05,"777 Maple St, Portland, OR 97035"
206827,Wired Headphones,1,11.99,05/10/19 20:37,"18 Hickory St, Los Angeles, CA 90001"
206828,27in FHD Monitor,1,149.99,05/10/19 15:57,"602 South St, Boston, MA 02215"
206829,AA Batteries (4-pack),2,3.84,05/21/19 17:47,"991 Cedar St, San Francisco, CA 94016"
206830,AA Batteries (4-pack),1,3.84,05/22/19 21:46,"720 Washington St, San Francisco, CA 94016"
206831,Wired Headphones,1,11.99,05/12/19 13:03,"187 Elm St, New York City, NY 10001"
206832,27in 4K Gaming Monitor,1,389.99,05/24/19 12:43,"389 Center St, Austin, TX 73301"
206833,Lightning Charging Cable,1,14.95,05/26/19 12:28,"588 7th St, San Francisco, CA 94016"
206834,27in 4K Gaming Monitor,1,389.99,05/20/19 20:18,"726 9th St, Atlanta, GA 30301"
206835,Wired Headphones,1,11.99,05/10/19 13:12,"486 Jackson St, Boston, MA 02215"
206836,Macbook Pro Laptop,1,1700,05/20/19 18:08,"333 Jackson St, Dallas, TX 75001"
206837,20in Monitor,1,109.99,05/06/19 17:07,"650 Washington St, Los Angeles, CA 90001"
206838,USB-C Charging Cable,1,11.95,05/01/19 13:18,"557 Church St, Dallas, TX 75001"
206839,20in Monitor,1,109.99,05/13/19 21:41,"976 Highland St, Los Angeles, CA 90001"
206840,27in 4K Gaming Monitor,1,389.99,05/21/19 22:05,"114 Chestnut St, Los Angeles, CA 90001"
206841,AAA Batteries (4-pack),1,2.99,05/12/19 14:40,"35 Center St, Los Angeles, CA 90001"
206842,Bose SoundSport Headphones,1,99.99,05/15/19 21:29,"41 Lincoln St, New York City, NY 10001"
206843,Apple Airpods Headphones,1,150,05/26/19 14:32,"661 Cherry St, San Francisco, CA 94016"
206844,AA Batteries (4-pack),2,3.84,05/08/19 18:12,"652 West St, Dallas, TX 75001"
206845,AA Batteries (4-pack),1,3.84,05/04/19 12:17,"23 Meadow St, Portland, OR 97035"
206846,Bose SoundSport Headphones,1,99.99,05/29/19 03:37,"99 Jackson St, Los Angeles, CA 90001"
206847,27in 4K Gaming Monitor,1,389.99,05/28/19 15:06,"57 2nd St, Dallas, TX 75001"
206848,34in Ultrawide Monitor,1,379.99,05/27/19 14:38,"671 North St, San Francisco, CA 94016"
206849,Lightning Charging Cable,2,14.95,05/07/19 18:55,"713 9th St, San Francisco, CA 94016"
206850,Wired Headphones,1,11.99,05/09/19 21:49,"444 12th St, San Francisco, CA 94016"
206851,AAA Batteries (4-pack),3,2.99,05/14/19 08:17,"3 Madison St, San Francisco, CA 94016"
206852,USB-C Charging Cable,2,11.95,05/06/19 12:37,"98 Adams St, Atlanta, GA 30301"
206853,27in FHD Monitor,1,149.99,05/03/19 19:19,"756 5th St, San Francisco, CA 94016"
206854,USB-C Charging Cable,2,11.95,05/15/19 12:42,"906 Sunset St, Boston, MA 02215"
206855,USB-C Charging Cable,1,11.95,05/04/19 14:46,"921 Center St, Portland, OR 97035"
206856,27in FHD Monitor,1,149.99,05/02/19 10:29,"854 Cedar St, San Francisco, CA 94016"
206857,AA Batteries (4-pack),1,3.84,05/09/19 14:25,"334 12th St, Boston, MA 02215"
206858,Lightning Charging Cable,1,14.95,05/02/19 11:42,"447 River St, Seattle, WA 98101"
206859,AAA Batteries (4-pack),4,2.99,05/14/19 14:14,"810 Hill St, San Francisco, CA 94016"
206860,Lightning Charging Cable,1,14.95,05/04/19 19:35,"665 Willow St, Austin, TX 73301"
206861,Wired Headphones,1,11.99,05/16/19 12:32,"702 11th St, Los Angeles, CA 90001"
206862,USB-C Charging Cable,1,11.95,05/04/19 12:34,"854 Chestnut St, New York City, NY 10001"
206863,Lightning Charging Cable,1,14.95,05/04/19 17:17,"214 Chestnut St, New York City, NY 10001"
206864,Bose SoundSport Headphones,1,99.99,05/01/19 20:32,"871 5th St, Atlanta, GA 30301"
206865,34in Ultrawide Monitor,1,379.99,05/22/19 00:16,"612 Sunset St, Los Angeles, CA 90001"
206866,27in 4K Gaming Monitor,1,389.99,05/23/19 22:51,"240 13th St, Los Angeles, CA 90001"
206867,AAA Batteries (4-pack),2,2.99,05/05/19 18:53,"765 Hill St, San Francisco, CA 94016"
206868,Lightning Charging Cable,1,14.95,05/14/19 16:01,"828 Church St, Boston, MA 02215"
206869,Macbook Pro Laptop,1,1700,05/30/19 20:57,"62 Hickory St, Dallas, TX 75001"
206870,Apple Airpods Headphones,1,150,05/25/19 08:46,"310 Sunset St, Portland, OR 97035"
206871,AAA Batteries (4-pack),1,2.99,05/13/19 14:03,"689 11th St, Los Angeles, CA 90001"
206872,USB-C Charging Cable,1,11.95,05/22/19 17:49,"518 Park St, Seattle, WA 98101"
206873,AA Batteries (4-pack),2,3.84,05/12/19 12:11,"652 Highland St, San Francisco, CA 94016"
206874,Wired Headphones,1,11.99,05/01/19 10:36,"557 South St, San Francisco, CA 94016"
206875,Apple Airpods Headphones,1,150,05/06/19 16:51,"312 2nd St, New York City, NY 10001"
206876,27in FHD Monitor,1,149.99,05/30/19 17:55,"373 Jefferson St, Los Angeles, CA 90001"
206877,AAA Batteries (4-pack),1,2.99,05/15/19 05:26,"606 Walnut St, Dallas, TX 75001"
206878,Bose SoundSport Headphones,1,99.99,05/02/19 19:09,"965 North St, New York City, NY 10001"
206879,Wired Headphones,1,11.99,05/16/19 09:46,"137 Cedar St, New York City, NY 10001"
206880,AAA Batteries (4-pack),1,2.99,05/29/19 03:25,"254 Sunset St, San Francisco, CA 94016"
206881,Google Phone,1,600,05/19/19 10:27,"167 West St, San Francisco, CA 94016"
206882,34in Ultrawide Monitor,1,379.99,05/23/19 00:14,"418 Adams St, Seattle, WA 98101"
206883,Lightning Charging Cable,1,14.95,05/02/19 16:44,"467 Spruce St, Boston, MA 02215"
206884,27in 4K Gaming Monitor,1,389.99,05/28/19 20:54,"209 Willow St, Boston, MA 02215"
206885,AAA Batteries (4-pack),1,2.99,05/07/19 16:32,"378 Park St, Dallas, TX 75001"
206886,20in Monitor,1,109.99,05/22/19 18:12,"730 Pine St, San Francisco, CA 94016"
206887,Wired Headphones,1,11.99,05/15/19 14:42,"204 13th St, New York City, NY 10001"
206888,USB-C Charging Cable,2,11.95,05/24/19 11:26,"760 West St, San Francisco, CA 94016"
206889,Lightning Charging Cable,1,14.95,05/29/19 20:14,"291 Hill St, Dallas, TX 75001"
206890,Flatscreen TV,1,300,05/02/19 13:19,"287 7th St, San Francisco, CA 94016"
206891,USB-C Charging Cable,1,11.95,05/30/19 19:45,"134 10th St, Boston, MA 02215"
206892,Lightning Charging Cable,1,14.95,05/21/19 19:52,"699 Lincoln St, New York City, NY 10001"
206893,Bose SoundSport Headphones,1,99.99,05/03/19 11:32,"242 Walnut St, Seattle, WA 98101"
206894,AA Batteries (4-pack),1,3.84,05/24/19 12:25,"932 7th St, New York City, NY 10001"
206895,ThinkPad Laptop,1,999.99,05/03/19 07:44,"98 Cedar St, Dallas, TX 75001"
206896,Wired Headphones,1,11.99,05/28/19 09:00,"863 Meadow St, Dallas, TX 75001"
206897,Wired Headphones,2,11.99,05/26/19 14:32,"284 13th St, San Francisco, CA 94016"
206898,Bose SoundSport Headphones,1,99.99,05/13/19 09:40,"827 9th St, Seattle, WA 98101"
206899,Wired Headphones,1,11.99,05/19/19 20:59,"587 Dogwood St, San Francisco, CA 94016"
206900,AAA Batteries (4-pack),1,2.99,05/23/19 09:27,"297 13th St, Los Angeles, CA 90001"
206901,AAA Batteries (4-pack),1,2.99,05/31/19 09:41,"524 Forest St, Los Angeles, CA 90001"
206902,Apple Airpods Headphones,1,150,05/26/19 05:15,"976 Main St, Los Angeles, CA 90001"
206903,ThinkPad Laptop,1,999.99,05/09/19 10:11,"127 South St, Portland, ME 04101"
206904,AA Batteries (4-pack),1,3.84,05/14/19 02:57,"550 Spruce St, Atlanta, GA 30301"
206905,iPhone,1,700,05/02/19 13:54,"458 Lakeview St, New York City, NY 10001"
206906,AA Batteries (4-pack),1,3.84,05/18/19 19:42,"35 Washington St, San Francisco, CA 94016"
206907,AA Batteries (4-pack),1,3.84,05/02/19 21:02,"711 Jackson St, New York City, NY 10001"
206908,Apple Airpods Headphones,1,150,05/09/19 19:59,"567 Chestnut St, New York City, NY 10001"
206909,AAA Batteries (4-pack),1,2.99,05/19/19 18:20,"36 River St, Portland, OR 97035"
206910,Wired Headphones,1,11.99,05/10/19 12:39,"256 Highland St, Seattle, WA 98101"
206911,USB-C Charging Cable,2,11.95,05/17/19 12:17,"248 Johnson St, Los Angeles, CA 90001"
206912,AA Batteries (4-pack),1,3.84,05/12/19 13:46,"691 6th St, San Francisco, CA 94016"
206913,34in Ultrawide Monitor,1,379.99,05/23/19 14:27,"470 Ridge St, Boston, MA 02215"
206914,Bose SoundSport Headphones,1,99.99,05/29/19 20:54,"181 Ridge St, San Francisco, CA 94016"
206915,Bose SoundSport Headphones,1,99.99,05/07/19 09:16,"464 Johnson St, New York City, NY 10001"
206916,Macbook Pro Laptop,1,1700,05/26/19 11:31,"897 Chestnut St, San Francisco, CA 94016"
206917,AAA Batteries (4-pack),1,2.99,05/04/19 13:20,"122 Spruce St, San Francisco, CA 94016"
206918,Flatscreen TV,1,300,05/19/19 21:46,"963 Jefferson St, Los Angeles, CA 90001"
206919,Lightning Charging Cable,1,14.95,05/02/19 08:25,"350 Meadow St, Atlanta, GA 30301"
206920,LG Dryer,1,600.0,05/13/19 14:09,"124 4th St, Portland, ME 04101"
206921,Wired Headphones,1,11.99,05/18/19 13:36,"428 Chestnut St, New York City, NY 10001"
206922,27in 4K Gaming Monitor,1,389.99,05/22/19 15:49,"20 South St, New York City, NY 10001"
206923,USB-C Charging Cable,1,11.95,05/13/19 10:55,"732 Meadow St, Dallas, TX 75001"
206924,Lightning Charging Cable,2,14.95,05/04/19 01:31,"365 2nd St, Portland, OR 97035"
206925,USB-C Charging Cable,1,11.95,05/04/19 16:11,"445 7th St, Portland, OR 97035"
206926,20in Monitor,1,109.99,05/21/19 07:02,"225 Center St, San Francisco, CA 94016"
206927,USB-C Charging Cable,1,11.95,05/07/19 03:38,"672 Chestnut St, Boston, MA 02215"
206928,AAA Batteries (4-pack),2,2.99,05/29/19 17:55,"300 Park St, New York City, NY 10001"
206929,Lightning Charging Cable,1,14.95,05/21/19 18:45,"78 Park St, San Francisco, CA 94016"
206930,Wired Headphones,1,11.99,05/17/19 15:14,"255 Center St, Boston, MA 02215"
206931,Wired Headphones,2,11.99,05/22/19 10:55,"688 Washington St, Austin, TX 73301"
206932,Apple Airpods Headphones,1,150,05/16/19 15:59,"402 10th St, San Francisco, CA 94016"
206933,Apple Airpods Headphones,1,150,05/14/19 11:47,"146 Elm St, San Francisco, CA 94016"
,,,,,
206934,Flatscreen TV,1,300,05/10/19 12:44,"496 Walnut St, Boston, MA 02215"
206935,Macbook Pro Laptop,1,1700,05/04/19 12:16,"206 Meadow St, New York City, NY 10001"
206936,AA Batteries (4-pack),1,3.84,05/19/19 22:26,"986 11th St, Portland, ME 04101"
206937,AA Batteries (4-pack),1,3.84,05/22/19 07:00,"359 Church St, Portland, OR 97035"
206938,iPhone,1,700,05/24/19 18:10,"26 Chestnut St, San Francisco, CA 94016"
206938,Lightning Charging Cable,1,14.95,05/24/19 18:10,"26 Chestnut St, San Francisco, CA 94016"
206939,Wired Headphones,1,11.99,05/19/19 12:45,"333 South St, Dallas, TX 75001"
206940,AA Batteries (4-pack),1,3.84,05/01/19 11:20,"802 Chestnut St, Boston, MA 02215"
206941,Bose SoundSport Headphones,1,99.99,05/26/19 07:27,"894 Madison St, Seattle, WA 98101"
206942,AA Batteries (4-pack),1,3.84,05/08/19 22:45,"162 Elm St, Austin, TX 73301"
206943,AA Batteries (4-pack),2,3.84,05/15/19 21:30,"217 1st St, Dallas, TX 75001"
206944,USB-C Charging Cable,1,11.95,05/29/19 09:24,"220 Sunset St, Seattle, WA 98101"
206945,27in FHD Monitor,1,149.99,05/04/19 12:07,"298 Hickory St, Seattle, WA 98101"
206946,AAA Batteries (4-pack),1,2.99,05/02/19 21:54,"554 11th St, Seattle, WA 98101"
206947,Lightning Charging Cable,1,14.95,05/22/19 15:58,"653 Sunset St, Austin, TX 73301"
206948,USB-C Charging Cable,1,11.95,05/11/19 10:26,"381 Elm St, Dallas, TX 75001"
206949,Bose SoundSport Headphones,1,99.99,05/14/19 17:05,"319 Ridge St, San Francisco, CA 94016"
206950,USB-C Charging Cable,1,11.95,05/15/19 12:37,"17 Maple St, Los Angeles, CA 90001"
206951,Wired Headphones,1,11.99,05/09/19 19:07,"594 Chestnut St, Atlanta, GA 30301"
206952,AA Batteries (4-pack),2,3.84,05/12/19 09:10,"563 Sunset St, Austin, TX 73301"
206953,iPhone,1,700,05/30/19 13:50,"106 13th St, San Francisco, CA 94016"
206954,AAA Batteries (4-pack),1,2.99,05/11/19 13:27,"345 8th St, Dallas, TX 75001"
206955,AA Batteries (4-pack),1,3.84,05/18/19 23:11,"104 Dogwood St, Dallas, TX 75001"
206956,iPhone,1,700,05/29/19 20:22,"107 North St, San Francisco, CA 94016"
206956,Lightning Charging Cable,1,14.95,05/29/19 20:22,"107 North St, San Francisco, CA 94016"
206957,AA Batteries (4-pack),1,3.84,05/27/19 12:56,"996 Lake St, San Francisco, CA 94016"
206958,ThinkPad Laptop,1,999.99,05/08/19 19:47,"711 North St, San Francisco, CA 94016"
206959,Flatscreen TV,1,300,05/15/19 10:27,"897 Spruce St, Portland, ME 04101"
206960,Google Phone,1,600,05/06/19 12:45,"364 Wilson St, Los Angeles, CA 90001"
206961,AA Batteries (4-pack),1,3.84,05/31/19 14:54,"812 Spruce St, Boston, MA 02215"
206962,AA Batteries (4-pack),1,3.84,05/21/19 20:47,"925 Sunset St, San Francisco, CA 94016"
206963,Apple Airpods Headphones,1,150,05/02/19 20:43,"593 Forest St, New York City, NY 10001"
206964,AAA Batteries (4-pack),1,2.99,05/13/19 15:24,"941 North St, San Francisco, CA 94016"
206965,Lightning Charging Cable,1,14.95,05/07/19 22:27,"281 6th St, Seattle, WA 98101"
206966,Lightning Charging Cable,1,14.95,05/25/19 10:17,"25 Wilson St, Seattle, WA 98101"
206967,Wired Headphones,1,11.99,05/13/19 18:01,"570 2nd St, Boston, MA 02215"
206968,Macbook Pro Laptop,1,1700,05/03/19 16:14,"387 5th St, Dallas, TX 75001"
206969,USB-C Charging Cable,1,11.95,05/10/19 01:48,"690 Meadow St, New York City, NY 10001"
206970,Wired Headphones,1,11.99,05/26/19 12:04,"729 2nd St, New York City, NY 10001"
206971,Apple Airpods Headphones,1,150,05/20/19 20:15,"201 South St, New York City, NY 10001"
206972,Lightning Charging Cable,1,14.95,05/06/19 01:41,"635 Walnut St, Portland, OR 97035"
206972,Wired Headphones,1,11.99,05/06/19 01:41,"635 Walnut St, Portland, OR 97035"
206973,Apple Airpods Headphones,1,150,05/01/19 09:18,"435 2nd St, Boston, MA 02215"
206974,Macbook Pro Laptop,1,1700,05/06/19 09:55,"330 Lake St, San Francisco, CA 94016"
206975,Google Phone,1,600,05/26/19 21:18,"101 2nd St, Portland, ME 04101"
206976,AA Batteries (4-pack),1,3.84,05/07/19 13:32,"674 12th St, Boston, MA 02215"
206977,AA Batteries (4-pack),1,3.84,05/21/19 13:06,"367 North St, Dallas, TX 75001"
206978,USB-C Charging Cable,1,11.95,05/19/19 08:33,"736 5th St, New York City, NY 10001"
206979,Lightning Charging Cable,1,14.95,05/15/19 12:06,"359 Johnson St, Los Angeles, CA 90001"
206980,ThinkPad Laptop,1,999.99,05/31/19 22:48,"715 Hill St, Dallas, TX 75001"
206981,Macbook Pro Laptop,1,1700,05/01/19 20:43,"228 4th St, Atlanta, GA 30301"
206982,AA Batteries (4-pack),1,3.84,05/29/19 13:50,"255 6th St, Portland, OR 97035"
206983,Wired Headphones,1,11.99,05/07/19 17:22,"466 Lake St, Boston, MA 02215"
206984,Vareebadd Phone,1,400,05/09/19 12:59,"776 Ridge St, Austin, TX 73301"
206985,Macbook Pro Laptop,1,1700,05/12/19 21:16,"725 Hill St, Atlanta, GA 30301"
206986,AA Batteries (4-pack),2,3.84,05/29/19 17:17,"655 Cherry St, Portland, OR 97035"
206987,Macbook Pro Laptop,1,1700,05/26/19 01:12,"816 Adams St, Atlanta, GA 30301"
206988,AAA Batteries (4-pack),1,2.99,05/20/19 11:10,"678 7th St, Los Angeles, CA 90001"
206989,USB-C Charging Cable,1,11.95,05/17/19 18:52,"514 Lake St, San Francisco, CA 94016"
206990,Lightning Charging Cable,1,14.95,05/04/19 12:50,"811 Church St, New York City, NY 10001"
206991,Bose SoundSport Headphones,1,99.99,05/22/19 16:11,"624 Jefferson St, Los Angeles, CA 90001"
206992,Bose SoundSport Headphones,1,99.99,05/18/19 20:19,"389 Church St, Los Angeles, CA 90001"
206993,USB-C Charging Cable,1,11.95,05/17/19 06:59,"434 Forest St, San Francisco, CA 94016"
206994,Wired Headphones,1,11.99,05/10/19 17:56,"608 Washington St, Boston, MA 02215"
206995,iPhone,1,700,05/19/19 23:30,"640 Meadow St, New York City, NY 10001"
206996,Apple Airpods Headphones,1,150,05/21/19 19:50,"917 Ridge St, Boston, MA 02215"
206997,USB-C Charging Cable,1,11.95,05/20/19 16:24,"661 Jackson St, Seattle, WA 98101"
206998,Vareebadd Phone,1,400,05/20/19 17:24,"148 Park St, New York City, NY 10001"
206999,AAA Batteries (4-pack),2,2.99,05/12/19 15:24,"58 Pine St, New York City, NY 10001"
207000,Wired Headphones,1,11.99,05/30/19 21:16,"705 Willow St, New York City, NY 10001"
207001,20in Monitor,1,109.99,05/06/19 16:54,"633 Lake St, Portland, OR 97035"
207002,Apple Airpods Headphones,1,150,05/28/19 12:11,"264 Highland St, Dallas, TX 75001"
207003,USB-C Charging Cable,1,11.95,05/01/19 02:50,"422 Center St, Dallas, TX 75001"
207004,AAA Batteries (4-pack),2,2.99,05/24/19 20:36,"779 7th St, San Francisco, CA 94016"
207004,Wired Headphones,1,11.99,05/24/19 20:36,"779 7th St, San Francisco, CA 94016"
207005,AA Batteries (4-pack),1,3.84,05/25/19 08:38,"621 Madison St, Los Angeles, CA 90001"
207006,Apple Airpods Headphones,1,150,05/15/19 19:04,"502 Spruce St, San Francisco, CA 94016"
207007,34in Ultrawide Monitor,1,379.99,05/15/19 17:16,"766 South St, San Francisco, CA 94016"
207008,Macbook Pro Laptop,1,1700,05/19/19 07:35,"594 Adams St, Los Angeles, CA 90001"
207009,Lightning Charging Cable,1,14.95,05/13/19 19:09,"341 Elm St, Portland, OR 97035"
207010,AA Batteries (4-pack),2,3.84,05/11/19 21:43,"160 Walnut St, Dallas, TX 75001"
207011,Apple Airpods Headphones,1,150,05/10/19 21:56,"665 6th St, Portland, ME 04101"
207012,Apple Airpods Headphones,1,150,05/19/19 08:03,"350 13th St, San Francisco, CA 94016"
207013,Lightning Charging Cable,1,14.95,05/01/19 21:22,"907 Cedar St, New York City, NY 10001"
207014,Wired Headphones,1,11.99,05/29/19 22:40,"847 Main St, Los Angeles, CA 90001"
207015,Lightning Charging Cable,1,14.95,05/07/19 14:57,"544 Jefferson St, San Francisco, CA 94016"
207016,Bose SoundSport Headphones,1,99.99,05/09/19 14:01,"639 Cedar St, New York City, NY 10001"
207017,Bose SoundSport Headphones,2,99.99,05/12/19 19:03,"984 Hickory St, Dallas, TX 75001"
207018,iPhone,1,700,05/15/19 09:24,"974 Adams St, Portland, OR 97035"
207019,AA Batteries (4-pack),1,3.84,05/01/19 20:24,"871 2nd St, Los Angeles, CA 90001"
207020,USB-C Charging Cable,1,11.95,05/27/19 10:05,"392 Jackson St, Seattle, WA 98101"
207021,Bose SoundSport Headphones,1,99.99,05/18/19 12:34,"685 Lincoln St, New York City, NY 10001"
207022,27in FHD Monitor,1,149.99,05/24/19 10:06,"427 Park St, Portland, ME 04101"
207023,Wired Headphones,1,11.99,05/22/19 12:04,"245 West St, Los Angeles, CA 90001"
207024,Vareebadd Phone,1,400,05/24/19 14:33,"65 Park St, Portland, OR 97035"
207025,Bose SoundSport Headphones,1,99.99,05/17/19 13:38,"253 Dogwood St, New York City, NY 10001"
207026,Apple Airpods Headphones,1,150,05/25/19 16:18,"811 Hill St, New York City, NY 10001"
207027,Wired Headphones,2,11.99,05/27/19 13:32,"318 9th St, San Francisco, CA 94016"
207028,Wired Headphones,1,11.99,05/10/19 21:49,"211 North St, Boston, MA 02215"
207029,AAA Batteries (4-pack),3,2.99,05/10/19 19:30,"352 10th St, New York City, NY 10001"
207030,27in FHD Monitor,1,149.99,05/29/19 17:05,"608 Spruce St, Seattle, WA 98101"
207031,Wired Headphones,1,11.99,05/21/19 18:48,"430 Meadow St, San Francisco, CA 94016"
207032,Lightning Charging Cable,1,14.95,05/24/19 12:42,"810 Lincoln St, San Francisco, CA 94016"
207033,iPhone,1,700,05/08/19 12:09,"116 Johnson St, Los Angeles, CA 90001"
207034,USB-C Charging Cable,1,11.95,05/13/19 18:11,"690 Hill St, New York City, NY 10001"
207035,27in FHD Monitor,1,149.99,05/27/19 19:59,"713 Hill St, Boston, MA 02215"
207036,AAA Batteries (4-pack),2,2.99,05/23/19 14:47,"958 Jackson St, New York City, NY 10001"
207037,Wired Headphones,1,11.99,05/15/19 12:56,"222 5th St, Boston, MA 02215"
207038,USB-C Charging Cable,1,11.95,05/25/19 11:25,"212 Meadow St, San Francisco, CA 94016"
207039,Apple Airpods Headphones,1,150,05/13/19 11:46,"721 Chestnut St, Seattle, WA 98101"
207040,Lightning Charging Cable,1,14.95,05/27/19 07:38,"775 Spruce St, Seattle, WA 98101"
207041,Lightning Charging Cable,1,14.95,05/22/19 18:09,"835 4th St, Atlanta, GA 30301"
207042,USB-C Charging Cable,1,11.95,05/31/19 00:59,"74 Walnut St, New York City, NY 10001"
207043,Lightning Charging Cable,1,14.95,05/30/19 13:24,"377 Dogwood St, San Francisco, CA 94016"
207044,Bose SoundSport Headphones,1,99.99,05/02/19 14:04,"414 1st St, Austin, TX 73301"
207045,27in FHD Monitor,1,149.99,05/20/19 23:49,"679 1st St, Los Angeles, CA 90001"
207046,USB-C Charging Cable,1,11.95,05/26/19 17:28,"640 14th St, New York City, NY 10001"
207047,USB-C Charging Cable,1,11.95,05/01/19 17:20,"942 West St, Boston, MA 02215"
207048,Wired Headphones,2,11.99,05/27/19 17:16,"161 Maple St, Seattle, WA 98101"
207049,Lightning Charging Cable,2,14.95,05/25/19 02:22,"314 Johnson St, New York City, NY 10001"
207050,Lightning Charging Cable,1,14.95,05/30/19 20:03,"605 12th St, Portland, OR 97035"
207051,USB-C Charging Cable,1,11.95,05/10/19 12:21,"778 Maple St, Seattle, WA 98101"
207052,Flatscreen TV,1,300,05/03/19 05:46,"880 Meadow St, New York City, NY 10001"
207053,AA Batteries (4-pack),1,3.84,05/20/19 23:36,"836 Spruce St, San Francisco, CA 94016"
207054,Lightning Charging Cable,1,14.95,05/30/19 04:35,"160 5th St, Dallas, TX 75001"
207055,Bose SoundSport Headphones,1,99.99,05/19/19 12:53,"476 Meadow St, Portland, ME 04101"
207056,AAA Batteries (4-pack),1,2.99,05/20/19 09:01,"48 Chestnut St, Los Angeles, CA 90001"
207057,AA Batteries (4-pack),1,3.84,05/11/19 10:04,"950 Washington St, Portland, OR 97035"
207058,Bose SoundSport Headphones,1,99.99,05/11/19 05:42,"550 7th St, San Francisco, CA 94016"
207059,27in FHD Monitor,1,149.99,05/07/19 06:08,"948 2nd St, Los Angeles, CA 90001"
207060,Wired Headphones,1,11.99,05/12/19 11:18,"913 Cherry St, San Francisco, CA 94016"
207061,27in FHD Monitor,1,149.99,05/09/19 12:39,"653 Park St, Seattle, WA 98101"
207062,Lightning Charging Cable,1,14.95,05/26/19 15:23,"286 Elm St, Austin, TX 73301"
207063,Lightning Charging Cable,1,14.95,05/05/19 18:04,"115 Johnson St, Dallas, TX 75001"
207064,34in Ultrawide Monitor,1,379.99,05/06/19 07:28,"72 4th St, Dallas, TX 75001"
207065,Apple Airpods Headphones,1,150,05/15/19 12:31,"974 Lakeview St, Boston, MA 02215"
207065,Google Phone,1,600,05/15/19 12:31,"974 Lakeview St, Boston, MA 02215"
207066,Flatscreen TV,1,300,05/24/19 00:41,"58 Elm St, Los Angeles, CA 90001"
207067,34in Ultrawide Monitor,1,379.99,05/06/19 11:31,"431 Washington St, Atlanta, GA 30301"
207068,27in 4K Gaming Monitor,1,389.99,05/30/19 17:43,"776 Hill St, Atlanta, GA 30301"
207069,AA Batteries (4-pack),1,3.84,05/17/19 16:17,"750 8th St, Atlanta, GA 30301"
207070,iPhone,1,700,05/09/19 20:31,"616 Elm St, Los Angeles, CA 90001"
207071,Lightning Charging Cable,1,14.95,05/24/19 17:01,"624 Center St, Portland, OR 97035"
207072,Lightning Charging Cable,1,14.95,05/11/19 23:16,"554 Ridge St, San Francisco, CA 94016"
207073,Lightning Charging Cable,1,14.95,05/06/19 22:10,"135 8th St, San Francisco, CA 94016"
207074,AAA Batteries (4-pack),1,2.99,05/07/19 16:21,"78 Wilson St, Austin, TX 73301"
207075,27in 4K Gaming Monitor,1,389.99,05/27/19 16:00,"463 Center St, Austin, TX 73301"
207076,ThinkPad Laptop,1,999.99,05/10/19 14:04,"678 Lincoln St, New York City, NY 10001"
207077,AAA Batteries (4-pack),1,2.99,05/14/19 20:42,"235 Dogwood St, Los Angeles, CA 90001"
207078,Lightning Charging Cable,1,14.95,05/07/19 17:05,"782 Adams St, New York City, NY 10001"
207079,Lightning Charging Cable,1,14.95,05/22/19 19:50,"223 Willow St, Portland, OR 97035"
207080,AA Batteries (4-pack),1,3.84,05/12/19 20:13,"538 12th St, Boston, MA 02215"
207081,iPhone,1,700,05/13/19 01:38,"891 4th St, San Francisco, CA 94016"
207082,Bose SoundSport Headphones,1,99.99,05/08/19 13:32,"331 Main St, Portland, OR 97035"
207083,34in Ultrawide Monitor,1,379.99,05/20/19 09:28,"746 Highland St, Boston, MA 02215"
207084,iPhone,1,700,05/29/19 19:28,"885 West St, New York City, NY 10001"
207085,Apple Airpods Headphones,1,150,05/23/19 13:41,"184 1st St, New York City, NY 10001"
207086,AA Batteries (4-pack),1,3.84,05/18/19 18:24,"588 12th St, Atlanta, GA 30301"
207087,USB-C Charging Cable,1,11.95,05/23/19 13:04,"150 1st St, Boston, MA 02215"
207088,Apple Airpods Headphones,1,150,05/17/19 10:24,"755 6th St, New York City, NY 10001"
207089,Lightning Charging Cable,1,14.95,05/24/19 08:34,"86 Church St, New York City, NY 10001"
207090,AA Batteries (4-pack),1,3.84,05/28/19 12:48,"20 Hill St, San Francisco, CA 94016"
207091,AAA Batteries (4-pack),3,2.99,05/27/19 12:44,"969 Adams St, San Francisco, CA 94016"
207092,AAA Batteries (4-pack),1,2.99,05/19/19 21:07,"913 6th St, Atlanta, GA 30301"
207093,Wired Headphones,1,11.99,05/12/19 20:25,"561 River St, San Francisco, CA 94016"
207094,AAA Batteries (4-pack),1,2.99,05/08/19 09:16,"45 11th St, Boston, MA 02215"
207095,iPhone,1,700,05/20/19 21:31,"175 Cedar St, Seattle, WA 98101"
207096,AAA Batteries (4-pack),1,2.99,05/03/19 18:27,"197 Willow St, San Francisco, CA 94016"
207097,iPhone,1,700,05/13/19 20:11,"215 South St, Seattle, WA 98101"
207098,AAA Batteries (4-pack),2,2.99,05/07/19 21:59,"597 11th St, New York City, NY 10001"
207099,AA Batteries (4-pack),1,3.84,05/29/19 14:32,"384 Lakeview St, Los Angeles, CA 90001"
207099,Apple Airpods Headphones,1,150,05/29/19 14:32,"384 Lakeview St, Los Angeles, CA 90001"
207100,34in Ultrawide Monitor,1,379.99,05/05/19 16:40,"440 6th St, New York City, NY 10001"
207101,Wired Headphones,1,11.99,05/16/19 07:03,"955 Madison St, Atlanta, GA 30301"
207102,AA Batteries (4-pack),1,3.84,05/09/19 09:11,"903 Sunset St, New York City, NY 10001"
207103,AAA Batteries (4-pack),2,2.99,05/08/19 20:46,"328 Church St, Los Angeles, CA 90001"
207104,Apple Airpods Headphones,1,150,05/04/19 09:10,"229 Center St, New York City, NY 10001"
207105,Bose SoundSport Headphones,1,99.99,05/24/19 12:00,"308 Jackson St, Los Angeles, CA 90001"
207106,34in Ultrawide Monitor,1,379.99,05/07/19 10:33,"519 Cherry St, Dallas, TX 75001"
207107,USB-C Charging Cable,1,11.95,05/06/19 21:18,"627 7th St, Dallas, TX 75001"
207108,Apple Airpods Headphones,1,150,05/01/19 21:02,"252 7th St, Boston, MA 02215"
207109,Wired Headphones,1,11.99,05/17/19 00:08,"165 Cedar St, Los Angeles, CA 90001"
207110,Apple Airpods Headphones,1,150,05/07/19 19:52,"957 12th St, Austin, TX 73301"
207111,34in Ultrawide Monitor,1,379.99,05/09/19 17:35,"11 10th St, Atlanta, GA 30301"
207112,Bose SoundSport Headphones,1,99.99,05/24/19 22:51,"915 Dogwood St, Los Angeles, CA 90001"
207113,AAA Batteries (4-pack),2,2.99,05/16/19 19:04,"301 Elm St, Los Angeles, CA 90001"
207114,AAA Batteries (4-pack),1,2.99,05/28/19 12:20,"166 Jefferson St, San Francisco, CA 94016"
207115,Lightning Charging Cable,1,14.95,05/12/19 10:15,"717 Lincoln St, Los Angeles, CA 90001"
207116,Bose SoundSport Headphones,1,99.99,05/02/19 11:26,"192 Lincoln St, San Francisco, CA 94016"
207117,Apple Airpods Headphones,1,150,05/17/19 14:14,"963 Cherry St, Atlanta, GA 30301"
207118,AAA Batteries (4-pack),1,2.99,05/04/19 09:03,"964 Sunset St, Los Angeles, CA 90001"
207119,AA Batteries (4-pack),2,3.84,05/11/19 10:37,"414 1st St, New York City, NY 10001"
207120,USB-C Charging Cable,1,11.95,05/21/19 21:16,"179 Pine St, Seattle, WA 98101"
207121,AAA Batteries (4-pack),1,2.99,05/29/19 10:39,"761 North St, San Francisco, CA 94016"
207122,Macbook Pro Laptop,1,1700,05/22/19 14:31,"301 7th St, San Francisco, CA 94016"
207123,Wired Headphones,1,11.99,05/01/19 10:10,"482 Wilson St, New York City, NY 10001"
207124,iPhone,1,700,05/26/19 16:36,"255 Maple St, Atlanta, GA 30301"
207125,Bose SoundSport Headphones,1,99.99,05/09/19 21:00,"563 Pine St, Los Angeles, CA 90001"
207126,27in 4K Gaming Monitor,1,389.99,05/13/19 13:16,"273 Lake St, Seattle, WA 98101"
207127,AAA Batteries (4-pack),2,2.99,05/14/19 04:50,"347 9th St, Boston, MA 02215"
207128,Bose SoundSport Headphones,1,99.99,05/02/19 09:59,"909 Johnson St, Los Angeles, CA 90001"
207129,Google Phone,1,600,05/23/19 16:52,"799 South St, Boston, MA 02215"
207130,Bose SoundSport Headphones,1,99.99,05/25/19 13:45,"250 Walnut St, Boston, MA 02215"
207131,Apple Airpods Headphones,1,150,05/17/19 04:42,"282 14th St, San Francisco, CA 94016"
207132,Lightning Charging Cable,1,14.95,05/27/19 08:43,"677 Center St, San Francisco, CA 94016"
207133,AAA Batteries (4-pack),1,2.99,05/12/19 22:55,"210 13th St, Seattle, WA 98101"
207134,Wired Headphones,1,11.99,05/28/19 11:34,"324 Jefferson St, Boston, MA 02215"
207135,Apple Airpods Headphones,1,150,05/24/19 20:01,"598 Adams St, Los Angeles, CA 90001"
207136,iPhone,1,700,05/29/19 20:30,"298 Highland St, Los Angeles, CA 90001"
207136,Lightning Charging Cable,1,14.95,05/29/19 20:30,"298 Highland St, Los Angeles, CA 90001"
207137,Wired Headphones,1,11.99,05/22/19 15:12,"532 Johnson St, San Francisco, CA 94016"
207138,USB-C Charging Cable,1,11.95,05/27/19 21:20,"713 Church St, Los Angeles, CA 90001"
207139,27in FHD Monitor,1,149.99,05/14/19 18:41,"357 Park St, Seattle, WA 98101"
207140,iPhone,1,700,05/19/19 11:29,"784 Lake St, San Francisco, CA 94016"
207141,LG Dryer,1,600.0,05/27/19 19:03,"800 River St, Seattle, WA 98101"
207142,Flatscreen TV,1,300,05/14/19 19:46,"842 1st St, Dallas, TX 75001"
207143,USB-C Charging Cable,1,11.95,05/27/19 18:42,"852 Park St, New York City, NY 10001"
207144,AAA Batteries (4-pack),2,2.99,05/17/19 08:59,"88 7th St, Austin, TX 73301"
207145,Lightning Charging Cable,1,14.95,05/02/19 18:24,"624 Johnson St, San Francisco, CA 94016"
207146,Lightning Charging Cable,1,14.95,05/14/19 16:01,"880 Highland St, San Francisco, CA 94016"
207147,Wired Headphones,1,11.99,05/17/19 18:24,"39 Washington St, Portland, ME 04101"
207148,20in Monitor,1,109.99,05/02/19 11:30,"600 Adams St, Dallas, TX 75001"
207149,USB-C Charging Cable,1,11.95,05/10/19 13:22,"895 Lakeview St, Seattle, WA 98101"
207150,AAA Batteries (4-pack),2,2.99,05/21/19 19:42,"191 South St, Portland, OR 97035"
207151,20in Monitor,1,109.99,05/07/19 19:22,"122 Willow St, Dallas, TX 75001"
207152,Wired Headphones,1,11.99,05/19/19 18:14,"248 Adams St, San Francisco, CA 94016"
207153,Google Phone,1,600,05/11/19 21:12,"881 Washington St, New York City, NY 10001"
207154,Macbook Pro Laptop,1,1700,05/18/19 14:40,"159 13th St, Dallas, TX 75001"
207155,Lightning Charging Cable,1,14.95,05/22/19 20:57,"711 Adams St, Boston, MA 02215"
207156,Wired Headphones,2,11.99,05/11/19 23:26,"699 River St, Los Angeles, CA 90001"
207157,27in 4K Gaming Monitor,1,389.99,05/21/19 18:48,"658 Park St, Dallas, TX 75001"
207158,USB-C Charging Cable,1,11.95,05/16/19 07:20,"377 Washington St, New York City, NY 10001"
207159,AAA Batteries (4-pack),1,2.99,05/17/19 10:49,"929 13th St, Portland, ME 04101"
207160,AA Batteries (4-pack),4,3.84,05/02/19 23:15,"565 9th St, New York City, NY 10001"
207161,20in Monitor,1,109.99,05/03/19 20:33,"404 Johnson St, San Francisco, CA 94016"
207162,Lightning Charging Cable,1,14.95,05/10/19 08:32,"997 7th St, Portland, OR 97035"
207163,USB-C Charging Cable,1,11.95,05/20/19 11:45,"622 Main St, San Francisco, CA 94016"
207164,Bose SoundSport Headphones,1,99.99,05/09/19 18:36,"496 Chestnut St, San Francisco, CA 94016"
207165,Apple Airpods Headphones,1,150,05/14/19 00:02,"763 Pine St, San Francisco, CA 94016"
207166,Apple Airpods Headphones,1,150,05/11/19 20:26,"674 Pine St, San Francisco, CA 94016"
207167,27in FHD Monitor,1,149.99,05/22/19 21:13,"78 West St, Seattle, WA 98101"
207168,27in 4K Gaming Monitor,1,389.99,05/12/19 23:08,"664 Walnut St, Boston, MA 02215"
207169,AA Batteries (4-pack),1,3.84,05/10/19 10:50,"199 Maple St, Boston, MA 02215"
207170,AA Batteries (4-pack),2,3.84,05/08/19 22:02,"76 11th St, Seattle, WA 98101"
207171,27in 4K Gaming Monitor,1,389.99,05/29/19 22:56,"670 Hill St, Los Angeles, CA 90001"
207172,Wired Headphones,1,11.99,05/19/19 15:13,"31 Hill St, Los Angeles, CA 90001"
207173,AA Batteries (4-pack),1,3.84,05/04/19 13:48,"984 2nd St, Austin, TX 73301"
207174,34in Ultrawide Monitor,1,379.99,05/27/19 16:21,"405 7th St, Portland, OR 97035"
207175,AA Batteries (4-pack),1,3.84,05/24/19 21:58,"491 7th St, San Francisco, CA 94016"
207176,Vareebadd Phone,1,400,05/17/19 04:52,"237 4th St, San Francisco, CA 94016"
207176,USB-C Charging Cable,1,11.95,05/17/19 04:52,"237 4th St, San Francisco, CA 94016"
207177,AA Batteries (4-pack),1,3.84,05/26/19 03:32,"829 Elm St, San Francisco, CA 94016"
207178,Wired Headphones,1,11.99,05/20/19 17:02,"771 Park St, San Francisco, CA 94016"
207179,USB-C Charging Cable,1,11.95,05/14/19 12:21,"53 13th St, Austin, TX 73301"
207180,USB-C Charging Cable,1,11.95,05/26/19 19:35,"101 Walnut St, New York City, NY 10001"
207181,Lightning Charging Cable,1,14.95,05/27/19 10:52,"364 6th St, Dallas, TX 75001"
207182,Bose SoundSport Headphones,1,99.99,05/02/19 20:17,"501 Forest St, San Francisco, CA 94016"
207183,Lightning Charging Cable,1,14.95,05/13/19 17:45,"348 Elm St, Seattle, WA 98101"
207184,27in FHD Monitor,1,149.99,05/29/19 17:15,"383 6th St, New York City, NY 10001"
207185,AAA Batteries (4-pack),1,2.99,05/06/19 18:46,"183 Adams St, Seattle, WA 98101"
207186,Wired Headphones,1,11.99,05/27/19 03:06,"207 Center St, Austin, TX 73301"
207187,AAA Batteries (4-pack),1,2.99,05/04/19 20:35,"206 11th St, Dallas, TX 75001"
207188,20in Monitor,1,109.99,05/27/19 05:31,"379 7th St, Los Angeles, CA 90001"
207189,34in Ultrawide Monitor,1,379.99,05/15/19 16:12,"906 Dogwood St, Boston, MA 02215"
207190,Google Phone,1,600,05/16/19 20:45,"999 Sunset St, Los Angeles, CA 90001"
207191,20in Monitor,1,109.99,05/10/19 08:08,"979 Wilson St, San Francisco, CA 94016"
207192,Bose SoundSport Headphones,1,99.99,05/06/19 10:08,"95 12th St, San Francisco, CA 94016"
207193,Wired Headphones,1,11.99,05/22/19 02:21,"377 7th St, Boston, MA 02215"
207194,Bose SoundSport Headphones,1,99.99,05/16/19 18:08,"718 13th St, Seattle, WA 98101"
207195,Google Phone,1,600,05/26/19 01:04,"712 4th St, Boston, MA 02215"
207196,AAA Batteries (4-pack),1,2.99,05/05/19 13:55,"764 Washington St, Portland, OR 97035"
207197,Flatscreen TV,1,300,05/23/19 09:23,"107 Cedar St, Los Angeles, CA 90001"
207198,USB-C Charging Cable,1,11.95,05/13/19 19:54,"545 Willow St, Seattle, WA 98101"
207199,Apple Airpods Headphones,1,150,05/26/19 09:30,"681 Spruce St, Austin, TX 73301"
207200,Lightning Charging Cable,1,14.95,05/13/19 14:30,"643 Lake St, Dallas, TX 75001"
207201,AA Batteries (4-pack),5,3.84,05/07/19 13:10,"433 9th St, Portland, OR 97035"
207202,Wired Headphones,1,11.99,05/10/19 11:31,"913 13th St, San Francisco, CA 94016"
207203,27in FHD Monitor,1,149.99,05/01/19 15:03,"124 4th St, Atlanta, GA 30301"
207204,USB-C Charging Cable,1,11.95,05/06/19 19:22,"8 4th St, Los Angeles, CA 90001"
207205,AA Batteries (4-pack),1,3.84,05/09/19 21:06,"20 Jackson St, Los Angeles, CA 90001"
207206,Lightning Charging Cable,1,14.95,05/01/19 16:12,"965 Ridge St, San Francisco, CA 94016"
207207,Lightning Charging Cable,1,14.95,05/05/19 21:07,"642 13th St, Portland, OR 97035"
207208,Wired Headphones,1,11.99,05/11/19 22:04,"964 9th St, Seattle, WA 98101"
207209,Macbook Pro Laptop,1,1700,05/15/19 17:13,"755 Jefferson St, Los Angeles, CA 90001"
207210,20in Monitor,1,109.99,05/24/19 19:35,"122 11th St, Austin, TX 73301"
207211,AA Batteries (4-pack),2,3.84,05/07/19 13:09,"613 7th St, San Francisco, CA 94016"
207212,AA Batteries (4-pack),1,3.84,05/12/19 09:20,"443 7th St, New York City, NY 10001"
207213,Bose SoundSport Headphones,1,99.99,05/19/19 05:47,"167 Cedar St, Seattle, WA 98101"
207214,iPhone,1,700,05/27/19 06:00,"691 Pine St, San Francisco, CA 94016"
207215,AAA Batteries (4-pack),1,2.99,05/16/19 21:57,"430 Willow St, Atlanta, GA 30301"
207216,USB-C Charging Cable,1,11.95,05/17/19 12:59,"918 Madison St, Portland, OR 97035"
207217,Wired Headphones,1,11.99,05/13/19 16:13,"750 Forest St, Dallas, TX 75001"
207218,Wired Headphones,1,11.99,05/16/19 14:00,"639 Pine St, San Francisco, CA 94016"
207219,Wired Headphones,2,11.99,05/09/19 20:15,"62 Park St, Boston, MA 02215"
207220,AAA Batteries (4-pack),1,2.99,05/01/19 08:03,"973 Lincoln St, San Francisco, CA 94016"
207221,iPhone,1,700,05/15/19 18:52,"600 1st St, San Francisco, CA 94016"
207222,AAA Batteries (4-pack),1,2.99,05/18/19 17:29,"274 9th St, Seattle, WA 98101"
207223,27in FHD Monitor,1,149.99,05/12/19 18:20,"800 4th St, Austin, TX 73301"
207224,AA Batteries (4-pack),1,3.84,05/22/19 12:17,"883 Willow St, Dallas, TX 75001"
207225,Lightning Charging Cable,1,14.95,05/11/19 17:58,"426 Lake St, San Francisco, CA 94016"
207226,Lightning Charging Cable,1,14.95,05/27/19 20:37,"761 10th St, Dallas, TX 75001"
207227,27in 4K Gaming Monitor,1,389.99,05/08/19 19:29,"46 Church St, Boston, MA 02215"
207228,USB-C Charging Cable,1,11.95,05/13/19 10:41,"10 Johnson St, Dallas, TX 75001"
207229,27in 4K Gaming Monitor,1,389.99,05/01/19 21:55,"887 Wilson St, New York City, NY 10001"
207230,27in 4K Gaming Monitor,1,389.99,05/02/19 12:50,"944 Lakeview St, Atlanta, GA 30301"
207231,USB-C Charging Cable,1,11.95,05/27/19 00:12,"722 Cedar St, Seattle, WA 98101"
207232,Google Phone,1,600,05/03/19 12:46,"183 Center St, Portland, OR 97035"
207232,USB-C Charging Cable,1,11.95,05/03/19 12:46,"183 Center St, Portland, OR 97035"
207233,Google Phone,1,600,05/11/19 14:23,"360 Ridge St, San Francisco, CA 94016"
207233,USB-C Charging Cable,2,11.95,05/11/19 14:23,"360 Ridge St, San Francisco, CA 94016"
207234,USB-C Charging Cable,2,11.95,05/15/19 15:06,"53 Hickory St, Seattle, WA 98101"
207235,AA Batteries (4-pack),4,3.84,05/31/19 12:55,"997 Lake St, Portland, ME 04101"
,,,,,
207236,Lightning Charging Cable,1,14.95,05/11/19 14:01,"464 10th St, New York City, NY 10001"
207237,Wired Headphones,1,11.99,05/25/19 10:52,"201 Wilson St, Los Angeles, CA 90001"
207238,AAA Batteries (4-pack),1,2.99,05/25/19 17:24,"38 River St, New York City, NY 10001"
207239,Wired Headphones,1,11.99,05/01/19 23:20,"943 Lincoln St, Los Angeles, CA 90001"
207240,Lightning Charging Cable,1,14.95,05/26/19 11:53,"151 9th St, Dallas, TX 75001"
207241,Apple Airpods Headphones,1,150,05/13/19 12:12,"134 Spruce St, Dallas, TX 75001"
207242,AA Batteries (4-pack),2,3.84,05/23/19 09:25,"329 10th St, New York City, NY 10001"
207243,AAA Batteries (4-pack),1,2.99,05/29/19 08:38,"57 Maple St, Boston, MA 02215"
207244,Wired Headphones,1,11.99,05/22/19 12:13,"741 Ridge St, Dallas, TX 75001"
207245,iPhone,1,700,05/24/19 21:11,"582 Lake St, Boston, MA 02215"
207246,34in Ultrawide Monitor,1,379.99,05/10/19 11:03,"749 Lincoln St, Boston, MA 02215"
207247,USB-C Charging Cable,1,11.95,05/19/19 18:41,"549 Cherry St, Atlanta, GA 30301"
207248,Lightning Charging Cable,1,14.95,05/06/19 10:29,"682 Park St, San Francisco, CA 94016"
207249,20in Monitor,1,109.99,05/14/19 11:40,"326 Hill St, Boston, MA 02215"
207250,AA Batteries (4-pack),1,3.84,05/12/19 12:06,"36 Maple St, San Francisco, CA 94016"
207251,Lightning Charging Cable,1,14.95,05/29/19 07:48,"886 9th St, Boston, MA 02215"
207252,Lightning Charging Cable,1,14.95,05/03/19 18:32,"257 Cedar St, Boston, MA 02215"
207253,Macbook Pro Laptop,1,1700,05/04/19 14:52,"555 South St, Portland, OR 97035"
207254,Apple Airpods Headphones,1,150,05/21/19 11:27,"493 Maple St, Seattle, WA 98101"
207255,27in 4K Gaming Monitor,1,389.99,05/31/19 16:16,"288 Lake St, Boston, MA 02215"
207256,AA Batteries (4-pack),2,3.84,05/18/19 19:57,"510 Lake St, Atlanta, GA 30301"
207257,Lightning Charging Cable,1,14.95,05/09/19 19:10,"976 Johnson St, New York City, NY 10001"
207258,Apple Airpods Headphones,1,150,05/29/19 06:04,"156 Chestnut St, Dallas, TX 75001"
207259,Flatscreen TV,1,300,05/31/19 09:07,"38 7th St, Los Angeles, CA 90001"
207260,34in Ultrawide Monitor,1,379.99,05/14/19 22:10,"238 Adams St, Boston, MA 02215"
207261,Apple Airpods Headphones,1,150,05/13/19 00:07,"841 Dogwood St, San Francisco, CA 94016"
207262,27in 4K Gaming Monitor,1,389.99,05/11/19 21:33,"68 Chestnut St, Boston, MA 02215"
207263,AA Batteries (4-pack),1,3.84,05/26/19 14:46,"431 Hill St, Portland, ME 04101"
207264,AAA Batteries (4-pack),1,2.99,05/09/19 21:13,"431 9th St, Boston, MA 02215"
207265,AAA Batteries (4-pack),1,2.99,05/24/19 14:46,"767 13th St, Austin, TX 73301"
207266,Bose SoundSport Headphones,1,99.99,05/04/19 00:22,"142 8th St, New York City, NY 10001"
207267,AAA Batteries (4-pack),2,2.99,05/22/19 12:10,"917 Maple St, Seattle, WA 98101"
207268,27in FHD Monitor,1,149.99,05/15/19 11:21,"714 11th St, San Francisco, CA 94016"
207269,Lightning Charging Cable,1,14.95,05/17/19 10:19,"29 Adams St, Atlanta, GA 30301"
207270,iPhone,1,700,05/05/19 18:48,"925 12th St, San Francisco, CA 94016"
207270,Lightning Charging Cable,1,14.95,05/05/19 18:48,"925 12th St, San Francisco, CA 94016"
207271,USB-C Charging Cable,1,11.95,05/07/19 21:37,"288 4th St, Atlanta, GA 30301"
207272,USB-C Charging Cable,1,11.95,05/18/19 18:28,"881 Jefferson St, Dallas, TX 75001"
207273,iPhone,1,700,05/12/19 20:01,"192 Elm St, Austin, TX 73301"
207274,Google Phone,1,600,05/24/19 12:03,"524 Center St, Boston, MA 02215"
207275,Macbook Pro Laptop,1,1700,05/08/19 09:15,"92 Lake St, Portland, OR 97035"
207276,Lightning Charging Cable,1,14.95,05/09/19 12:04,"906 Highland St, San Francisco, CA 94016"
207277,Macbook Pro Laptop,1,1700,05/19/19 23:16,"630 Lakeview St, Austin, TX 73301"
207278,USB-C Charging Cable,1,11.95,05/05/19 23:38,"409 7th St, Los Angeles, CA 90001"
207279,iPhone,1,700,05/07/19 01:31,"576 10th St, San Francisco, CA 94016"
207280,USB-C Charging Cable,2,11.95,05/03/19 00:14,"165 Walnut St, San Francisco, CA 94016"
207281,iPhone,1,700,05/06/19 12:45,"634 Meadow St, Los Angeles, CA 90001"
207282,Lightning Charging Cable,1,14.95,05/27/19 16:53,"467 River St, San Francisco, CA 94016"
207283,Google Phone,1,600,05/29/19 11:31,"717 Cherry St, Portland, OR 97035"
207284,20in Monitor,1,109.99,05/03/19 14:45,"419 14th St, Los Angeles, CA 90001"
207285,USB-C Charging Cable,1,11.95,05/26/19 19:39,"786 7th St, New York City, NY 10001"
207286,Apple Airpods Headphones,1,150,05/30/19 11:36,"459 5th St, Los Angeles, CA 90001"
207287,LG Dryer,1,600.0,05/08/19 14:20,"892 13th St, Atlanta, GA 30301"
207288,USB-C Charging Cable,1,11.95,05/14/19 20:45,"424 Lake St, San Francisco, CA 94016"
207289,Lightning Charging Cable,1,14.95,05/08/19 19:56,"328 9th St, New York City, NY 10001"
207290,Lightning Charging Cable,1,14.95,05/06/19 23:01,"447 Cherry St, New York City, NY 10001"
207291,20in Monitor,1,109.99,05/29/19 22:19,"233 Hill St, Atlanta, GA 30301"
207292,Apple Airpods Headphones,1,150,05/29/19 18:19,"403 6th St, Portland, OR 97035"
207293,ThinkPad Laptop,1,999.99,05/28/19 14:13,"994 Washington St, Austin, TX 73301"
207294,Google Phone,1,600,05/23/19 17:49,"237 Ridge St, Los Angeles, CA 90001"
207295,AAA Batteries (4-pack),1,2.99,05/18/19 23:34,"89 13th St, Portland, OR 97035"
207296,Apple Airpods Headphones,1,150,05/30/19 06:01,"647 Madison St, Dallas, TX 75001"
207297,Apple Airpods Headphones,1,150,05/22/19 11:19,"273 Washington St, San Francisco, CA 94016"
207298,USB-C Charging Cable,1,11.95,05/27/19 12:30,"392 Adams St, Los Angeles, CA 90001"
207299,USB-C Charging Cable,1,11.95,05/27/19 10:32,"92 Hill St, San Francisco, CA 94016"
207300,AAA Batteries (4-pack),2,2.99,05/05/19 15:10,"479 Elm St, Dallas, TX 75001"
207301,iPhone,1,700,05/03/19 11:56,"40 Church St, Seattle, WA 98101"
207301,Wired Headphones,1,11.99,05/03/19 11:56,"40 Church St, Seattle, WA 98101"
207302,27in 4K Gaming Monitor,1,389.99,05/24/19 13:32,"805 5th St, Seattle, WA 98101"
207303,Lightning Charging Cable,1,14.95,05/16/19 08:07,"913 Johnson St, Los Angeles, CA 90001"
207304,Lightning Charging Cable,1,14.95,05/07/19 18:25,"388 Cherry St, Los Angeles, CA 90001"
207305,Apple Airpods Headphones,1,150,05/17/19 22:31,"854 11th St, San Francisco, CA 94016"
207306,Lightning Charging Cable,1,14.95,05/04/19 04:40,"422 Chestnut St, Atlanta, GA 30301"
207307,27in FHD Monitor,1,149.99,05/22/19 12:55,"796 12th St, San Francisco, CA 94016"
207308,USB-C Charging Cable,1,11.95,05/02/19 19:58,"913 Spruce St, Atlanta, GA 30301"
207309,34in Ultrawide Monitor,1,379.99,05/08/19 19:20,"985 Washington St, Boston, MA 02215"
207310,AA Batteries (4-pack),1,3.84,05/26/19 15:48,"124 14th St, Portland, OR 97035"
207311,USB-C Charging Cable,1,11.95,05/21/19 20:47,"610 Jefferson St, San Francisco, CA 94016"
207312,AAA Batteries (4-pack),1,2.99,05/21/19 16:31,"842 Dogwood St, Los Angeles, CA 90001"
207313,AAA Batteries (4-pack),1,2.99,05/05/19 13:54,"634 Washington St, Austin, TX 73301"
207314,iPhone,1,700,05/07/19 12:57,"124 Ridge St, New York City, NY 10001"
207314,Wired Headphones,1,11.99,05/07/19 12:57,"124 Ridge St, New York City, NY 10001"
207315,Wired Headphones,1,11.99,05/23/19 08:15,"290 Chestnut St, New York City, NY 10001"
207316,Apple Airpods Headphones,1,150,05/11/19 00:38,"721 14th St, Boston, MA 02215"
207317,27in FHD Monitor,1,149.99,05/06/19 00:15,"3 Center St, San Francisco, CA 94016"
207318,LG Washing Machine,1,600.0,05/03/19 11:39,"95 Highland St, New York City, NY 10001"
207319,Wired Headphones,1,11.99,05/08/19 10:54,"550 Wilson St, Seattle, WA 98101"
207320,Macbook Pro Laptop,1,1700,05/02/19 21:04,"417 Walnut St, Los Angeles, CA 90001"
207321,Lightning Charging Cable,2,14.95,05/03/19 20:44,"158 13th St, Portland, OR 97035"
207322,AA Batteries (4-pack),1,3.84,05/08/19 20:41,"226 Lake St, New York City, NY 10001"
207323,AAA Batteries (4-pack),2,2.99,05/08/19 16:35,"517 1st St, San Francisco, CA 94016"
207324,Bose SoundSport Headphones,1,99.99,05/03/19 20:50,"488 4th St, Austin, TX 73301"
207325,Wired Headphones,2,11.99,05/22/19 15:26,"369 Pine St, Portland, ME 04101"
207326,iPhone,1,700,05/16/19 17:40,"566 Johnson St, Portland, OR 97035"
207327,AA Batteries (4-pack),1,3.84,05/04/19 00:06,"633 Washington St, Dallas, TX 75001"
207328,27in FHD Monitor,1,149.99,05/11/19 21:55,"806 South St, San Francisco, CA 94016"
207329,Wired Headphones,1,11.99,05/17/19 17:09,"329 Cherry St, Los Angeles, CA 90001"
207330,Lightning Charging Cable,1,14.95,05/18/19 09:50,"709 11th St, Boston, MA 02215"
207331,AAA Batteries (4-pack),1,2.99,05/09/19 20:00,"649 14th St, Boston, MA 02215"
207332,Lightning Charging Cable,1,14.95,05/29/19 17:29,"493 Maple St, Seattle, WA 98101"
207333,Bose SoundSport Headphones,1,99.99,05/10/19 23:09,"871 Center St, New York City, NY 10001"
207333,27in 4K Gaming Monitor,1,389.99,05/10/19 23:09,"871 Center St, New York City, NY 10001"
207334,Google Phone,1,600,05/11/19 16:29,"604 River St, Portland, ME 04101"
207335,Flatscreen TV,1,300,05/03/19 13:58,"346 Cedar St, New York City, NY 10001"
207336,Apple Airpods Headphones,1,150,05/11/19 21:22,"837 River St, San Francisco, CA 94016"
207337,20in Monitor,1,109.99,05/27/19 06:10,"580 Hickory St, Austin, TX 73301"
207338,Flatscreen TV,1,300,05/09/19 22:24,"504 1st St, Atlanta, GA 30301"
207339,Apple Airpods Headphones,1,150,05/08/19 11:10,"527 9th St, Los Angeles, CA 90001"
207340,USB-C Charging Cable,1,11.95,05/27/19 08:19,"447 8th St, Dallas, TX 75001"
207341,Apple Airpods Headphones,1,150,05/09/19 10:51,"714 8th St, Los Angeles, CA 90001"
207342,Vareebadd Phone,1,400,05/03/19 11:40,"304 North St, Portland, OR 97035"
207342,Wired Headphones,1,11.99,05/03/19 11:40,"304 North St, Portland, OR 97035"
207343,Lightning Charging Cable,2,14.95,05/19/19 13:30,"170 Wilson St, San Francisco, CA 94016"
207344,Lightning Charging Cable,1,14.95,05/02/19 15:47,"527 Maple St, Austin, TX 73301"
207345,Bose SoundSport Headphones,1,99.99,05/16/19 17:57,"511 Lincoln St, Boston, MA 02215"
207346,27in FHD Monitor,1,149.99,05/03/19 13:24,"276 1st St, San Francisco, CA 94016"
207347,Macbook Pro Laptop,1,1700,05/09/19 22:26,"97 Meadow St, San Francisco, CA 94016"
207348,27in FHD Monitor,1,149.99,05/26/19 12:48,"325 Elm St, Portland, OR 97035"
207349,USB-C Charging Cable,1,11.95,05/08/19 21:17,"780 Meadow St, San Francisco, CA 94016"
207350,Wired Headphones,1,11.99,05/25/19 09:32,"593 7th St, Los Angeles, CA 90001"
207351,Wired Headphones,1,11.99,05/13/19 00:20,"453 Main St, Los Angeles, CA 90001"
207352,Wired Headphones,1,11.99,05/22/19 22:30,"61 Jackson St, Los Angeles, CA 90001"
207353,Lightning Charging Cable,1,14.95,05/05/19 19:34,"341 6th St, New York City, NY 10001"
207354,Wired Headphones,1,11.99,05/31/19 12:38,"995 Center St, Seattle, WA 98101"
207355,Apple Airpods Headphones,1,150,05/19/19 00:27,"632 Park St, Boston, MA 02215"
207356,Bose SoundSport Headphones,1,99.99,05/20/19 09:43,"406 Main St, Dallas, TX 75001"
207357,27in FHD Monitor,1,149.99,05/12/19 16:27,"496 Pine St, New York City, NY 10001"
207358,AAA Batteries (4-pack),1,2.99,05/30/19 15:43,"581 Pine St, Boston, MA 02215"
207359,AA Batteries (4-pack),1,3.84,05/28/19 20:00,"77 Cherry St, Boston, MA 02215"
207360,Wired Headphones,1,11.99,05/13/19 19:16,"763 9th St, New York City, NY 10001"
207361,USB-C Charging Cable,1,11.95,05/03/19 19:49,"769 Forest St, Los Angeles, CA 90001"
207362,AAA Batteries (4-pack),1,2.99,05/08/19 18:18,"497 4th St, New York City, NY 10001"
207363,Lightning Charging Cable,1,14.95,05/02/19 12:53,"89 14th St, San Francisco, CA 94016"
207364,Lightning Charging Cable,1,14.95,05/18/19 14:26,"116 West St, Boston, MA 02215"
207365,Lightning Charging Cable,1,14.95,05/29/19 05:23,"800 Walnut St, Seattle, WA 98101"
207366,AAA Batteries (4-pack),1,2.99,05/01/19 21:13,"635 Lincoln St, Boston, MA 02215"
207367,34in Ultrawide Monitor,1,379.99,05/30/19 20:50,"392 Chestnut St, Dallas, TX 75001"
207368,USB-C Charging Cable,1,11.95,05/29/19 16:07,"992 4th St, Seattle, WA 98101"
207369,27in FHD Monitor,1,149.99,05/10/19 17:06,"205 Jefferson St, New York City, NY 10001"
207369,USB-C Charging Cable,1,11.95,05/10/19 17:06,"205 Jefferson St, New York City, NY 10001"
207370,AAA Batteries (4-pack),1,2.99,05/15/19 16:21,"268 9th St, Boston, MA 02215"
207371,AA Batteries (4-pack),1,3.84,05/14/19 10:22,"605 Cherry St, Portland, OR 97035"
207372,AAA Batteries (4-pack),5,2.99,05/21/19 17:29,"520 Ridge St, Dallas, TX 75001"
207373,AA Batteries (4-pack),1,3.84,05/05/19 12:30,"623 Willow St, Portland, OR 97035"
207374,AA Batteries (4-pack),1,3.84,05/14/19 20:30,"473 2nd St, San Francisco, CA 94016"
207375,Bose SoundSport Headphones,1,99.99,05/19/19 12:52,"972 2nd St, Boston, MA 02215"
207376,Apple Airpods Headphones,1,150,05/11/19 10:18,"612 Madison St, Austin, TX 73301"
207377,20in Monitor,1,109.99,05/13/19 19:29,"706 Forest St, Seattle, WA 98101"
207378,27in 4K Gaming Monitor,1,389.99,05/13/19 14:02,"435 10th St, Los Angeles, CA 90001"
207379,Google Phone,1,600,05/29/19 18:24,"136 South St, Dallas, TX 75001"
207379,Wired Headphones,1,11.99,05/29/19 18:24,"136 South St, Dallas, TX 75001"
207380,Macbook Pro Laptop,1,1700,05/23/19 18:27,"934 4th St, New York City, NY 10001"
207381,USB-C Charging Cable,1,11.95,05/01/19 18:09,"386 Johnson St, Boston, MA 02215"
207382,Wired Headphones,1,11.99,05/10/19 16:22,"159 12th St, New York City, NY 10001"
207383,AAA Batteries (4-pack),2,2.99,05/15/19 16:41,"71 Adams St, San Francisco, CA 94016"
207384,Google Phone,1,600,05/17/19 17:15,"393 Center St, Los Angeles, CA 90001"
207385,USB-C Charging Cable,1,11.95,05/22/19 10:56,"915 Willow St, Boston, MA 02215"
207386,Flatscreen TV,1,300,05/24/19 18:28,"772 Madison St, Dallas, TX 75001"
207387,Apple Airpods Headphones,1,150,05/20/19 14:18,"170 Walnut St, San Francisco, CA 94016"
207388,27in 4K Gaming Monitor,1,389.99,05/23/19 00:52,"184 Spruce St, Seattle, WA 98101"
207389,Bose SoundSport Headphones,1,99.99,05/10/19 12:39,"726 Cherry St, Los Angeles, CA 90001"
207390,27in FHD Monitor,1,149.99,05/19/19 23:20,"982 Hickory St, Austin, TX 73301"
207391,iPhone,1,700,05/30/19 17:08,"135 Chestnut St, Austin, TX 73301"
207392,27in 4K Gaming Monitor,1,389.99,05/11/19 12:07,"219 Highland St, San Francisco, CA 94016"
207393,AA Batteries (4-pack),1,3.84,05/23/19 23:16,"365 12th St, Los Angeles, CA 90001"
207394,Lightning Charging Cable,1,14.95,05/07/19 14:49,"226 Madison St, New York City, NY 10001"
207395,USB-C Charging Cable,1,11.95,05/18/19 07:44,"740 Wilson St, San Francisco, CA 94016"
207395,USB-C Charging Cable,1,11.95,05/18/19 07:44,"740 Wilson St, San Francisco, CA 94016"
207396,Wired Headphones,1,11.99,05/30/19 22:10,"252 Main St, Los Angeles, CA 90001"
207397,AAA Batteries (4-pack),1,2.99,05/13/19 15:35,"867 8th St, San Francisco, CA 94016"
207398,USB-C Charging Cable,1,11.95,05/08/19 15:57,"94 9th St, Los Angeles, CA 90001"
207399,Lightning Charging Cable,2,14.95,05/19/19 09:56,"436 13th St, San Francisco, CA 94016"
207400,Flatscreen TV,1,300,05/14/19 20:59,"707 North St, Dallas, TX 75001"
207401,Lightning Charging Cable,1,14.95,05/06/19 09:28,"427 Elm St, Dallas, TX 75001"
207402,27in 4K Gaming Monitor,1,389.99,05/09/19 20:01,"432 Johnson St, Dallas, TX 75001"
207403,Bose SoundSport Headphones,1,99.99,05/09/19 12:01,"404 9th St, Seattle, WA 98101"
207404,27in 4K Gaming Monitor,1,389.99,05/19/19 18:08,"968 West St, Boston, MA 02215"
207405,20in Monitor,1,109.99,05/06/19 10:58,"959 Chestnut St, Los Angeles, CA 90001"
207406,AA Batteries (4-pack),1,3.84,05/12/19 14:40,"3 Washington St, Los Angeles, CA 90001"
207407,27in FHD Monitor,1,149.99,05/11/19 14:36,"55 13th St, Dallas, TX 75001"
207408,AAA Batteries (4-pack),1,2.99,05/29/19 23:46,"805 Dogwood St, Los Angeles, CA 90001"
207409,Google Phone,1,600,05/10/19 14:42,"711 Ridge St, San Francisco, CA 94016"
207410,USB-C Charging Cable,1,11.95,05/20/19 20:44,"43 Main St, San Francisco, CA 94016"
207411,27in FHD Monitor,1,149.99,05/12/19 17:21,"111 14th St, Seattle, WA 98101"
207412,AAA Batteries (4-pack),1,2.99,05/19/19 12:20,"822 Adams St, Portland, OR 97035"
207413,Lightning Charging Cable,1,14.95,05/12/19 17:43,"561 Spruce St, New York City, NY 10001"
207414,AA Batteries (4-pack),1,3.84,05/16/19 22:45,"634 13th St, San Francisco, CA 94016"
207415,Google Phone,1,600,05/19/19 13:26,"464 Madison St, Seattle, WA 98101"
207415,USB-C Charging Cable,1,11.95,05/19/19 13:26,"464 Madison St, Seattle, WA 98101"
207416,iPhone,1,700,05/07/19 17:28,"58 Lincoln St, Los Angeles, CA 90001"
207417,Google Phone,1,600,05/21/19 09:20,"302 7th St, New York City, NY 10001"
207418,Wired Headphones,1,11.99,05/20/19 08:53,"615 1st St, San Francisco, CA 94016"
207419,27in FHD Monitor,1,149.99,05/08/19 19:13,"940 Pine St, San Francisco, CA 94016"
207420,USB-C Charging Cable,1,11.95,05/17/19 18:53,"561 Cherry St, Boston, MA 02215"
207421,AAA Batteries (4-pack),1,2.99,05/02/19 22:16,"124 11th St, Dallas, TX 75001"
207422,Lightning Charging Cable,1,14.95,05/03/19 08:22,"589 Johnson St, Austin, TX 73301"
207423,Apple Airpods Headphones,1,150,05/17/19 21:04,"132 11th St, San Francisco, CA 94016"
207424,27in FHD Monitor,1,149.99,05/08/19 13:59,"618 14th St, New York City, NY 10001"
207425,Bose SoundSport Headphones,1,99.99,05/27/19 19:49,"586 West St, Los Angeles, CA 90001"
207426,Flatscreen TV,1,300,05/08/19 22:59,"930 Willow St, San Francisco, CA 94016"
207427,Apple Airpods Headphones,1,150,05/31/19 14:55,"100 Dogwood St, Dallas, TX 75001"
207428,AAA Batteries (4-pack),2,2.99,05/05/19 13:44,"875 Hickory St, Atlanta, GA 30301"
207429,AA Batteries (4-pack),1,3.84,05/05/19 13:39,"462 Adams St, Seattle, WA 98101"
207430,Lightning Charging Cable,1,14.95,05/11/19 09:47,"410 2nd St, San Francisco, CA 94016"
207431,AA Batteries (4-pack),1,3.84,05/03/19 16:02,"778 South St, Dallas, TX 75001"
207432,Apple Airpods Headphones,1,150,05/12/19 16:15,"417 9th St, New York City, NY 10001"
207433,USB-C Charging Cable,1,11.95,05/19/19 12:14,"289 West St, San Francisco, CA 94016"
207434,AAA Batteries (4-pack),1,2.99,05/14/19 20:22,"180 Adams St, Boston, MA 02215"
207435,AAA Batteries (4-pack),3,2.99,05/11/19 22:57,"400 Dogwood St, Dallas, TX 75001"
207436,AA Batteries (4-pack),1,3.84,05/14/19 10:09,"674 Hickory St, Portland, OR 97035"
207437,Wired Headphones,1,11.99,05/28/19 18:29,"820 Willow St, Atlanta, GA 30301"
207438,USB-C Charging Cable,1,11.95,05/04/19 19:09,"725 Chestnut St, Atlanta, GA 30301"
207439,Wired Headphones,1,11.99,05/16/19 16:09,"494 Main St, San Francisco, CA 94016"
207440,AA Batteries (4-pack),1,3.84,05/15/19 19:50,"213 Pine St, San Francisco, CA 94016"
207441,AAA Batteries (4-pack),2,2.99,05/20/19 09:03,"710 Meadow St, New York City, NY 10001"
207442,Apple Airpods Headphones,1,150,05/29/19 23:23,"905 Hill St, San Francisco, CA 94016"
207443,Apple Airpods Headphones,1,150,05/07/19 15:52,"532 Sunset St, San Francisco, CA 94016"
207444,Lightning Charging Cable,1,14.95,05/28/19 13:49,"782 Cedar St, Austin, TX 73301"
207444,USB-C Charging Cable,1,11.95,05/28/19 13:49,"782 Cedar St, Austin, TX 73301"
207445,Lightning Charging Cable,1,14.95,05/25/19 22:29,"273 Lincoln St, New York City, NY 10001"
207446,AA Batteries (4-pack),1,3.84,05/30/19 10:42,"123 12th St, San Francisco, CA 94016"
207447,USB-C Charging Cable,1,11.95,05/12/19 15:37,"894 River St, San Francisco, CA 94016"
207448,20in Monitor,1,109.99,05/18/19 07:58,"249 13th St, Portland, OR 97035"
207449,Google Phone,1,600,05/02/19 00:02,"250 Adams St, San Francisco, CA 94016"
207450,iPhone,1,700,05/25/19 23:25,"292 Lakeview St, Atlanta, GA 30301"
207450,Lightning Charging Cable,1,14.95,05/25/19 23:25,"292 Lakeview St, Atlanta, GA 30301"
207451,AA Batteries (4-pack),2,3.84,05/10/19 18:40,"398 Meadow St, Boston, MA 02215"
207452,AAA Batteries (4-pack),2,2.99,05/28/19 19:58,"27 9th St, Dallas, TX 75001"
207453,Wired Headphones,1,11.99,05/10/19 17:17,"558 Washington St, San Francisco, CA 94016"
207454,27in 4K Gaming Monitor,1,389.99,05/07/19 17:09,"165 Chestnut St, San Francisco, CA 94016"
207455,Wired Headphones,1,11.99,05/23/19 15:48,"723 Wilson St, Portland, OR 97035"
207456,Flatscreen TV,1,300,05/01/19 19:52,"279 Willow St, Boston, MA 02215"
207457,Flatscreen TV,1,300,05/24/19 12:08,"467 4th St, New York City, NY 10001"
207458,Apple Airpods Headphones,1,150,05/12/19 10:59,"919 Cedar St, San Francisco, CA 94016"
207459,Lightning Charging Cable,1,14.95,05/18/19 19:47,"394 Main St, Boston, MA 02215"
207460,AA Batteries (4-pack),1,3.84,05/27/19 14:46,"765 Cherry St, Dallas, TX 75001"
207461,Flatscreen TV,1,300,05/26/19 14:00,"505 Dogwood St, San Francisco, CA 94016"
207461,iPhone,1,700,05/26/19 14:00,"505 Dogwood St, San Francisco, CA 94016"
207462,USB-C Charging Cable,1,11.95,05/09/19 19:21,"712 Hickory St, New York City, NY 10001"
207463,AA Batteries (4-pack),1,3.84,05/10/19 18:06,"754 Elm St, Atlanta, GA 30301"
207464,27in 4K Gaming Monitor,1,389.99,05/14/19 19:59,"150 5th St, San Francisco, CA 94016"
207465,Macbook Pro Laptop,1,1700,05/23/19 10:24,"477 Sunset St, Austin, TX 73301"
207466,Bose SoundSport Headphones,1,99.99,05/07/19 23:10,"998 Highland St, Los Angeles, CA 90001"
207467,AA Batteries (4-pack),1,3.84,05/31/19 21:51,"743 Meadow St, Portland, OR 97035"
207468,AA Batteries (4-pack),2,3.84,05/29/19 10:20,"204 Lincoln St, Dallas, TX 75001"
207469,Vareebadd Phone,1,400,05/24/19 08:46,"715 Highland St, Los Angeles, CA 90001"
207470,Wired Headphones,1,11.99,05/16/19 21:48,"500 Lincoln St, Los Angeles, CA 90001"
207471,USB-C Charging Cable,1,11.95,05/12/19 13:47,"651 Elm St, Dallas, TX 75001"
207472,Wired Headphones,3,11.99,05/07/19 23:35,"931 4th St, Boston, MA 02215"
207473,ThinkPad Laptop,1,999.99,05/26/19 20:06,"458 Center St, Los Angeles, CA 90001"
207474,Apple Airpods Headphones,1,150,05/26/19 22:14,"609 North St, San Francisco, CA 94016"
Order ID,Product,Quantity Ordered,Price Each,Order Date,Purchase Address
207475,Lightning Charging Cable,1,14.95,05/06/19 16:48,"739 Walnut St, Dallas, TX 75001"
207476,Lightning Charging Cable,1,14.95,05/02/19 19:48,"987 Cherry St, Boston, MA 02215"
207477,AAA Batteries (4-pack),1,2.99,05/16/19 17:57,"273 11th St, Austin, TX 73301"
207478,Lightning Charging Cable,1,14.95,05/04/19 10:01,"344 Lake St, Dallas, TX 75001"
207479,Lightning Charging Cable,1,14.95,05/17/19 08:27,"406 Pine St, Los Angeles, CA 90001"
207480,Wired Headphones,1,11.99,05/21/19 20:26,"1 Park St, Portland, OR 97035"
207481,USB-C Charging Cable,1,11.95,05/04/19 10:54,"293 8th St, Seattle, WA 98101"
207482,AA Batteries (4-pack),1,3.84,05/27/19 11:58,"962 Madison St, Dallas, TX 75001"
207483,Bose SoundSport Headphones,1,99.99,05/12/19 15:49,"89 2nd St, Portland, OR 97035"
207484,27in FHD Monitor,1,149.99,05/26/19 16:24,"951 Main St, San Francisco, CA 94016"
207485,27in 4K Gaming Monitor,1,389.99,05/07/19 17:37,"762 Adams St, San Francisco, CA 94016"
207486,Lightning Charging Cable,1,14.95,05/10/19 00:24,"88 Lincoln St, Austin, TX 73301"
207487,AA Batteries (4-pack),3,3.84,05/24/19 15:13,"522 Walnut St, Seattle, WA 98101"
207488,Google Phone,1,600,05/31/19 14:30,"83 12th St, San Francisco, CA 94016"
207488,USB-C Charging Cable,1,11.95,05/31/19 14:30,"83 12th St, San Francisco, CA 94016"
207489,USB-C Charging Cable,1,11.95,05/24/19 08:16,"105 Hill St, San Francisco, CA 94016"
207490,Lightning Charging Cable,2,14.95,05/18/19 08:03,"260 2nd St, Dallas, TX 75001"
207491,27in FHD Monitor,1,149.99,05/24/19 12:22,"768 8th St, Portland, OR 97035"
207492,Wired Headphones,2,11.99,05/12/19 02:36,"456 Walnut St, San Francisco, CA 94016"
207493,Wired Headphones,1,11.99,05/08/19 07:25,"220 Highland St, Los Angeles, CA 90001"
207494,USB-C Charging Cable,3,11.95,05/22/19 23:03,"620 10th St, New York City, NY 10001"
207495,AAA Batteries (4-pack),1,2.99,05/19/19 23:27,"383 Pine St, San Francisco, CA 94016"
207496,Wired Headphones,1,11.99,05/27/19 12:30,"146 Willow St, New York City, NY 10001"
207497,Lightning Charging Cable,1,14.95,05/13/19 14:06,"242 12th St, Atlanta, GA 30301"
207498,27in 4K Gaming Monitor,1,389.99,05/04/19 18:09,"143 5th St, San Francisco, CA 94016"
207499,Wired Headphones,1,11.99,05/15/19 23:24,"136 Cedar St, New York City, NY 10001"
207500,Wired Headphones,1,11.99,05/10/19 00:14,"429 North St, Boston, MA 02215"
207501,Wired Headphones,1,11.99,05/07/19 22:46,"137 Lakeview St, Dallas, TX 75001"
207502,27in 4K Gaming Monitor,1,389.99,05/23/19 19:24,"326 2nd St, Austin, TX 73301"
207503,Apple Airpods Headphones,1,150,05/22/19 18:00,"973 Chestnut St, Los Angeles, CA 90001"
207504,Wired Headphones,1,11.99,05/07/19 09:54,"708 2nd St, Boston, MA 02215"
207505,USB-C Charging Cable,1,11.95,05/18/19 08:12,"262 Hickory St, San Francisco, CA 94016"
207506,AA Batteries (4-pack),1,3.84,05/19/19 16:25,"224 River St, New York City, NY 10001"
207507,Apple Airpods Headphones,1,150,05/11/19 18:42,"270 Highland St, Los Angeles, CA 90001"
207508,Apple Airpods Headphones,1,150,05/21/19 00:07,"885 West St, Boston, MA 02215"
207509,Lightning Charging Cable,1,14.95,05/07/19 15:18,"144 Cedar St, Austin, TX 73301"
207510,Wired Headphones,1,11.99,05/04/19 19:41,"159 12th St, San Francisco, CA 94016"
207511,iPhone,1,700,05/16/19 12:51,"412 Park St, Seattle, WA 98101"
207512,AA Batteries (4-pack),1,3.84,05/02/19 18:01,"118 Cedar St, San Francisco, CA 94016"
207513,USB-C Charging Cable,2,11.95,05/19/19 11:18,"285 Lake St, Portland, OR 97035"
207514,Lightning Charging Cable,1,14.95,05/06/19 14:05,"422 Lakeview St, San Francisco, CA 94016"
207515,Apple Airpods Headphones,1,150,05/29/19 06:34,"620 Dogwood St, San Francisco, CA 94016"
207516,AAA Batteries (4-pack),1,2.99,05/10/19 19:00,"709 Johnson St, Portland, OR 97035"
207517,AA Batteries (4-pack),1,3.84,05/06/19 05:10,"318 Elm St, Los Angeles, CA 90001"
207518,Google Phone,1,600,05/02/19 21:21,"659 5th St, San Francisco, CA 94016"
207519,AAA Batteries (4-pack),1,2.99,05/01/19 14:11,"940 2nd St, Los Angeles, CA 90001"
207520,ThinkPad Laptop,1,999.99,05/26/19 16:21,"147 Cedar St, Austin, TX 73301"
207521,AAA Batteries (4-pack),5,2.99,05/07/19 09:58,"921 12th St, Boston, MA 02215"
207522,AAA Batteries (4-pack),2,2.99,05/27/19 19:04,"694 Adams St, New York City, NY 10001"
207523,Macbook Pro Laptop,1,1700,05/04/19 14:57,"872 2nd St, Los Angeles, CA 90001"
207524,Lightning Charging Cable,1,14.95,05/11/19 09:18,"100 9th St, Los Angeles, CA 90001"
207525,Google Phone,1,600,05/13/19 18:53,"935 11th St, Los Angeles, CA 90001"
207525,USB-C Charging Cable,2,11.95,05/13/19 18:53,"935 11th St, Los Angeles, CA 90001"
207526,AAA Batteries (4-pack),1,2.99,05/06/19 23:39,"176 Hickory St, Boston, MA 02215"
207527,AAA Batteries (4-pack),5,2.99,05/30/19 19:19,"753 Main St, San Francisco, CA 94016"
207528,Lightning Charging Cable,1,14.95,05/03/19 22:08,"489 Hickory St, San Francisco, CA 94016"
207529,Wired Headphones,1,11.99,05/07/19 14:22,"66 9th St, San Francisco, CA 94016"
207530,Wired Headphones,1,11.99,05/25/19 10:44,"346 4th St, Atlanta, GA 30301"
207531,Bose SoundSport Headphones,1,99.99,05/17/19 12:47,"131 Hickory St, San Francisco, CA 94016"
207532,27in FHD Monitor,1,149.99,05/03/19 08:12,"874 West St, Atlanta, GA 30301"
207533,Apple Airpods Headphones,1,150,05/17/19 17:39,"612 Elm St, Los Angeles, CA 90001"
207534,Wired Headphones,1,11.99,05/01/19 23:44,"252 Johnson St, San Francisco, CA 94016"
207535,Lightning Charging Cable,1,14.95,05/28/19 09:38,"44 South St, Los Angeles, CA 90001"
207536,Google Phone,1,600,05/14/19 18:57,"290 13th St, Los Angeles, CA 90001"
207536,Bose SoundSport Headphones,1,99.99,05/14/19 18:57,"290 13th St, Los Angeles, CA 90001"
207537,20in Monitor,1,109.99,05/16/19 01:13,"1 Walnut St, New York City, NY 10001"
207538,AA Batteries (4-pack),1,3.84,05/10/19 13:21,"897 Lake St, Los Angeles, CA 90001"
207539,Lightning Charging Cable,1,14.95,05/29/19 15:18,"635 Meadow St, San Francisco, CA 94016"
207540,iPhone,1,700,05/15/19 20:49,"293 9th St, Seattle, WA 98101"
207540,Lightning Charging Cable,1,14.95,05/15/19 20:49,"293 9th St, Seattle, WA 98101"
207541,Lightning Charging Cable,1,14.95,05/06/19 18:39,"762 Sunset St, Dallas, TX 75001"
207542,AA Batteries (4-pack),1,3.84,05/31/19 18:47,"264 7th St, Austin, TX 73301"
207543,27in 4K Gaming Monitor,1,389.99,05/09/19 09:10,"978 Main St, San Francisco, CA 94016"
207544,Google Phone,1,600,05/24/19 09:27,"620 14th St, San Francisco, CA 94016"
207545,AA Batteries (4-pack),1,3.84,05/03/19 19:54,"495 4th St, Portland, OR 97035"
207546,Macbook Pro Laptop,1,1700,05/23/19 22:14,"701 Chestnut St, Dallas, TX 75001"
207547,AA Batteries (4-pack),1,3.84,05/31/19 11:16,"364 Meadow St, Dallas, TX 75001"
207547,Bose SoundSport Headphones,1,99.99,05/31/19 11:16,"364 Meadow St, Dallas, TX 75001"
207548,Bose SoundSport Headphones,1,99.99,05/11/19 03:24,"858 Hill St, Los Angeles, CA 90001"
207549,Apple Airpods Headphones,1,150,05/10/19 11:17,"191 6th St, San Francisco, CA 94016"
207550,Lightning Charging Cable,1,14.95,05/10/19 13:31,"358 Sunset St, Portland, OR 97035"
207551,LG Dryer,1,600.0,05/21/19 21:24,"183 Madison St, Austin, TX 73301"
207552,Lightning Charging Cable,1,14.95,05/01/19 14:25,"116 Cherry St, Portland, ME 04101"
207553,AA Batteries (4-pack),1,3.84,05/13/19 16:34,"8 Chestnut St, Portland, OR 97035"
207554,iPhone,1,700,05/09/19 19:24,"961 13th St, San Francisco, CA 94016"
207555,AAA Batteries (4-pack),1,2.99,05/19/19 02:43,"563 Church St, Seattle, WA 98101"
207556,AA Batteries (4-pack),1,3.84,05/15/19 13:26,"564 Washington St, Los Angeles, CA 90001"
207557,Bose SoundSport Headphones,1,99.99,05/29/19 18:04,"947 Willow St, Los Angeles, CA 90001"
207558,Macbook Pro Laptop,1,1700,05/14/19 08:59,"438 Willow St, New York City, NY 10001"
207559,Lightning Charging Cable,1,14.95,05/03/19 17:55,"571 Washington St, Portland, OR 97035"
207560,USB-C Charging Cable,1,11.95,05/06/19 22:06,"855 Forest St, Boston, MA 02215"
207561,27in FHD Monitor,1,149.99,05/11/19 20:45,"367 7th St, Los Angeles, CA 90001"
207562,Wired Headphones,1,11.99,05/19/19 18:05,"978 Center St, Portland, OR 97035"
207562,USB-C Charging Cable,1,11.95,05/19/19 18:05,"978 Center St, Portland, OR 97035"
207563,Macbook Pro Laptop,1,1700,05/28/19 21:16,"804 Adams St, Austin, TX 73301"
207564,Lightning Charging Cable,1,14.95,05/01/19 13:34,"730 8th St, Los Angeles, CA 90001"
207565,34in Ultrawide Monitor,1,379.99,05/06/19 20:20,"805 Lake St, New York City, NY 10001"
207566,27in FHD Monitor,1,149.99,05/25/19 23:25,"605 4th St, San Francisco, CA 94016"
207567,AA Batteries (4-pack),1,3.84,05/20/19 15:38,"638 Hill St, Portland, OR 97035"
207568,Wired Headphones,1,11.99,05/13/19 09:33,"115 Highland St, Boston, MA 02215"
207569,AAA Batteries (4-pack),1,2.99,05/19/19 05:21,"948 Cherry St, Portland, OR 97035"
207570,USB-C Charging Cable,2,11.95,05/06/19 18:00,"676 Chestnut St, Los Angeles, CA 90001"
207571,iPhone,1,700,05/05/19 21:15,"707 Ridge St, Portland, OR 97035"
207572,AA Batteries (4-pack),1,3.84,05/11/19 22:45,"468 Madison St, San Francisco, CA 94016"
207573,Apple Airpods Headphones,1,150,05/14/19 18:46,"803 9th St, Seattle, WA 98101"
207574,USB-C Charging Cable,2,11.95,05/25/19 10:06,"170 Wilson St, San Francisco, CA 94016"
207575,Macbook Pro Laptop,1,1700,05/04/19 23:08,"832 Hickory St, Los Angeles, CA 90001"
207576,27in FHD Monitor,1,149.99,05/17/19 16:55,"80 Hickory St, Boston, MA 02215"
207577,Wired Headphones,1,11.99,05/09/19 20:06,"66 Cedar St, Boston, MA 02215"
207578,AAA Batteries (4-pack),1,2.99,05/13/19 18:08,"101 6th St, Boston, MA 02215"
207579,27in 4K Gaming Monitor,1,389.99,05/20/19 22:58,"169 Elm St, San Francisco, CA 94016"
207580,AAA Batteries (4-pack),1,2.99,05/14/19 15:08,"804 12th St, Boston, MA 02215"
207581,AA Batteries (4-pack),2,3.84,05/01/19 19:06,"306 Johnson St, Los Angeles, CA 90001"
207582,Macbook Pro Laptop,1,1700,05/28/19 16:09,"106 Church St, Los Angeles, CA 90001"
207583,Lightning Charging Cable,1,14.95,05/09/19 18:54,"865 4th St, San Francisco, CA 94016"
207584,Apple Airpods Headphones,1,150,05/03/19 12:02,"852 Adams St, Los Angeles, CA 90001"
207584,AAA Batteries (4-pack),1,2.99,05/03/19 12:02,"852 Adams St, Los Angeles, CA 90001"
207585,AA Batteries (4-pack),2,3.84,05/20/19 00:09,"240 12th St, San Francisco, CA 94016"
207586,Wired Headphones,2,11.99,05/19/19 21:20,"275 11th St, Los Angeles, CA 90001"
207587,AA Batteries (4-pack),1,3.84,05/20/19 10:11,"691 8th St, Boston, MA 02215"
207588,AAA Batteries (4-pack),1,2.99,05/28/19 21:47,"673 Cedar St, Atlanta, GA 30301"
207589,Apple Airpods Headphones,1,150,05/16/19 08:19,"572 Center St, Dallas, TX 75001"
207590,USB-C Charging Cable,1,11.95,05/03/19 19:48,"766 West St, Austin, TX 73301"
207591,Apple Airpods Headphones,1,150,05/21/19 20:35,"436 6th St, San Francisco, CA 94016"
207592,27in 4K Gaming Monitor,1,389.99,05/30/19 05:51,"885 Cherry St, Portland, OR 97035"
207593,AA Batteries (4-pack),1,3.84,05/30/19 22:52,"903 Center St, Los Angeles, CA 90001"
207594,USB-C Charging Cable,1,11.95,05/03/19 12:39,"447 Washington St, San Francisco, CA 94016"
207595,ThinkPad Laptop,1,999.99,05/08/19 20:40,"641 Spruce St, Dallas, TX 75001"
207596,34in Ultrawide Monitor,1,379.99,05/30/19 09:58,"92 Lake St, San Francisco, CA 94016"
207597,iPhone,1,700,05/27/19 02:07,"635 11th St, Portland, ME 04101"
207598,Wired Headphones,2,11.99,05/17/19 19:44,"698 Church St, Dallas, TX 75001"
207599,27in FHD Monitor,1,149.99,05/31/19 23:10,"237 Hickory St, Los Angeles, CA 90001"
207600,Vareebadd Phone,1,400,05/31/19 09:00,"699 Park St, Boston, MA 02215"
207601,AA Batteries (4-pack),1,3.84,05/06/19 14:24,"797 North St, Boston, MA 02215"
207602,20in Monitor,1,109.99,05/10/19 05:17,"255 West St, Portland, OR 97035"
207603,Bose SoundSport Headphones,1,99.99,05/21/19 14:07,"976 Hill St, New York City, NY 10001"
207604,Macbook Pro Laptop,1,1700,05/15/19 10:57,"743 Lincoln St, San Francisco, CA 94016"
207605,Lightning Charging Cable,1,14.95,05/31/19 11:34,"341 South St, New York City, NY 10001"
207606,Macbook Pro Laptop,1,1700,05/01/19 22:06,"145 Cedar St, Los Angeles, CA 90001"
207607,Lightning Charging Cable,2,14.95,05/26/19 00:43,"666 10th St, San Francisco, CA 94016"
207608,AA Batteries (4-pack),1,3.84,05/18/19 22:08,"212 Forest St, New York City, NY 10001"
207609,Google Phone,1,600,05/31/19 18:46,"649 4th St, Boston, MA 02215"
207610,USB-C Charging Cable,1,11.95,05/06/19 13:25,"75 Park St, Seattle, WA 98101"
207611,27in FHD Monitor,1,149.99,05/12/19 09:38,"504 Forest St, New York City, NY 10001"
207612,34in Ultrawide Monitor,1,379.99,05/12/19 19:20,"136 West St, Austin, TX 73301"
207613,Vareebadd Phone,1,400,05/30/19 15:24,"629 Elm St, Atlanta, GA 30301"
207613,Wired Headphones,1,11.99,05/30/19 15:24,"629 Elm St, Atlanta, GA 30301"
207614,AAA Batteries (4-pack),1,2.99,05/18/19 09:43,"402 Main St, Austin, TX 73301"
207615,Wired Headphones,1,11.99,05/04/19 20:12,"127 11th St, Boston, MA 02215"
207616,AA Batteries (4-pack),1,3.84,05/11/19 20:05,"3 Madison St, Seattle, WA 98101"
207617,AA Batteries (4-pack),1,3.84,05/04/19 14:17,"13 Walnut St, Austin, TX 73301"
207618,LG Dryer,1,600.0,05/23/19 23:54,"710 Spruce St, Boston, MA 02215"
207619,Lightning Charging Cable,1,14.95,05/14/19 18:01,"308 Pine St, Atlanta, GA 30301"
207620,AAA Batteries (4-pack),1,2.99,05/06/19 10:45,"676 Sunset St, Los Angeles, CA 90001"
207621,AAA Batteries (4-pack),2,2.99,05/27/19 00:07,"761 Johnson St, San Francisco, CA 94016"
207622,Google Phone,1,600,05/10/19 09:19,"240 Dogwood St, Los Angeles, CA 90001"
207623,Apple Airpods Headphones,1,150,05/15/19 07:35,"447 Adams St, Portland, ME 04101"
207624,AA Batteries (4-pack),1,3.84,05/22/19 18:16,"209 Hickory St, Portland, OR 97035"
207625,Macbook Pro Laptop,1,1700,05/16/19 20:10,"139 Washington St, Dallas, TX 75001"
207626,AA Batteries (4-pack),1,3.84,05/08/19 11:15,"553 Lake St, Austin, TX 73301"
207627,LG Dryer,1,600.0,05/21/19 12:58,"303 Jefferson St, Boston, MA 02215"
207628,USB-C Charging Cable,1,11.95,05/23/19 07:02,"274 Lake St, San Francisco, CA 94016"
207629,AAA Batteries (4-pack),2,2.99,05/07/19 16:34,"743 13th St, Atlanta, GA 30301"
207630,AA Batteries (4-pack),1,3.84,05/17/19 10:01,"809 Cedar St, San Francisco, CA 94016"
207631,Lightning Charging Cable,1,14.95,05/11/19 02:55,"815 North St, New York City, NY 10001"
207632,Apple Airpods Headphones,1,150,05/13/19 17:21,"366 Elm St, Portland, ME 04101"
207633,Lightning Charging Cable,1,14.95,05/02/19 17:40,"391 Maple St, Atlanta, GA 30301"
207634,AAA Batteries (4-pack),1,2.99,05/04/19 12:36,"937 2nd St, Seattle, WA 98101"
207634,34in Ultrawide Monitor,1,379.99,05/04/19 12:36,"937 2nd St, Seattle, WA 98101"
207635,Flatscreen TV,1,300,05/26/19 13:53,"865 13th St, Boston, MA 02215"
207636,USB-C Charging Cable,1,11.95,05/04/19 12:34,"390 Center St, San Francisco, CA 94016"
207637,Lightning Charging Cable,1,14.95,05/25/19 11:13,"149 Church St, Austin, TX 73301"
207638,Lightning Charging Cable,1,14.95,05/04/19 10:23,"816 8th St, Austin, TX 73301"
207639,34in Ultrawide Monitor,1,379.99,05/01/19 18:29,"683 Forest St, Atlanta, GA 30301"
207640,Macbook Pro Laptop,1,1700,05/16/19 16:55,"520 2nd St, Boston, MA 02215"
207641,Apple Airpods Headphones,1,150,05/26/19 20:42,"238 Spruce St, New York City, NY 10001"
207642,AAA Batteries (4-pack),1,2.99,05/14/19 14:26,"810 8th St, San Francisco, CA 94016"
207643,AAA Batteries (4-pack),1,2.99,05/11/19 10:47,"731 River St, Los Angeles, CA 90001"
207644,USB-C Charging Cable,1,11.95,05/14/19 11:28,"873 Hill St, New York City, NY 10001"
207645,Bose SoundSport Headphones,1,99.99,05/20/19 00:04,"503 Cherry St, San Francisco, CA 94016"
207646,Lightning Charging Cable,1,14.95,05/17/19 11:31,"326 Sunset St, Boston, MA 02215"
207647,Lightning Charging Cable,1,14.95,05/17/19 11:53,"781 Wilson St, Boston, MA 02215"
207648,Wired Headphones,1,11.99,05/06/19 22:40,"478 Center St, San Francisco, CA 94016"
207649,Google Phone,1,600,05/13/19 00:58,"853 Lake St, Boston, MA 02215"
207650,AA Batteries (4-pack),1,3.84,05/05/19 21:40,"389 Wilson St, San Francisco, CA 94016"
207651,iPhone,1,700,05/10/19 22:50,"879 14th St, Los Angeles, CA 90001"
207652,iPhone,1,700,05/23/19 10:01,"904 6th St, Dallas, TX 75001"
207653,Wired Headphones,2,11.99,05/20/19 23:31,"573 Walnut St, San Francisco, CA 94016"
207654,AA Batteries (4-pack),4,3.84,05/28/19 14:35,"377 South St, San Francisco, CA 94016"
207655,Wired Headphones,1,11.99,05/25/19 21:46,"422 Forest St, Los Angeles, CA 90001"
207656,AAA Batteries (4-pack),1,2.99,05/13/19 10:14,"192 8th St, Dallas, TX 75001"
207657,Wired Headphones,1,11.99,05/28/19 13:26,"519 Meadow St, Los Angeles, CA 90001"
207658,Bose SoundSport Headphones,1,99.99,05/07/19 16:26,"581 Johnson St, Dallas, TX 75001"
207658,Bose SoundSport Headphones,1,99.99,05/07/19 16:26,"581 Johnson St, Dallas, TX 75001"
207659,AAA Batteries (4-pack),1,2.99,05/24/19 19:16,"64 10th St, Boston, MA 02215"
207660,ThinkPad Laptop,1,999.99,05/12/19 18:49,"596 West St, Los Angeles, CA 90001"
207661,AA Batteries (4-pack),1,3.84,05/25/19 23:28,"233 South St, San Francisco, CA 94016"
207662,Google Phone,1,600,05/23/19 20:18,"807 Lakeview St, San Francisco, CA 94016"
207663,AA Batteries (4-pack),1,3.84,05/07/19 08:16,"169 Adams St, Atlanta, GA 30301"
207664,27in 4K Gaming Monitor,1,389.99,05/27/19 08:44,"115 Forest St, Atlanta, GA 30301"
207665,ThinkPad Laptop,1,999.99,05/11/19 23:45,"695 Lincoln St, Los Angeles, CA 90001"
207666,USB-C Charging Cable,1,11.95,05/17/19 14:25,"54 Pine St, Seattle, WA 98101"
207667,Apple Airpods Headphones,1,150,05/25/19 15:04,"641 11th St, San Francisco, CA 94016"
207668,AAA Batteries (4-pack),1,2.99,05/04/19 15:12,"734 West St, Seattle, WA 98101"
207669,Apple Airpods Headphones,1,150,05/30/19 19:42,"801 Dogwood St, Atlanta, GA 30301"
207670,27in 4K Gaming Monitor,1,389.99,05/26/19 16:54,"22 South St, Los Angeles, CA 90001"
207671,AA Batteries (4-pack),1,3.84,05/30/19 22:58,"172 Adams St, Los Angeles, CA 90001"
207672,Apple Airpods Headphones,1,150,05/09/19 14:07,"883 Sunset St, Boston, MA 02215"
207673,Wired Headphones,1,11.99,05/26/19 15:43,"943 11th St, Atlanta, GA 30301"
207674,AA Batteries (4-pack),1,3.84,05/08/19 11:40,"54 Adams St, San Francisco, CA 94016"
207675,Lightning Charging Cable,1,14.95,05/10/19 17:51,"306 North St, Atlanta, GA 30301"
207676,20in Monitor,1,109.99,05/06/19 16:18,"538 Hill St, Dallas, TX 75001"
207677,AAA Batteries (4-pack),2,2.99,05/19/19 09:05,"173 Pine St, Dallas, TX 75001"
207677,AA Batteries (4-pack),1,3.84,05/19/19 09:05,"173 Pine St, Dallas, TX 75001"
207678,Bose SoundSport Headphones,1,99.99,05/12/19 09:17,"562 Highland St, Los Angeles, CA 90001"
207679,Wired Headphones,1,11.99,05/07/19 19:32,"728 Cherry St, San Francisco, CA 94016"
207680,Lightning Charging Cable,1,14.95,05/18/19 08:13,"154 South St, San Francisco, CA 94016"
207681,Lightning Charging Cable,1,14.95,05/30/19 18:32,"380 Forest St, Boston, MA 02215"
207682,Lightning Charging Cable,1,14.95,05/25/19 22:19,"566 Hickory St, Dallas, TX 75001"
207683,34in Ultrawide Monitor,1,379.99,05/03/19 21:44,"276 13th St, New York City, NY 10001"
207684,27in FHD Monitor,1,149.99,05/23/19 19:39,"269 Highland St, New York City, NY 10001"
207685,Apple Airpods Headphones,1,150,05/02/19 13:51,"284 Ridge St, Los Angeles, CA 90001"
207686,AA Batteries (4-pack),2,3.84,05/11/19 18:24,"519 Pine St, San Francisco, CA 94016"
207687,34in Ultrawide Monitor,1,379.99,05/07/19 19:09,"678 Cherry St, San Francisco, CA 94016"
207688,AAA Batteries (4-pack),3,2.99,05/22/19 17:22,"809 8th St, Seattle, WA 98101"
207689,Apple Airpods Headphones,1,150,05/23/19 22:44,"440 6th St, Portland, ME 04101"
207690,USB-C Charging Cable,1,11.95,05/19/19 10:00,"599 Lakeview St, San Francisco, CA 94016"
207691,ThinkPad Laptop,1,999.99,05/10/19 18:01,"790 Jefferson St, New York City, NY 10001"
Order ID,Product,Quantity Ordered,Price Each,Order Date,Purchase Address
207692,USB-C Charging Cable,1,11.95,05/23/19 17:42,"145 Meadow St, Dallas, TX 75001"
207693,AAA Batteries (4-pack),2,2.99,05/03/19 22:22,"176 Maple St, Dallas, TX 75001"
207694,Wired Headphones,1,11.99,05/01/19 20:18,"340 North St, Boston, MA 02215"
207695,Lightning Charging Cable,1,14.95,05/12/19 21:49,"518 Lincoln St, Seattle, WA 98101"
207696,27in FHD Monitor,1,149.99,05/08/19 19:20,"618 Lake St, San Francisco, CA 94016"
207697,Bose SoundSport Headphones,1,99.99,05/02/19 13:21,"308 Main St, San Francisco, CA 94016"
207698,iPhone,1,700,05/01/19 17:12,"460 6th St, San Francisco, CA 94016"
207698,Wired Headphones,1,11.99,05/01/19 17:12,"460 6th St, San Francisco, CA 94016"
207699,AA Batteries (4-pack),1,3.84,05/30/19 09:27,"482 9th St, Seattle, WA 98101"
207700,Wired Headphones,1,11.99,05/09/19 19:03,"363 Hickory St, San Francisco, CA 94016"
207701,USB-C Charging Cable,1,11.95,05/17/19 13:32,"985 Hill St, San Francisco, CA 94016"
207702,AA Batteries (4-pack),1,3.84,05/02/19 12:43,"597 13th St, Seattle, WA 98101"
207703,USB-C Charging Cable,1,11.95,05/01/19 18:50,"443 6th St, San Francisco, CA 94016"
207704,Google Phone,1,600,05/20/19 12:43,"243 Hill St, San Francisco, CA 94016"
207705,AA Batteries (4-pack),1,3.84,05/21/19 18:00,"387 14th St, San Francisco, CA 94016"
207706,34in Ultrawide Monitor,1,379.99,05/05/19 16:44,"905 12th St, Los Angeles, CA 90001"
207707,AAA Batteries (4-pack),1,2.99,05/21/19 18:25,"133 Sunset St, Boston, MA 02215"
207708,AAA Batteries (4-pack),2,2.99,05/28/19 14:47,"142 Lincoln St, New York City, NY 10001"
207709,Bose SoundSport Headphones,1,99.99,05/20/19 10:17,"38 12th St, San Francisco, CA 94016"
207710,USB-C Charging Cable,1,11.95,05/12/19 10:36,"121 4th St, Boston, MA 02215"
207711,20in Monitor,1,109.99,05/09/19 18:07,"306 6th St, San Francisco, CA 94016"
207712,USB-C Charging Cable,1,11.95,05/19/19 18:43,"825 4th St, San Francisco, CA 94016"
207713,Apple Airpods Headphones,1,150,05/31/19 17:25,"907 Lakeview St, Dallas, TX 75001"
207714,USB-C Charging Cable,1,11.95,05/02/19 11:58,"427 Meadow St, Los Angeles, CA 90001"
207715,Apple Airpods Headphones,1,150,05/16/19 14:10,"271 7th St, San Francisco, CA 94016"
207716,AA Batteries (4-pack),1,3.84,05/10/19 16:23,"704 Hickory St, San Francisco, CA 94016"
207717,Apple Airpods Headphones,1,150,05/04/19 09:44,"942 Main St, Boston, MA 02215"
207718,27in FHD Monitor,1,149.99,05/04/19 09:37,"302 Dogwood St, Portland, ME 04101"
207719,Apple Airpods Headphones,1,150,05/17/19 20:09,"474 Dogwood St, Seattle, WA 98101"
207720,27in 4K Gaming Monitor,1,389.99,05/17/19 09:34,"570 South St, Boston, MA 02215"
207721,20in Monitor,1,109.99,05/12/19 13:20,"785 2nd St, New York City, NY 10001"
207722,27in 4K Gaming Monitor,1,389.99,05/16/19 13:10,"968 Adams St, Dallas, TX 75001"
207723,AAA Batteries (4-pack),1,2.99,05/19/19 18:39,"157 11th St, San Francisco, CA 94016"
207724,AA Batteries (4-pack),1,3.84,05/21/19 20:53,"254 Maple St, San Francisco, CA 94016"
207725,iPhone,1,700,05/12/19 19:30,"643 Highland St, Atlanta, GA 30301"
207725,Wired Headphones,1,11.99,05/12/19 19:30,"643 Highland St, Atlanta, GA 30301"
207726,Bose SoundSport Headphones,1,99.99,05/29/19 18:22,"657 Chestnut St, San Francisco, CA 94016"
207727,iPhone,1,700,05/13/19 19:24,"839 Hill St, Los Angeles, CA 90001"
207728,Wired Headphones,1,11.99,05/02/19 20:09,"478 Sunset St, Portland, ME 04101"
207729,ThinkPad Laptop,1,999.99,05/18/19 09:31,"573 Lincoln St, Los Angeles, CA 90001"
207730,ThinkPad Laptop,1,999.99,05/03/19 14:06,"514 South St, Austin, TX 73301"
207731,AAA Batteries (4-pack),2,2.99,05/05/19 19:00,"58 Jackson St, Los Angeles, CA 90001"
207732,Wired Headphones,1,11.99,05/22/19 19:32,"507 Chestnut St, Atlanta, GA 30301"
207733,Vareebadd Phone,1,400,05/20/19 18:12,"35 6th St, San Francisco, CA 94016"
207734,AAA Batteries (4-pack),4,2.99,05/08/19 15:48,"670 12th St, Portland, OR 97035"
207735,LG Dryer,1,600.0,05/26/19 20:26,"901 10th St, San Francisco, CA 94016"
207736,Lightning Charging Cable,1,14.95,05/11/19 13:26,"795 11th St, San Francisco, CA 94016"
207737,USB-C Charging Cable,1,11.95,05/30/19 16:07,"638 Washington St, Seattle, WA 98101"
207738,Wired Headphones,1,11.99,05/08/19 10:33,"925 Main St, San Francisco, CA 94016"
207739,Lightning Charging Cable,1,14.95,05/20/19 19:07,"936 Wilson St, Portland, ME 04101"
207740,AA Batteries (4-pack),1,3.84,05/06/19 15:13,"159 Willow St, Los Angeles, CA 90001"
207741,USB-C Charging Cable,1,11.95,05/28/19 19:17,"360 10th St, Atlanta, GA 30301"
207742,27in FHD Monitor,1,149.99,05/03/19 17:27,"652 Highland St, Los Angeles, CA 90001"
207743,AA Batteries (4-pack),1,3.84,05/23/19 07:02,"99 12th St, Portland, OR 97035"
207744,Wired Headphones,1,11.99,05/10/19 12:48,"948 11th St, San Francisco, CA 94016"
207745,Apple Airpods Headphones,1,150,05/20/19 18:31,"696 10th St, New York City, NY 10001"
207746,Bose SoundSport Headphones,1,99.99,05/05/19 18:08,"634 13th St, Boston, MA 02215"
207747,AAA Batteries (4-pack),1,2.99,05/23/19 17:04,"419 Walnut St, Austin, TX 73301"
207748,27in 4K Gaming Monitor,1,389.99,05/12/19 21:10,"146 Hickory St, Seattle, WA 98101"
207749,Bose SoundSport Headphones,1,99.99,05/23/19 11:28,"975 Church St, Los Angeles, CA 90001"
207750,34in Ultrawide Monitor,1,379.99,05/29/19 17:02,"102 Hickory St, Dallas, TX 75001"
207751,Lightning Charging Cable,1,14.95,05/25/19 17:17,"533 Wilson St, Seattle, WA 98101"
207752,Apple Airpods Headphones,1,150,05/08/19 12:51,"972 Spruce St, San Francisco, CA 94016"
207753,USB-C Charging Cable,1,11.95,05/20/19 16:27,"723 North St, San Francisco, CA 94016"
207754,Lightning Charging Cable,1,14.95,05/24/19 06:51,"517 Ridge St, Austin, TX 73301"
207755,Lightning Charging Cable,1,14.95,05/29/19 15:13,"403 Johnson St, San Francisco, CA 94016"
207756,USB-C Charging Cable,1,11.95,05/02/19 16:37,"241 Wilson St, New York City, NY 10001"
207757,34in Ultrawide Monitor,1,379.99,05/24/19 16:27,"866 13th St, Boston, MA 02215"
207758,Bose SoundSport Headphones,1,99.99,05/23/19 21:25,"972 Wilson St, San Francisco, CA 94016"
207759,Macbook Pro Laptop,1,1700,05/16/19 17:14,"695 Jefferson St, New York City, NY 10001"
207760,Lightning Charging Cable,1,14.95,05/06/19 18:41,"375 14th St, San Francisco, CA 94016"
207761,Apple Airpods Headphones,1,150,05/14/19 17:49,"335 Meadow St, Portland, OR 97035"
207762,AAA Batteries (4-pack),1,2.99,05/27/19 21:02,"264 Park St, Los Angeles, CA 90001"
207763,ThinkPad Laptop,1,999.99,05/27/19 10:26,"144 Hill St, San Francisco, CA 94016"
207764,AA Batteries (4-pack),1,3.84,05/01/19 17:43,"546 Hill St, Seattle, WA 98101"
207765,AA Batteries (4-pack),1,3.84,05/20/19 01:14,"92 Dogwood St, New York City, NY 10001"
207766,Wired Headphones,1,11.99,05/30/19 11:15,"568 Highland St, Los Angeles, CA 90001"
207766,Lightning Charging Cable,1,14.95,05/30/19 11:15,"568 Highland St, Los Angeles, CA 90001"
207767,Wired Headphones,1,11.99,05/12/19 17:36,"759 River St, Austin, TX 73301"
207768,AAA Batteries (4-pack),1,2.99,05/05/19 12:41,"724 Chestnut St, San Francisco, CA 94016"
207769,AAA Batteries (4-pack),1,2.99,05/21/19 08:37,"843 7th St, San Francisco, CA 94016"
207770,AAA Batteries (4-pack),1,2.99,05/14/19 17:57,"345 11th St, New York City, NY 10001"
207771,Lightning Charging Cable,1,14.95,05/10/19 18:23,"223 Johnson St, Boston, MA 02215"
207772,LG Dryer,1,600.0,05/19/19 01:24,"304 Cherry St, San Francisco, CA 94016"
207773,ThinkPad Laptop,1,999.99,05/08/19 12:54,"186 Hickory St, Boston, MA 02215"
207773,AA Batteries (4-pack),1,3.84,05/08/19 12:54,"186 Hickory St, Boston, MA 02215"
207774,USB-C Charging Cable,1,11.95,05/12/19 12:26,"430 13th St, Portland, OR 97035"
207775,Macbook Pro Laptop,1,1700,05/09/19 18:16,"358 Cherry St, New York City, NY 10001"
207776,34in Ultrawide Monitor,1,379.99,05/12/19 22:50,"588 Lakeview St, San Francisco, CA 94016"
207777,Apple Airpods Headphones,1,150,05/21/19 02:26,"416 Park St, Atlanta, GA 30301"
207778,27in 4K Gaming Monitor,1,389.99,05/02/19 19:51,"366 Washington St, San Francisco, CA 94016"
207779,Apple Airpods Headphones,1,150,05/31/19 22:57,"26 Johnson St, San Francisco, CA 94016"
207780,Wired Headphones,2,11.99,05/06/19 11:13,"486 Ridge St, Portland, ME 04101"
207781,USB-C Charging Cable,1,11.95,05/26/19 08:28,"761 1st St, Dallas, TX 75001"
207782,AAA Batteries (4-pack),2,2.99,05/28/19 22:45,"440 Center St, Boston, MA 02215"
207783,USB-C Charging Cable,1,11.95,05/10/19 12:35,"815 Main St, Boston, MA 02215"
207784,Lightning Charging Cable,1,14.95,05/18/19 21:00,"52 South St, Los Angeles, CA 90001"
207785,Apple Airpods Headphones,1,150,05/26/19 19:03,"195 9th St, Atlanta, GA 30301"
207786,Wired Headphones,1,11.99,05/08/19 19:29,"19 South St, San Francisco, CA 94016"
207787,AAA Batteries (4-pack),3,2.99,05/02/19 07:01,"786 Sunset St, New York City, NY 10001"
207788,AA Batteries (4-pack),1,3.84,05/15/19 06:10,"134 Madison St, Atlanta, GA 30301"
207789,AA Batteries (4-pack),2,3.84,05/25/19 20:12,"299 11th St, Portland, OR 97035"
207790,AAA Batteries (4-pack),1,2.99,05/08/19 17:19,"433 1st St, Atlanta, GA 30301"
207791,Lightning Charging Cable,1,14.95,05/08/19 19:11,"831 4th St, Los Angeles, CA 90001"
207792,Macbook Pro Laptop,1,1700,05/30/19 22:03,"61 Maple St, Austin, TX 73301"
207793,USB-C Charging Cable,1,11.95,05/02/19 08:27,"367 Spruce St, Los Angeles, CA 90001"
207794,iPhone,1,700,05/06/19 19:19,"760 Cedar St, San Francisco, CA 94016"
207795,ThinkPad Laptop,1,999.99,05/11/19 21:09,"826 11th St, San Francisco, CA 94016"
207796,USB-C Charging Cable,1,11.95,05/23/19 00:40,"292 South St, Atlanta, GA 30301"
207797,27in FHD Monitor,1,149.99,05/20/19 21:07,"439 West St, New York City, NY 10001"
207798,USB-C Charging Cable,1,11.95,05/07/19 18:10,"407 Johnson St, Austin, TX 73301"
207799,Flatscreen TV,1,300,05/27/19 05:33,"276 6th St, Los Angeles, CA 90001"
207800,Bose SoundSport Headphones,1,99.99,05/21/19 20:47,"511 Dogwood St, Los Angeles, CA 90001"
207801,USB-C Charging Cable,1,11.95,05/03/19 11:22,"398 Dogwood St, New York City, NY 10001"
207802,AA Batteries (4-pack),2,3.84,05/28/19 06:23,"850 Highland St, Boston, MA 02215"
207803,AAA Batteries (4-pack),1,2.99,05/19/19 21:21,"340 Walnut St, New York City, NY 10001"
207804,AA Batteries (4-pack),1,3.84,05/11/19 21:46,"319 Washington St, Los Angeles, CA 90001"
207805,AAA Batteries (4-pack),2,2.99,05/20/19 16:40,"143 Church St, New York City, NY 10001"
207806,27in 4K Gaming Monitor,1,389.99,05/18/19 10:36,"838 North St, Los Angeles, CA 90001"
207807,Lightning Charging Cable,1,14.95,05/04/19 19:46,"561 9th St, Atlanta, GA 30301"
207808,AA Batteries (4-pack),1,3.84,05/22/19 01:51,"136 Walnut St, Los Angeles, CA 90001"
207809,Lightning Charging Cable,1,14.95,05/08/19 17:09,"935 Spruce St, Portland, OR 97035"
207810,AA Batteries (4-pack),1,3.84,05/27/19 01:47,"564 10th St, San Francisco, CA 94016"
207811,ThinkPad Laptop,1,999.99,05/17/19 12:28,"798 5th St, San Francisco, CA 94016"
207812,Flatscreen TV,1,300,05/16/19 16:23,"661 Cedar St, Portland, OR 97035"
207813,Lightning Charging Cable,1,14.95,05/09/19 01:12,"894 4th St, Los Angeles, CA 90001"
207814,Wired Headphones,1,11.99,05/10/19 23:43,"386 Washington St, New York City, NY 10001"
207814,Bose SoundSport Headphones,1,99.99,05/10/19 23:43,"386 Washington St, New York City, NY 10001"
207815,ThinkPad Laptop,1,999.99,05/04/19 13:37,"587 Church St, San Francisco, CA 94016"
207816,Lightning Charging Cable,1,14.95,05/19/19 05:25,"82 Pine St, San Francisco, CA 94016"
207817,AA Batteries (4-pack),1,3.84,05/31/19 20:22,"912 Meadow St, New York City, NY 10001"
207818,Bose SoundSport Headphones,1,99.99,05/02/19 21:12,"652 Meadow St, New York City, NY 10001"
207819,Wired Headphones,1,11.99,05/05/19 19:23,"200 South St, Austin, TX 73301"
207820,AAA Batteries (4-pack),1,2.99,05/11/19 19:40,"942 8th St, Austin, TX 73301"
207821,Vareebadd Phone,1,400,05/13/19 01:49,"75 14th St, Boston, MA 02215"
207822,34in Ultrawide Monitor,1,379.99,05/06/19 14:39,"607 Pine St, San Francisco, CA 94016"
207823,Lightning Charging Cable,2,14.95,05/01/19 20:26,"144 Meadow St, Boston, MA 02215"
207824,iPhone,1,700,05/26/19 12:34,"846 South St, Portland, OR 97035"
207825,USB-C Charging Cable,2,11.95,05/27/19 21:09,"696 Church St, Austin, TX 73301"
207826,Apple Airpods Headphones,1,150,05/07/19 16:48,"903 West St, San Francisco, CA 94016"
207827,USB-C Charging Cable,1,11.95,05/04/19 19:14,"412 Maple St, Boston, MA 02215"
207828,iPhone,1,700,05/23/19 19:56,"249 Main St, San Francisco, CA 94016"
207828,Lightning Charging Cable,2,14.95,05/23/19 19:56,"249 Main St, San Francisco, CA 94016"
207829,27in FHD Monitor,1,149.99,05/29/19 06:45,"267 West St, San Francisco, CA 94016"
207830,27in 4K Gaming Monitor,1,389.99,05/29/19 20:24,"113 Madison St, New York City, NY 10001"
207831,Lightning Charging Cable,1,14.95,05/22/19 20:22,"429 Hill St, Dallas, TX 75001"
207832,USB-C Charging Cable,1,11.95,05/26/19 14:17,"261 North St, Dallas, TX 75001"
207833,27in FHD Monitor,1,149.99,05/03/19 14:41,"477 North St, Atlanta, GA 30301"
207833,Flatscreen TV,1,300,05/03/19 14:41,"477 North St, Atlanta, GA 30301"
207834,Wired Headphones,1,11.99,05/16/19 13:08,"682 7th St, Los Angeles, CA 90001"
207835,Flatscreen TV,1,300,05/30/19 19:11,"64 Ridge St, Austin, TX 73301"
207836,USB-C Charging Cable,1,11.95,05/20/19 20:45,"595 Elm St, Los Angeles, CA 90001"
207837,AAA Batteries (4-pack),1,2.99,05/20/19 17:33,"401 Hill St, Portland, OR 97035"
207838,AAA Batteries (4-pack),1,2.99,05/10/19 16:57,"378 Main St, Dallas, TX 75001"
207839,AA Batteries (4-pack),2,3.84,05/05/19 14:59,"411 Chestnut St, Boston, MA 02215"
207840,ThinkPad Laptop,1,999.99,05/04/19 17:54,"802 Madison St, Atlanta, GA 30301"
207841,Apple Airpods Headphones,1,150,05/24/19 10:18,"683 10th St, Los Angeles, CA 90001"
207842,Google Phone,1,600,05/12/19 13:28,"224 Pine St, Los Angeles, CA 90001"
207843,Apple Airpods Headphones,1,150,05/08/19 09:32,"983 North St, Atlanta, GA 30301"
207844,AA Batteries (4-pack),1,3.84,05/26/19 20:11,"274 Sunset St, Portland, ME 04101"
207845,AAA Batteries (4-pack),2,2.99,05/30/19 10:52,"676 Adams St, Atlanta, GA 30301"
207846,Vareebadd Phone,1,400,05/25/19 13:12,"439 Sunset St, San Francisco, CA 94016"
207847,27in FHD Monitor,1,149.99,05/09/19 21:34,"193 Lake St, San Francisco, CA 94016"
207848,USB-C Charging Cable,1,11.95,05/13/19 13:05,"43 Chestnut St, New York City, NY 10001"
207849,AAA Batteries (4-pack),1,2.99,05/01/19 17:58,"33 North St, Dallas, TX 75001"
207850,Apple Airpods Headphones,1,150,05/15/19 14:25,"791 Forest St, Portland, OR 97035"
207851,Bose SoundSport Headphones,1,99.99,05/16/19 21:51,"848 6th St, San Francisco, CA 94016"
207852,USB-C Charging Cable,1,11.95,05/17/19 14:37,"852 10th St, Portland, ME 04101"
207853,Wired Headphones,1,11.99,05/28/19 11:02,"354 Jackson St, Los Angeles, CA 90001"
207854,AA Batteries (4-pack),1,3.84,05/18/19 09:01,"626 13th St, Seattle, WA 98101"
207855,USB-C Charging Cable,1,11.95,05/31/19 08:35,"478 Johnson St, Atlanta, GA 30301"
207856,27in 4K Gaming Monitor,1,389.99,05/12/19 00:01,"760 Church St, Los Angeles, CA 90001"
207857,AA Batteries (4-pack),1,3.84,05/07/19 13:17,"181 Hill St, San Francisco, CA 94016"
207858,27in FHD Monitor,1,149.99,05/30/19 20:53,"323 Lake St, Boston, MA 02215"
207859,AA Batteries (4-pack),1,3.84,05/03/19 22:47,"981 Elm St, San Francisco, CA 94016"
207860,Lightning Charging Cable,1,14.95,05/30/19 18:10,"17 Madison St, Seattle, WA 98101"
207861,AAA Batteries (4-pack),1,2.99,05/09/19 15:15,"213 Chestnut St, Los Angeles, CA 90001"
207862,Lightning Charging Cable,1,14.95,05/26/19 17:49,"17 Lake St, Los Angeles, CA 90001"
207863,27in FHD Monitor,1,149.99,05/18/19 15:39,"377 Lincoln St, San Francisco, CA 94016"
207864,USB-C Charging Cable,1,11.95,05/11/19 12:18,"967 River St, New York City, NY 10001"
207865,AAA Batteries (4-pack),3,2.99,05/10/19 07:48,"847 Forest St, Seattle, WA 98101"
207866,Flatscreen TV,1,300,05/17/19 12:45,"792 Church St, Los Angeles, CA 90001"
207867,27in FHD Monitor,1,149.99,05/13/19 08:39,"281 Maple St, Atlanta, GA 30301"
207868,AA Batteries (4-pack),1,3.84,05/28/19 14:05,"533 Spruce St, Los Angeles, CA 90001"
207869,Flatscreen TV,1,300,05/24/19 08:09,"661 Willow St, Portland, ME 04101"
207870,27in FHD Monitor,1,149.99,05/26/19 20:48,"751 Wilson St, Los Angeles, CA 90001"
207871,Lightning Charging Cable,1,14.95,05/24/19 20:10,"288 Hill St, Dallas, TX 75001"
207872,Lightning Charging Cable,1,14.95,05/25/19 11:07,"984 Adams St, Dallas, TX 75001"
207873,Flatscreen TV,1,300,05/31/19 17:58,"307 Walnut St, San Francisco, CA 94016"
207874,AAA Batteries (4-pack),1,2.99,05/28/19 22:47,"899 12th St, New York City, NY 10001"
207875,AAA Batteries (4-pack),1,2.99,05/18/19 15:00,"448 Highland St, Boston, MA 02215"
207876,27in 4K Gaming Monitor,1,389.99,05/24/19 22:10,"154 Jackson St, Los Angeles, CA 90001"
207877,Lightning Charging Cable,1,14.95,05/29/19 11:57,"610 Lakeview St, New York City, NY 10001"
207878,Wired Headphones,1,11.99,05/16/19 21:55,"741 Pine St, Atlanta, GA 30301"
207879,27in FHD Monitor,1,149.99,05/02/19 09:24,"158 Main St, San Francisco, CA 94016"
207880,AAA Batteries (4-pack),3,2.99,05/13/19 20:48,"718 Meadow St, New York City, NY 10001"
207881,AA Batteries (4-pack),1,3.84,05/30/19 21:09,"365 6th St, New York City, NY 10001"
207882,Bose SoundSport Headphones,1,99.99,05/31/19 16:53,"527 Hill St, Portland, OR 97035"
207883,Lightning Charging Cable,1,14.95,05/19/19 16:00,"768 Jackson St, Dallas, TX 75001"
207884,Bose SoundSport Headphones,1,99.99,05/12/19 06:42,"856 5th St, Dallas, TX 75001"
207885,Flatscreen TV,1,300,05/18/19 07:29,"93 1st St, San Francisco, CA 94016"
207886,USB-C Charging Cable,1,11.95,05/20/19 00:03,"885 Elm St, Portland, OR 97035"
207887,AAA Batteries (4-pack),2,2.99,05/14/19 00:05,"73 7th St, Los Angeles, CA 90001"
207888,Lightning Charging Cable,1,14.95,05/28/19 21:44,"960 9th St, Seattle, WA 98101"
207889,iPhone,1,700,05/31/19 10:58,"93 Lake St, New York City, NY 10001"
,,,,,
207890,AA Batteries (4-pack),1,3.84,05/27/19 17:02,"10 Church St, Dallas, TX 75001"
207891,Lightning Charging Cable,1,14.95,05/04/19 09:43,"280 Willow St, Portland, OR 97035"
207892,Wired Headphones,1,11.99,05/25/19 21:01,"338 2nd St, Atlanta, GA 30301"
207893,AAA Batteries (4-pack),1,2.99,05/20/19 10:25,"992 Sunset St, San Francisco, CA 94016"
207894,AA Batteries (4-pack),1,3.84,05/25/19 18:43,"616 Park St, New York City, NY 10001"
207895,iPhone,1,700,05/31/19 19:35,"761 Cedar St, New York City, NY 10001"
207896,Apple Airpods Headphones,1,150,05/27/19 11:23,"726 14th St, New York City, NY 10001"
207897,Lightning Charging Cable,1,14.95,05/20/19 00:52,"712 Adams St, Seattle, WA 98101"
207898,Bose SoundSport Headphones,1,99.99,05/05/19 09:30,"764 Meadow St, Austin, TX 73301"
207899,iPhone,1,700,05/25/19 18:19,"253 Dogwood St, San Francisco, CA 94016"
207900,Lightning Charging Cable,1,14.95,05/30/19 23:30,"276 8th St, New York City, NY 10001"
207900,AA Batteries (4-pack),1,3.84,05/30/19 23:30,"276 8th St, New York City, NY 10001"
207901,USB-C Charging Cable,1,11.95,05/06/19 11:03,"4 Madison St, Dallas, TX 75001"
207902,AAA Batteries (4-pack),3,2.99,05/21/19 18:50,"653 Lincoln St, Portland, OR 97035"
207903,AA Batteries (4-pack),1,3.84,05/26/19 09:57,"134 Spruce St, Los Angeles, CA 90001"
207904,Flatscreen TV,1,300,05/22/19 20:26,"572 11th St, Seattle, WA 98101"
207905,Lightning Charging Cable,1,14.95,05/14/19 12:37,"694 Sunset St, Atlanta, GA 30301"
207906,Apple Airpods Headphones,1,150,05/24/19 15:15,"383 Jefferson St, Seattle, WA 98101"
207907,Lightning Charging Cable,1,14.95,05/02/19 18:36,"402 Forest St, Los Angeles, CA 90001"
207908,iPhone,1,700,05/24/19 09:12,"468 Jefferson St, New York City, NY 10001"
207908,Lightning Charging Cable,1,14.95,05/24/19 09:12,"468 Jefferson St, New York City, NY 10001"
207909,AA Batteries (4-pack),2,3.84,05/06/19 17:42,"776 8th St, Portland, ME 04101"
207910,USB-C Charging Cable,1,11.95,05/31/19 09:23,"658 2nd St, Atlanta, GA 30301"
207911,Bose SoundSport Headphones,1,99.99,05/23/19 11:37,"110 Park St, Boston, MA 02215"
207912,Lightning Charging Cable,1,14.95,05/26/19 12:39,"435 Highland St, Los Angeles, CA 90001"
207913,Lightning Charging Cable,1,14.95,05/15/19 22:47,"361 Lincoln St, Dallas, TX 75001"
207914,AA Batteries (4-pack),1,3.84,05/28/19 11:42,"96 Main St, Atlanta, GA 30301"
207915,Lightning Charging Cable,1,14.95,05/13/19 07:16,"146 South St, San Francisco, CA 94016"
207916,USB-C Charging Cable,1,11.95,05/04/19 10:56,"22 North St, New York City, NY 10001"
207917,34in Ultrawide Monitor,1,379.99,05/06/19 12:50,"794 Madison St, San Francisco, CA 94016"
207918,Lightning Charging Cable,1,14.95,05/25/19 11:06,"186 South St, Seattle, WA 98101"
207919,AA Batteries (4-pack),1,3.84,05/26/19 13:33,"483 Maple St, Seattle, WA 98101"
207920,USB-C Charging Cable,1,11.95,05/08/19 17:24,"683 8th St, Seattle, WA 98101"
207921,Lightning Charging Cable,1,14.95,05/21/19 10:00,"404 Park St, Los Angeles, CA 90001"
207922,AAA Batteries (4-pack),4,2.99,05/09/19 15:21,"49 5th St, San Francisco, CA 94016"
207923,iPhone,1,700,05/14/19 10:14,"649 Johnson St, San Francisco, CA 94016"
207923,USB-C Charging Cable,1,11.95,05/14/19 10:14,"649 Johnson St, San Francisco, CA 94016"
207924,27in 4K Gaming Monitor,1,389.99,05/09/19 12:44,"479 Hickory St, Boston, MA 02215"
207925,Macbook Pro Laptop,1,1700,05/07/19 08:16,"481 Church St, Atlanta, GA 30301"
207926,AA Batteries (4-pack),1,3.84,05/25/19 18:43,"197 4th St, Los Angeles, CA 90001"
207927,Wired Headphones,1,11.99,05/28/19 14:05,"350 Lake St, Portland, OR 97035"
207928,Lightning Charging Cable,1,14.95,05/09/19 10:38,"327 13th St, Los Angeles, CA 90001"
207929,USB-C Charging Cable,1,11.95,05/20/19 19:21,"265 Maple St, San Francisco, CA 94016"
207930,AA Batteries (4-pack),5,3.84,05/25/19 13:40,"386 12th St, Atlanta, GA 30301"
207931,Lightning Charging Cable,1,14.95,05/07/19 21:12,"595 Wilson St, San Francisco, CA 94016"
207932,LG Dryer,1,600.0,05/30/19 15:08,"303 Pine St, San Francisco, CA 94016"
207933,AA Batteries (4-pack),1,3.84,05/04/19 20:23,"596 5th St, San Francisco, CA 94016"
207934,27in 4K Gaming Monitor,1,389.99,05/24/19 00:15,"813 Church St, New York City, NY 10001"
207935,Google Phone,1,600,05/08/19 15:23,"662 Jackson St, Portland, OR 97035"
207935,USB-C Charging Cable,1,11.95,05/08/19 15:23,"662 Jackson St, Portland, OR 97035"
207935,Wired Headphones,1,11.99,05/08/19 15:23,"662 Jackson St, Portland, OR 97035"
207936,AAA Batteries (4-pack),1,2.99,05/27/19 10:15,"587 Chestnut St, Dallas, TX 75001"
207937,Lightning Charging Cable,1,14.95,05/09/19 14:23,"806 Sunset St, New York City, NY 10001"
207938,USB-C Charging Cable,1,11.95,05/24/19 19:13,"161 Madison St, San Francisco, CA 94016"
207939,27in 4K Gaming Monitor,1,389.99,05/27/19 20:44,"199 Lakeview St, San Francisco, CA 94016"
207940,Wired Headphones,1,11.99,05/04/19 09:37,"548 Church St, Los Angeles, CA 90001"
207941,Apple Airpods Headphones,1,150,05/28/19 18:46,"275 Jackson St, Los Angeles, CA 90001"
207942,AA Batteries (4-pack),2,3.84,05/30/19 18:46,"108 13th St, Los Angeles, CA 90001"
207943,Google Phone,1,600,05/04/19 12:53,"173 Jefferson St, San Francisco, CA 94016"
207944,Google Phone,1,600,05/05/19 09:04,"450 Ridge St, Los Angeles, CA 90001"
207944,Wired Headphones,1,11.99,05/05/19 09:04,"450 Ridge St, Los Angeles, CA 90001"
207945,AAA Batteries (4-pack),4,2.99,05/03/19 16:29,"372 Lakeview St, Atlanta, GA 30301"
207946,AAA Batteries (4-pack),1,2.99,05/17/19 09:12,"905 8th St, New York City, NY 10001"
207947,27in FHD Monitor,1,149.99,05/22/19 10:42,"998 2nd St, Atlanta, GA 30301"
207948,Lightning Charging Cable,1,14.95,05/26/19 08:45,"909 Hill St, Los Angeles, CA 90001"
207949,Bose SoundSport Headphones,1,99.99,05/26/19 11:36,"25 Spruce St, Seattle, WA 98101"
207950,27in FHD Monitor,1,149.99,05/05/19 20:44,"692 Church St, New York City, NY 10001"
207951,Wired Headphones,1,11.99,05/18/19 08:28,"206 9th St, Los Angeles, CA 90001"
207952,34in Ultrawide Monitor,1,379.99,05/23/19 22:29,"145 Lakeview St, San Francisco, CA 94016"
207953,Bose SoundSport Headphones,1,99.99,05/10/19 14:32,"24 Jefferson St, New York City, NY 10001"
207954,AAA Batteries (4-pack),1,2.99,05/10/19 21:19,"586 Main St, New York City, NY 10001"
207955,Apple Airpods Headphones,1,150,05/17/19 08:22,"514 Park St, Boston, MA 02215"
207956,AAA Batteries (4-pack),1,2.99,05/12/19 16:35,"395 9th St, San Francisco, CA 94016"
207957,AA Batteries (4-pack),1,3.84,05/27/19 14:39,"664 Meadow St, Los Angeles, CA 90001"
207958,AAA Batteries (4-pack),1,2.99,05/12/19 08:52,"929 Madison St, Los Angeles, CA 90001"
207959,Vareebadd Phone,1,400,05/12/19 09:45,"365 Forest St, Boston, MA 02215"
207960,20in Monitor,1,109.99,05/19/19 21:45,"547 Elm St, Los Angeles, CA 90001"
207961,34in Ultrawide Monitor,1,379.99,05/31/19 04:39,"937 6th St, Boston, MA 02215"
207962,27in 4K Gaming Monitor,1,389.99,05/04/19 14:57,"315 Jefferson St, San Francisco, CA 94016"
207963,Macbook Pro Laptop,1,1700,05/26/19 08:49,"112 Park St, New York City, NY 10001"
207964,AAA Batteries (4-pack),1,2.99,05/01/19 20:40,"187 South St, Los Angeles, CA 90001"
207965,Lightning Charging Cable,1,14.95,05/07/19 06:01,"292 Wilson St, San Francisco, CA 94016"
207966,AAA Batteries (4-pack),3,2.99,05/09/19 21:24,"94 Walnut St, Seattle, WA 98101"
207967,Wired Headphones,1,11.99,05/27/19 16:44,"339 Madison St, Seattle, WA 98101"
207968,Wired Headphones,2,11.99,05/19/19 18:22,"604 Walnut St, Atlanta, GA 30301"
207969,Apple Airpods Headphones,1,150,05/17/19 16:33,"729 6th St, San Francisco, CA 94016"
207970,AAA Batteries (4-pack),1,2.99,05/07/19 18:51,"219 Center St, Atlanta, GA 30301"
207971,Apple Airpods Headphones,1,150,05/04/19 13:18,"823 Hill St, Boston, MA 02215"
207972,34in Ultrawide Monitor,1,379.99,05/30/19 09:55,"607 2nd St, Portland, OR 97035"
207973,Apple Airpods Headphones,1,150,05/02/19 18:21,"517 9th St, New York City, NY 10001"
207974,Wired Headphones,1,11.99,05/13/19 11:11,"189 Center St, Los Angeles, CA 90001"
207975,Bose SoundSport Headphones,1,99.99,05/12/19 11:22,"943 Lake St, New York City, NY 10001"
207976,Google Phone,1,600,05/03/19 20:17,"647 Wilson St, Boston, MA 02215"
207977,34in Ultrawide Monitor,1,379.99,05/26/19 12:26,"15 Hickory St, San Francisco, CA 94016"
207978,34in Ultrawide Monitor,1,379.99,05/22/19 17:40,"116 9th St, Dallas, TX 75001"
207979,Wired Headphones,1,11.99,05/28/19 13:34,"829 Forest St, Boston, MA 02215"
207980,27in FHD Monitor,1,149.99,05/25/19 17:07,"440 Maple St, Dallas, TX 75001"
207981,Apple Airpods Headphones,1,150,05/16/19 13:56,"940 Madison St, Boston, MA 02215"
207982,USB-C Charging Cable,1,11.95,05/28/19 14:47,"598 Pine St, New York City, NY 10001"
207983,34in Ultrawide Monitor,1,379.99,05/08/19 18:55,"477 Ridge St, Seattle, WA 98101"
207984,AAA Batteries (4-pack),4,2.99,05/20/19 23:51,"351 Spruce St, San Francisco, CA 94016"
207985,USB-C Charging Cable,1,11.95,05/28/19 18:49,"751 Park St, Portland, OR 97035"
207986,Flatscreen TV,1,300,05/04/19 20:35,"782 Maple St, New York City, NY 10001"
207987,AAA Batteries (4-pack),1,2.99,05/12/19 13:14,"175 10th St, Dallas, TX 75001"
207988,AAA Batteries (4-pack),1,2.99,05/23/19 12:27,"756 10th St, Atlanta, GA 30301"
207989,Bose SoundSport Headphones,1,99.99,05/15/19 21:12,"201 West St, New York City, NY 10001"
207990,Wired Headphones,2,11.99,05/14/19 14:32,"598 South St, San Francisco, CA 94016"
207991,Lightning Charging Cable,1,14.95,05/23/19 01:14,"826 Cedar St, Austin, TX 73301"
207992,Wired Headphones,1,11.99,05/09/19 12:40,"472 Forest St, Dallas, TX 75001"
207993,AAA Batteries (4-pack),3,2.99,05/10/19 22:45,"401 14th St, Dallas, TX 75001"
207994,AAA Batteries (4-pack),1,2.99,05/13/19 22:40,"802 10th St, Boston, MA 02215"
207995,Lightning Charging Cable,1,14.95,05/31/19 23:02,"740 Spruce St, Austin, TX 73301"
207996,AA Batteries (4-pack),1,3.84,05/31/19 18:41,"83 Center St, San Francisco, CA 94016"
207997,Vareebadd Phone,1,400,05/23/19 11:56,"646 Walnut St, Los Angeles, CA 90001"
207997,USB-C Charging Cable,1,11.95,05/23/19 11:56,"646 Walnut St, Los Angeles, CA 90001"
207997,Bose SoundSport Headphones,1,99.99,05/23/19 11:56,"646 Walnut St, Los Angeles, CA 90001"
207998,AA Batteries (4-pack),1,3.84,05/02/19 20:49,"184 6th St, San Francisco, CA 94016"
207999,27in FHD Monitor,1,149.99,05/15/19 23:46,"386 9th St, Boston, MA 02215"
208000,iPhone,1,700,05/17/19 13:19,"241 River St, New York City, NY 10001"
208000,Wired Headphones,1,11.99,05/17/19 13:19,"241 River St, New York City, NY 10001"
208001,iPhone,1,700,05/08/19 11:26,"579 Main St, Seattle, WA 98101"
208002,Wired Headphones,1,11.99,05/31/19 10:43,"45 Jefferson St, Austin, TX 73301"
208003,USB-C Charging Cable,1,11.95,05/29/19 21:34,"96 6th St, Dallas, TX 75001"
208004,Lightning Charging Cable,1,14.95,05/08/19 13:32,"271 Park St, Seattle, WA 98101"
208005,AAA Batteries (4-pack),1,2.99,05/09/19 18:13,"772 West St, Los Angeles, CA 90001"
208006,AAA Batteries (4-pack),1,2.99,05/05/19 11:19,"493 10th St, Los Angeles, CA 90001"
208007,iPhone,1,700,05/22/19 17:25,"927 Chestnut St, Los Angeles, CA 90001"
208008,27in FHD Monitor,1,149.99,05/03/19 08:16,"177 Lakeview St, San Francisco, CA 94016"
208009,AA Batteries (4-pack),1,3.84,05/09/19 17:29,"879 Forest St, New York City, NY 10001"
208010,Bose SoundSport Headphones,1,99.99,05/11/19 10:49,"790 11th St, Portland, OR 97035"
208011,AA Batteries (4-pack),2,3.84,05/07/19 10:12,"443 Forest St, Seattle, WA 98101"
208012,iPhone,1,700,05/28/19 10:34,"878 Church St, Los Angeles, CA 90001"
208013,27in 4K Gaming Monitor,1,389.99,05/25/19 11:29,"20 14th St, Boston, MA 02215"
208014,Macbook Pro Laptop,1,1700,05/22/19 10:58,"595 Maple St, Dallas, TX 75001"
208015,USB-C Charging Cable,1,11.95,05/20/19 15:54,"782 7th St, New York City, NY 10001"
208016,Wired Headphones,1,11.99,05/03/19 16:32,"807 Park St, Seattle, WA 98101"
208017,Lightning Charging Cable,1,14.95,05/19/19 14:31,"594 Walnut St, Boston, MA 02215"
208018,Macbook Pro Laptop,1,1700,05/16/19 17:43,"164 Maple St, New York City, NY 10001"
208019,AAA Batteries (4-pack),2,2.99,05/19/19 11:16,"618 12th St, Los Angeles, CA 90001"
208020,27in FHD Monitor,1,149.99,05/01/19 11:20,"229 Sunset St, Atlanta, GA 30301"
208021,USB-C Charging Cable,1,11.95,05/17/19 19:32,"679 Highland St, San Francisco, CA 94016"
208022,Wired Headphones,1,11.99,05/01/19 13:28,"489 Hill St, New York City, NY 10001"
208023,AAA Batteries (4-pack),1,2.99,05/11/19 11:42,"568 Wilson St, San Francisco, CA 94016"
208024,Lightning Charging Cable,1,14.95,05/20/19 21:42,"220 Walnut St, New York City, NY 10001"
208025,Wired Headphones,2,11.99,05/30/19 08:26,"736 Madison St, Atlanta, GA 30301"
208026,Wired Headphones,1,11.99,05/18/19 14:35,"402 Pine St, Portland, OR 97035"
208027,ThinkPad Laptop,1,999.99,05/04/19 08:34,"462 4th St, San Francisco, CA 94016"
208028,27in 4K Gaming Monitor,1,389.99,05/02/19 20:50,"106 Hill St, Seattle, WA 98101"
208029,34in Ultrawide Monitor,1,379.99,05/22/19 18:25,"850 Lincoln St, Los Angeles, CA 90001"
208030,Wired Headphones,1,11.99,05/22/19 11:53,"584 River St, Seattle, WA 98101"
208031,USB-C Charging Cable,1,11.95,05/18/19 23:58,"633 Dogwood St, Boston, MA 02215"
208032,27in FHD Monitor,1,149.99,05/21/19 17:19,"783 4th St, San Francisco, CA 94016"
208033,AA Batteries (4-pack),1,3.84,05/09/19 10:32,"460 Sunset St, Atlanta, GA 30301"
208034,Macbook Pro Laptop,1,1700,05/03/19 12:44,"63 Jackson St, Austin, TX 73301"
208035,AAA Batteries (4-pack),1,2.99,05/23/19 23:51,"23 Maple St, Seattle, WA 98101"
208036,USB-C Charging Cable,1,11.95,05/15/19 19:13,"296 West St, Dallas, TX 75001"
208037,Bose SoundSport Headphones,1,99.99,05/02/19 13:51,"689 Center St, San Francisco, CA 94016"
208038,Bose SoundSport Headphones,1,99.99,05/17/19 18:47,"991 10th St, Los Angeles, CA 90001"
208039,Apple Airpods Headphones,1,150,05/28/19 20:59,"229 Highland St, San Francisco, CA 94016"
208040,AA Batteries (4-pack),2,3.84,05/28/19 22:44,"15 Cedar St, San Francisco, CA 94016"
208041,Bose SoundSport Headphones,1,99.99,05/25/19 17:19,"44 Center St, Los Angeles, CA 90001"
208042,27in 4K Gaming Monitor,1,389.99,05/03/19 19:15,"813 Church St, New York City, NY 10001"
208043,Vareebadd Phone,1,400,05/25/19 20:58,"560 Dogwood St, New York City, NY 10001"
208044,Bose SoundSport Headphones,1,99.99,05/10/19 14:50,"704 10th St, San Francisco, CA 94016"
208045,USB-C Charging Cable,1,11.95,05/21/19 14:32,"937 Chestnut St, Boston, MA 02215"
208046,AAA Batteries (4-pack),2,2.99,05/06/19 18:46,"307 Cedar St, Los Angeles, CA 90001"
208047,Wired Headphones,1,11.99,05/17/19 07:23,"31 4th St, New York City, NY 10001"
208048,iPhone,1,700,05/06/19 21:30,"84 Lake St, Boston, MA 02215"
208049,Lightning Charging Cable,1,14.95,05/04/19 09:27,"308 Washington St, Austin, TX 73301"
208050,AA Batteries (4-pack),1,3.84,05/24/19 23:35,"428 Main St, Seattle, WA 98101"
208051,Google Phone,1,600,05/17/19 19:44,"716 Ridge St, Dallas, TX 75001"
208052,Apple Airpods Headphones,1,150,05/25/19 14:39,"33 South St, New York City, NY 10001"
208053,27in FHD Monitor,1,149.99,05/02/19 15:44,"807 11th St, New York City, NY 10001"
208054,AA Batteries (4-pack),1,3.84,05/17/19 19:54,"368 Highland St, New York City, NY 10001"
208055,USB-C Charging Cable,1,11.95,05/15/19 14:38,"998 Highland St, Boston, MA 02215"
208056,AA Batteries (4-pack),1,3.84,05/05/19 09:37,"525 Cherry St, Seattle, WA 98101"
208057,AAA Batteries (4-pack),1,2.99,05/01/19 16:49,"115 Adams St, Los Angeles, CA 90001"
208058,27in 4K Gaming Monitor,1,389.99,05/01/19 05:05,"192 River St, New York City, NY 10001"
208059,Wired Headphones,1,11.99,05/15/19 21:12,"839 Lincoln St, San Francisco, CA 94016"
208060,LG Washing Machine,1,600.0,05/28/19 15:52,"473 Madison St, San Francisco, CA 94016"
208061,USB-C Charging Cable,1,11.95,05/13/19 23:29,"583 10th St, San Francisco, CA 94016"
208062,AA Batteries (4-pack),1,3.84,05/07/19 14:09,"233 Dogwood St, Dallas, TX 75001"
208063,USB-C Charging Cable,1,11.95,05/23/19 14:19,"460 Wilson St, Boston, MA 02215"
208064,Lightning Charging Cable,1,14.95,05/05/19 13:40,"933 Pine St, Seattle, WA 98101"
208065,Apple Airpods Headphones,1,150,05/08/19 12:10,"745 Jackson St, Atlanta, GA 30301"
208066,AAA Batteries (4-pack),1,2.99,05/29/19 15:02,"827 Walnut St, Portland, OR 97035"
208067,Lightning Charging Cable,1,14.95,05/05/19 20:44,"629 5th St, Los Angeles, CA 90001"
208068,Bose SoundSport Headphones,1,99.99,05/04/19 16:06,"626 Hill St, Austin, TX 73301"
208069,Flatscreen TV,1,300,05/15/19 10:23,"756 Hill St, Austin, TX 73301"
208070,Bose SoundSport Headphones,1,99.99,05/17/19 16:57,"866 Willow St, Seattle, WA 98101"
208071,iPhone,1,700,05/03/19 02:34,"853 Forest St, Atlanta, GA 30301"
208072,USB-C Charging Cable,1,11.95,05/19/19 15:25,"378 South St, Austin, TX 73301"
208073,AAA Batteries (4-pack),1,2.99,05/13/19 08:16,"736 11th St, Atlanta, GA 30301"
208074,Bose SoundSport Headphones,1,99.99,05/08/19 07:52,"544 Forest St, Los Angeles, CA 90001"
208075,Bose SoundSport Headphones,1,99.99,05/12/19 17:12,"661 Willow St, Dallas, TX 75001"
208076,AA Batteries (4-pack),1,3.84,05/16/19 13:11,"834 River St, Atlanta, GA 30301"
208076,Google Phone,1,600,05/16/19 13:11,"834 River St, Atlanta, GA 30301"
208077,20in Monitor,1,109.99,05/11/19 23:39,"459 7th St, San Francisco, CA 94016"
208078,Lightning Charging Cable,1,14.95,05/22/19 22:18,"341 Cherry St, San Francisco, CA 94016"
208079,Lightning Charging Cable,1,14.95,05/13/19 11:48,"218 10th St, Los Angeles, CA 90001"
208080,34in Ultrawide Monitor,1,379.99,05/24/19 09:44,"654 South St, Los Angeles, CA 90001"
208081,Vareebadd Phone,1,400,05/17/19 16:53,"983 Elm St, Seattle, WA 98101"
208082,Wired Headphones,1,11.99,05/06/19 17:53,"517 Madison St, Los Angeles, CA 90001"
208083,AAA Batteries (4-pack),1,2.99,05/18/19 22:14,"549 Hickory St, Boston, MA 02215"
208084,Apple Airpods Headphones,1,150,05/07/19 14:47,"334 10th St, San Francisco, CA 94016"
208085,Macbook Pro Laptop,1,1700,05/19/19 18:47,"307 North St, Boston, MA 02215"
208086,AAA Batteries (4-pack),1,2.99,05/15/19 18:20,"785 Church St, Los Angeles, CA 90001"
208087,Apple Airpods Headphones,1,150,05/01/19 18:15,"730 Madison St, Portland, OR 97035"
208088,USB-C Charging Cable,2,11.95,05/14/19 21:44,"3 Cedar St, New York City, NY 10001"
208089,27in FHD Monitor,1,149.99,05/08/19 22:01,"869 North St, Atlanta, GA 30301"
208090,Lightning Charging Cable,1,14.95,05/23/19 09:12,"874 Wilson St, Portland, OR 97035"
208091,ThinkPad Laptop,1,999.99,05/09/19 17:09,"780 Spruce St, Seattle, WA 98101"
208092,Bose SoundSport Headphones,1,99.99,05/13/19 20:14,"156 12th St, Austin, TX 73301"
208093,AAA Batteries (4-pack),1,2.99,05/18/19 22:45,"571 8th St, Portland, OR 97035"
208094,27in 4K Gaming Monitor,1,389.99,05/04/19 09:05,"389 Park St, Los Angeles, CA 90001"
208095,AA Batteries (4-pack),1,3.84,05/08/19 00:23,"357 Walnut St, San Francisco, CA 94016"
208096,AA Batteries (4-pack),1,3.84,05/22/19 12:33,"139 5th St, San Francisco, CA 94016"
208097,Wired Headphones,1,11.99,05/23/19 10:29,"587 Cherry St, Los Angeles, CA 90001"
208098,27in FHD Monitor,1,149.99,05/08/19 20:53,"494 8th St, Seattle, WA 98101"
208099,34in Ultrawide Monitor,1,379.99,05/30/19 08:35,"886 12th St, Austin, TX 73301"
208100,Bose SoundSport Headphones,1,99.99,05/13/19 03:12,"236 Ridge St, San Francisco, CA 94016"
208101,iPhone,1,700,05/22/19 12:54,"90 Hickory St, Seattle, WA 98101"
208102,Flatscreen TV,1,300,05/26/19 11:06,"463 11th St, New York City, NY 10001"
208103,Bose SoundSport Headphones,1,99.99,05/30/19 09:11,"79 Johnson St, Seattle, WA 98101"
208104,iPhone,1,700,05/12/19 21:23,"160 South St, Dallas, TX 75001"
208104,Lightning Charging Cable,1,14.95,05/12/19 21:23,"160 South St, Dallas, TX 75001"
208105,Apple Airpods Headphones,1,150,05/03/19 18:36,"484 Ridge St, Atlanta, GA 30301"
208106,27in FHD Monitor,1,149.99,05/29/19 19:13,"997 Elm St, Portland, OR 97035"
208107,Wired Headphones,1,11.99,05/14/19 11:18,"186 North St, New York City, NY 10001"
208108,Lightning Charging Cable,1,14.95,05/28/19 21:59,"595 Ridge St, New York City, NY 10001"
208109,USB-C Charging Cable,1,11.95,05/14/19 20:51,"141 South St, New York City, NY 10001"
208110,Apple Airpods Headphones,1,150,05/23/19 21:18,"61 9th St, San Francisco, CA 94016"
208111,AA Batteries (4-pack),2,3.84,05/28/19 09:25,"552 Willow St, Portland, OR 97035"
208112,Lightning Charging Cable,1,14.95,05/18/19 12:00,"426 Wilson St, Austin, TX 73301"
208113,AAA Batteries (4-pack),3,2.99,05/09/19 20:21,"273 4th St, Atlanta, GA 30301"
208114,Bose SoundSport Headphones,1,99.99,05/04/19 16:30,"342 Jackson St, Boston, MA 02215"
208115,Lightning Charging Cable,1,14.95,05/25/19 22:53,"265 River St, Austin, TX 73301"
208116,Wired Headphones,1,11.99,05/05/19 18:31,"975 Cherry St, Atlanta, GA 30301"
208117,USB-C Charging Cable,1,11.95,05/24/19 00:45,"159 Spruce St, San Francisco, CA 94016"
208118,Wired Headphones,1,11.99,05/21/19 15:17,"877 5th St, Boston, MA 02215"
208119,Lightning Charging Cable,1,14.95,05/24/19 09:40,"178 6th St, New York City, NY 10001"
208120,27in 4K Gaming Monitor,1,389.99,05/29/19 14:46,"843 Ridge St, San Francisco, CA 94016"
208121,AAA Batteries (4-pack),2,2.99,05/12/19 20:08,"367 Cedar St, Seattle, WA 98101"
208122,AA Batteries (4-pack),1,3.84,05/08/19 09:19,"432 Madison St, San Francisco, CA 94016"
208123,USB-C Charging Cable,1,11.95,05/06/19 00:58,"137 Johnson St, Boston, MA 02215"
208124,AA Batteries (4-pack),1,3.84,05/12/19 13:55,"998 12th St, Los Angeles, CA 90001"
208125,Lightning Charging Cable,1,14.95,05/07/19 08:21,"480 Park St, Dallas, TX 75001"
208126,Wired Headphones,1,11.99,05/17/19 18:27,"742 Hill St, Seattle, WA 98101"
208127,ThinkPad Laptop,1,999.99,05/22/19 22:43,"17 Walnut St, Boston, MA 02215"
208128,Macbook Pro Laptop,1,1700,05/30/19 21:47,"297 Lincoln St, New York City, NY 10001"
208129,Apple Airpods Headphones,1,150,05/16/19 13:30,"693 5th St, San Francisco, CA 94016"
208130,Wired Headphones,1,11.99,05/23/19 21:51,"528 River St, San Francisco, CA 94016"
208131,27in FHD Monitor,1,149.99,05/11/19 14:37,"272 Cherry St, Portland, OR 97035"
208132,iPhone,1,700,05/03/19 19:52,"833 Cherry St, Boston, MA 02215"
208133,Apple Airpods Headphones,1,150,05/21/19 23:22,"191 Park St, San Francisco, CA 94016"
208134,USB-C Charging Cable,1,11.95,05/17/19 10:36,"671 4th St, Austin, TX 73301"
208135,20in Monitor,1,109.99,05/29/19 19:47,"778 Main St, New York City, NY 10001"
208136,AA Batteries (4-pack),1,3.84,05/30/19 18:39,"607 River St, San Francisco, CA 94016"
208137,Apple Airpods Headphones,1,150,05/23/19 07:37,"391 Jefferson St, Seattle, WA 98101"
208138,27in FHD Monitor,1,149.99,05/06/19 23:05,"104 Hickory St, Dallas, TX 75001"
208139,AAA Batteries (4-pack),1,2.99,05/10/19 20:24,"439 South St, Seattle, WA 98101"
208140,Lightning Charging Cable,1,14.95,05/29/19 08:16,"372 Lake St, New York City, NY 10001"
208141,Lightning Charging Cable,1,14.95,05/12/19 11:17,"247 Adams St, Boston, MA 02215"
208142,iPhone,1,700,05/12/19 11:36,"792 Meadow St, Los Angeles, CA 90001"
208143,Wired Headphones,2,11.99,05/11/19 09:23,"439 9th St, New York City, NY 10001"
208144,AA Batteries (4-pack),1,3.84,05/04/19 23:34,"354 Lake St, Seattle, WA 98101"
208145,AAA Batteries (4-pack),1,2.99,05/07/19 14:12,"972 Adams St, Portland, OR 97035"
208146,USB-C Charging Cable,1,11.95,05/18/19 07:49,"397 12th St, Austin, TX 73301"
208147,AAA Batteries (4-pack),1,2.99,05/07/19 17:40,"287 Maple St, Seattle, WA 98101"
208148,Wired Headphones,1,11.99,05/24/19 19:17,"536 North St, San Francisco, CA 94016"
208149,Lightning Charging Cable,1,14.95,05/24/19 08:39,"491 Forest St, Los Angeles, CA 90001"
208150,Lightning Charging Cable,1,14.95,05/13/19 10:04,"620 Wilson St, Atlanta, GA 30301"
208151,USB-C Charging Cable,1,11.95,05/16/19 00:35,"785 Hickory St, Los Angeles, CA 90001"
208152,Google Phone,1,600,05/16/19 23:59,"411 West St, New York City, NY 10001"
208153,USB-C Charging Cable,1,11.95,05/29/19 21:37,"408 14th St, Seattle, WA 98101"
208154,Wired Headphones,1,11.99,05/07/19 12:34,"862 6th St, New York City, NY 10001"
208155,AAA Batteries (4-pack),2,2.99,05/15/19 20:03,"235 Center St, San Francisco, CA 94016"
208156,USB-C Charging Cable,1,11.95,05/19/19 21:00,"293 Adams St, Boston, MA 02215"
208157,AA Batteries (4-pack),1,3.84,05/11/19 09:24,"749 Forest St, New York City, NY 10001"
208158,AA Batteries (4-pack),1,3.84,05/25/19 22:38,"69 8th St, Atlanta, GA 30301"
208159,Wired Headphones,1,11.99,05/24/19 08:26,"629 Main St, San Francisco, CA 94016"
208160,27in FHD Monitor,1,149.99,05/17/19 11:57,"269 Spruce St, Atlanta, GA 30301"
208161,ThinkPad Laptop,1,999.99,05/05/19 16:25,"180 Wilson St, Los Angeles, CA 90001"
208162,AA Batteries (4-pack),2,3.84,05/06/19 12:46,"916 8th St, Seattle, WA 98101"
208163,AAA Batteries (4-pack),1,2.99,05/10/19 19:28,"634 Meadow St, New York City, NY 10001"
208164,Apple Airpods Headphones,1,150,05/09/19 17:08,"460 6th St, Dallas, TX 75001"
208165,AA Batteries (4-pack),3,3.84,05/14/19 16:00,"557 Jefferson St, San Francisco, CA 94016"
208166,USB-C Charging Cable,3,11.95,05/10/19 16:08,"520 13th St, San Francisco, CA 94016"
208167,Apple Airpods Headphones,1,150,05/03/19 06:58,"314 Forest St, San Francisco, CA 94016"
208168,Bose SoundSport Headphones,1,99.99,05/28/19 23:27,"282 Walnut St, Boston, MA 02215"
208169,Vareebadd Phone,1,400,05/31/19 14:35,"983 14th St, Los Angeles, CA 90001"
208170,27in 4K Gaming Monitor,1,389.99,05/30/19 11:05,"455 Willow St, Seattle, WA 98101"
208171,AAA Batteries (4-pack),1,2.99,05/21/19 15:10,"607 Hickory St, New York City, NY 10001"
208172,Apple Airpods Headphones,1,150,05/08/19 14:17,"769 9th St, Seattle, WA 98101"
208173,Bose SoundSport Headphones,1,99.99,05/07/19 17:21,"883 West St, Atlanta, GA 30301"
208174,Macbook Pro Laptop,1,1700,05/21/19 20:24,"24 13th St, San Francisco, CA 94016"
208174,27in 4K Gaming Monitor,1,389.99,05/21/19 20:24,"24 13th St, San Francisco, CA 94016"
208175,ThinkPad Laptop,1,999.99,05/01/19 08:43,"524 Lincoln St, Atlanta, GA 30301"
208176,Apple Airpods Headphones,1,150,05/25/19 20:24,"11 Willow St, New York City, NY 10001"
208177,AA Batteries (4-pack),1,3.84,05/31/19 23:27,"953 9th St, Seattle, WA 98101"
208178,Bose SoundSport Headphones,1,99.99,05/25/19 14:23,"138 Madison St, Atlanta, GA 30301"
208179,Apple Airpods Headphones,1,150,05/09/19 18:23,"120 Hill St, Boston, MA 02215"
208180,Apple Airpods Headphones,1,150,05/17/19 10:54,"950 10th St, Seattle, WA 98101"
208181,iPhone,1,700,05/30/19 18:23,"358 Jackson St, Los Angeles, CA 90001"
208181,Lightning Charging Cable,1,14.95,05/30/19 18:23,"358 Jackson St, Los Angeles, CA 90001"
208182,Wired Headphones,1,11.99,05/23/19 18:44,"496 11th St, Portland, OR 97035"
208183,34in Ultrawide Monitor,1,379.99,05/02/19 07:08,"95 Forest St, San Francisco, CA 94016"
208184,AAA Batteries (4-pack),1,2.99,05/24/19 22:36,"437 South St, San Francisco, CA 94016"
208185,AAA Batteries (4-pack),1,2.99,05/10/19 08:22,"322 Chestnut St, Boston, MA 02215"
208186,20in Monitor,1,109.99,05/08/19 10:13,"469 1st St, Dallas, TX 75001"
208187,Apple Airpods Headphones,1,150,05/25/19 19:20,"464 Elm St, Portland, OR 97035"
208188,Lightning Charging Cable,1,14.95,05/23/19 17:15,"923 Lincoln St, San Francisco, CA 94016"
208189,Apple Airpods Headphones,1,150,05/19/19 00:13,"695 Cherry St, Boston, MA 02215"
208190,Flatscreen TV,1,300,05/28/19 15:09,"434 12th St, San Francisco, CA 94016"
208191,USB-C Charging Cable,1,11.95,05/31/19 15:04,"529 Maple St, Los Angeles, CA 90001"
208192,AA Batteries (4-pack),1,3.84,05/01/19 21:02,"991 Jackson St, San Francisco, CA 94016"
208193,Apple Airpods Headphones,1,150,05/04/19 11:55,"414 Dogwood St, New York City, NY 10001"
208194,34in Ultrawide Monitor,1,379.99,05/16/19 22:41,"942 West St, Portland, OR 97035"
208195,Flatscreen TV,1,300,05/25/19 15:03,"374 Hickory St, Los Angeles, CA 90001"
208196,AA Batteries (4-pack),1,3.84,05/30/19 13:44,"668 14th St, San Francisco, CA 94016"
208197,AA Batteries (4-pack),1,3.84,05/16/19 17:53,"629 Wilson St, Los Angeles, CA 90001"
208197,AAA Batteries (4-pack),3,2.99,05/16/19 17:53,"629 Wilson St, Los Angeles, CA 90001"
208198,Lightning Charging Cable,1,14.95,05/23/19 14:29,"834 Maple St, San Francisco, CA 94016"
208198,AAA Batteries (4-pack),1,2.99,05/23/19 14:29,"834 Maple St, San Francisco, CA 94016"
208199,Google Phone,1,600,05/22/19 15:21,"503 Spruce St, San Francisco, CA 94016"
208200,Apple Airpods Headphones,1,150,05/16/19 13:11,"15 Church St, Los Angeles, CA 90001"
208201,Macbook Pro Laptop,1,1700,05/22/19 12:32,"649 Main St, New York City, NY 10001"
208202,USB-C Charging Cable,1,11.95,05/20/19 21:55,"256 Chestnut St, Boston, MA 02215"
208203,Vareebadd Phone,1,400,05/28/19 20:19,"812 Walnut St, San Francisco, CA 94016"
208204,Apple Airpods Headphones,1,150,05/14/19 19:33,"925 River St, Seattle, WA 98101"
208205,AAA Batteries (4-pack),2,2.99,05/08/19 10:29,"376 9th St, Atlanta, GA 30301"
208206,Lightning Charging Cable,1,14.95,05/26/19 08:18,"900 South St, New York City, NY 10001"
208207,AA Batteries (4-pack),1,3.84,05/11/19 21:33,"474 Hickory St, Dallas, TX 75001"
208208,Bose SoundSport Headphones,1,99.99,05/31/19 20:56,"526 Church St, Los Angeles, CA 90001"
208209,Lightning Charging Cable,1,14.95,05/16/19 15:31,"456 Pine St, Seattle, WA 98101"
208210,AA Batteries (4-pack),3,3.84,05/28/19 14:22,"245 10th St, New York City, NY 10001"
208211,USB-C Charging Cable,1,11.95,05/22/19 19:52,"79 Willow St, New York City, NY 10001"
208212,Lightning Charging Cable,1,14.95,05/26/19 18:26,"82 West St, San Francisco, CA 94016"
208213,AAA Batteries (4-pack),1,2.99,05/16/19 17:16,"674 Sunset St, Boston, MA 02215"
208214,Lightning Charging Cable,1,14.95,05/23/19 22:05,"921 10th St, Seattle, WA 98101"
208215,iPhone,1,700,05/22/19 22:26,"954 10th St, Los Angeles, CA 90001"
208215,Lightning Charging Cable,1,14.95,05/22/19 22:26,"954 10th St, Los Angeles, CA 90001"
208216,Lightning Charging Cable,1,14.95,05/07/19 13:46,"455 Park St, Seattle, WA 98101"
208217,USB-C Charging Cable,1,11.95,05/08/19 10:10,"741 11th St, Boston, MA 02215"
208218,Apple Airpods Headphones,1,150,05/23/19 18:19,"962 Park St, San Francisco, CA 94016"
208219,Bose SoundSport Headphones,1,99.99,05/31/19 12:04,"182 2nd St, Los Angeles, CA 90001"
208220,ThinkPad Laptop,1,999.99,05/13/19 17:55,"385 Wilson St, San Francisco, CA 94016"
208221,Bose SoundSport Headphones,1,99.99,05/07/19 14:57,"226 8th St, Los Angeles, CA 90001"
208222,Macbook Pro Laptop,1,1700,05/09/19 20:21,"820 Hill St, Boston, MA 02215"
208223,Google Phone,1,600,05/05/19 19:01,"417 14th St, Boston, MA 02215"
208223,Bose SoundSport Headphones,1,99.99,05/05/19 19:01,"417 14th St, Boston, MA 02215"
208224,Lightning Charging Cable,1,14.95,05/08/19 17:38,"649 Church St, San Francisco, CA 94016"
208225,AAA Batteries (4-pack),1,2.99,05/13/19 12:55,"886 Cherry St, Los Angeles, CA 90001"
208226,Bose SoundSport Headphones,1,99.99,05/02/19 09:47,"83 Willow St, Atlanta, GA 30301"
208227,AAA Batteries (4-pack),1,2.99,05/03/19 11:08,"489 14th St, Dallas, TX 75001"
208228,AAA Batteries (4-pack),2,2.99,05/29/19 07:05,"971 Lake St, Atlanta, GA 30301"
208228,Wired Headphones,1,11.99,05/29/19 07:05,"971 Lake St, Atlanta, GA 30301"
208229,Bose SoundSport Headphones,1,99.99,05/17/19 17:51,"746 10th St, Boston, MA 02215"
208230,AAA Batteries (4-pack),1,2.99,05/26/19 17:57,"137 10th St, San Francisco, CA 94016"
208231,AA Batteries (4-pack),1,3.84,05/26/19 14:18,"543 Lakeview St, Boston, MA 02215"
208232,Lightning Charging Cable,1,14.95,05/05/19 13:45,"224 Pine St, Portland, ME 04101"
208233,AAA Batteries (4-pack),1,2.99,05/17/19 20:06,"963 Dogwood St, Boston, MA 02215"
208234,Bose SoundSport Headphones,1,99.99,05/03/19 16:46,"167 Maple St, Atlanta, GA 30301"
208235,Lightning Charging Cable,1,14.95,05/05/19 11:56,"499 Forest St, San Francisco, CA 94016"
208236,34in Ultrawide Monitor,1,379.99,05/01/19 13:28,"112 Elm St, Dallas, TX 75001"
208237,Bose SoundSport Headphones,1,99.99,05/12/19 22:04,"427 5th St, San Francisco, CA 94016"
208238,USB-C Charging Cable,2,11.95,05/17/19 07:41,"957 Johnson St, San Francisco, CA 94016"
208239,AAA Batteries (4-pack),1,2.99,05/03/19 12:18,"321 9th St, San Francisco, CA 94016"
208240,Apple Airpods Headphones,1,150,05/27/19 19:31,"350 Main St, Atlanta, GA 30301"
208241,Lightning Charging Cable,1,14.95,05/13/19 00:11,"597 Cherry St, Los Angeles, CA 90001"
208242,AA Batteries (4-pack),1,3.84,05/31/19 09:22,"141 Dogwood St, New York City, NY 10001"
208243,Flatscreen TV,1,300,05/21/19 22:02,"122 Main St, San Francisco, CA 94016"
208244,Wired Headphones,1,11.99,05/10/19 04:16,"947 6th St, Austin, TX 73301"
208245,Apple Airpods Headphones,1,150,05/15/19 19:00,"726 6th St, San Francisco, CA 94016"
208246,Apple Airpods Headphones,1,150,05/21/19 10:34,"786 River St, Boston, MA 02215"
208247,Bose SoundSport Headphones,1,99.99,05/08/19 15:43,"634 Hickory St, New York City, NY 10001"
208248,iPhone,1,700,05/14/19 13:53,"862 Dogwood St, San Francisco, CA 94016"
208249,Bose SoundSport Headphones,1,99.99,05/18/19 20:29,"162 Sunset St, Austin, TX 73301"
208250,27in 4K Gaming Monitor,1,389.99,05/17/19 19:47,"172 Walnut St, Portland, ME 04101"
208251,Apple Airpods Headphones,1,150,05/21/19 18:17,"118 Spruce St, Seattle, WA 98101"
208252,Bose SoundSport Headphones,1,99.99,05/25/19 12:50,"733 2nd St, New York City, NY 10001"
208253,Lightning Charging Cable,1,14.95,05/17/19 09:19,"833 7th St, Atlanta, GA 30301"
208254,Flatscreen TV,1,300,05/15/19 13:14,"48 Cherry St, San Francisco, CA 94016"
208255,Lightning Charging Cable,1,14.95,05/18/19 16:13,"550 Jefferson St, Seattle, WA 98101"
208256,LG Dryer,1,600.0,05/10/19 16:45,"649 10th St, Atlanta, GA 30301"
208257,Lightning Charging Cable,1,14.95,05/24/19 21:47,"902 West St, New York City, NY 10001"
208258,Apple Airpods Headphones,1,150,05/18/19 20:02,"635 Hickory St, Boston, MA 02215"
208259,Macbook Pro Laptop,1,1700,05/01/19 20:14,"965 Walnut St, Boston, MA 02215"
208260,Apple Airpods Headphones,1,150,05/17/19 08:46,"613 Lake St, Seattle, WA 98101"
208261,Google Phone,1,600,05/05/19 18:35,"909 Cherry St, Austin, TX 73301"
208262,AAA Batteries (4-pack),1,2.99,05/22/19 20:23,"578 Madison St, New York City, NY 10001"
208263,AAA Batteries (4-pack),2,2.99,05/26/19 18:07,"952 10th St, Los Angeles, CA 90001"
208264,Flatscreen TV,1,300,05/05/19 12:24,"319 Park St, Atlanta, GA 30301"
208265,USB-C Charging Cable,1,11.95,05/19/19 21:37,"505 Ridge St, Austin, TX 73301"
208266,Bose SoundSport Headphones,1,99.99,05/07/19 19:42,"217 Sunset St, Portland, ME 04101"
208267,Flatscreen TV,1,300,05/29/19 10:52,"988 South St, Boston, MA 02215"
208268,USB-C Charging Cable,1,11.95,05/25/19 12:40,"138 River St, New York City, NY 10001"
208269,Lightning Charging Cable,1,14.95,05/09/19 17:38,"492 Ridge St, Los Angeles, CA 90001"
208270,Lightning Charging Cable,1,14.95,05/26/19 22:31,"244 Jefferson St, Austin, TX 73301"
208271,Wired Headphones,1,11.99,05/08/19 19:27,"525 10th St, Los Angeles, CA 90001"
208272,Wired Headphones,1,11.99,05/06/19 12:46,"422 Dogwood St, San Francisco, CA 94016"
208273,USB-C Charging Cable,1,11.95,05/29/19 16:36,"151 Lakeview St, Seattle, WA 98101"
208274,Lightning Charging Cable,1,14.95,05/16/19 21:57,"99 South St, Dallas, TX 75001"
208275,Bose SoundSport Headphones,1,99.99,05/17/19 20:28,"463 10th St, Atlanta, GA 30301"
208276,Wired Headphones,1,11.99,05/19/19 08:15,"787 Park St, Boston, MA 02215"
208277,Macbook Pro Laptop,1,1700,05/01/19 08:30,"733 Meadow St, New York City, NY 10001"
208278,AA Batteries (4-pack),1,3.84,05/14/19 13:23,"912 Forest St, New York City, NY 10001"
208279,Lightning Charging Cable,1,14.95,05/04/19 18:37,"103 Madison St, Dallas, TX 75001"
208280,Wired Headphones,1,11.99,05/10/19 17:40,"228 Spruce St, Dallas, TX 75001"
208281,27in FHD Monitor,1,149.99,05/22/19 09:31,"724 5th St, Boston, MA 02215"
208282,AA Batteries (4-pack),2,3.84,05/14/19 02:21,"91 Center St, Boston, MA 02215"
208283,20in Monitor,1,109.99,05/21/19 08:46,"785 Willow St, San Francisco, CA 94016"
208284,AA Batteries (4-pack),1,3.84,05/25/19 08:23,"192 South St, Austin, TX 73301"
208285,USB-C Charging Cable,1,11.95,05/31/19 15:34,"56 Jackson St, San Francisco, CA 94016"
208286,Macbook Pro Laptop,1,1700,05/22/19 12:04,"794 Spruce St, Los Angeles, CA 90001"
208287,ThinkPad Laptop,1,999.99,05/23/19 20:35,"426 Center St, San Francisco, CA 94016"
208288,USB-C Charging Cable,1,11.95,05/26/19 09:04,"288 7th St, Los Angeles, CA 90001"
208289,ThinkPad Laptop,1,999.99,05/07/19 21:29,"472 Highland St, Austin, TX 73301"
208290,Wired Headphones,1,11.99,05/25/19 12:45,"631 Cherry St, New York City, NY 10001"
208291,Bose SoundSport Headphones,1,99.99,05/01/19 20:56,"374 5th St, San Francisco, CA 94016"
208292,27in FHD Monitor,1,149.99,05/14/19 10:21,"135 Hill St, Austin, TX 73301"
208293,USB-C Charging Cable,1,11.95,05/24/19 11:22,"282 Cherry St, Dallas, TX 75001"
208294,iPhone,1,700,05/29/19 13:11,"874 8th St, Atlanta, GA 30301"
208294,Lightning Charging Cable,1,14.95,05/29/19 13:11,"874 8th St, Atlanta, GA 30301"
208295,AA Batteries (4-pack),1,3.84,05/07/19 23:06,"437 Madison St, Austin, TX 73301"
208296,ThinkPad Laptop,1,999.99,05/28/19 17:49,"756 11th St, San Francisco, CA 94016"
208297,AAA Batteries (4-pack),1,2.99,05/29/19 15:16,"820 Pine St, San Francisco, CA 94016"
208298,Google Phone,1,600,05/11/19 12:19,"421 Chestnut St, New York City, NY 10001"
208299,34in Ultrawide Monitor,1,379.99,05/10/19 19:38,"930 1st St, San Francisco, CA 94016"
208300,AAA Batteries (4-pack),2,2.99,05/31/19 17:43,"293 9th St, San Francisco, CA 94016"
208301,USB-C Charging Cable,1,11.95,05/03/19 16:28,"904 Ridge St, San Francisco, CA 94016"
208302,Lightning Charging Cable,1,14.95,05/27/19 13:40,"161 11th St, New York City, NY 10001"
208303,Bose SoundSport Headphones,1,99.99,05/08/19 14:26,"396 Walnut St, San Francisco, CA 94016"
208304,27in 4K Gaming Monitor,1,389.99,05/02/19 15:37,"925 4th St, Los Angeles, CA 90001"
208305,USB-C Charging Cable,1,11.95,05/06/19 11:47,"374 Hickory St, Dallas, TX 75001"
208306,Google Phone,1,600,05/21/19 00:10,"137 Church St, Atlanta, GA 30301"
208307,27in FHD Monitor,1,149.99,05/29/19 06:09,"425 Cedar St, San Francisco, CA 94016"
208308,Wired Headphones,1,11.99,05/05/19 16:35,"591 Cherry St, Dallas, TX 75001"
208309,Lightning Charging Cable,1,14.95,05/04/19 10:15,"845 South St, San Francisco, CA 94016"
208310,AAA Batteries (4-pack),1,2.99,05/11/19 19:15,"59 Washington St, San Francisco, CA 94016"
208311,Wired Headphones,1,11.99,05/23/19 21:57,"157 8th St, San Francisco, CA 94016"
208312,Macbook Pro Laptop,1,1700,05/19/19 19:51,"785 11th St, Austin, TX 73301"
208313,Lightning Charging Cable,1,14.95,05/11/19 09:49,"705 Ridge St, Boston, MA 02215"
208314,Apple Airpods Headphones,1,150,05/04/19 09:40,"682 Adams St, Seattle, WA 98101"
208315,Apple Airpods Headphones,1,150,05/17/19 00:42,"365 13th St, San Francisco, CA 94016"
208316,Apple Airpods Headphones,1,150,05/17/19 23:27,"157 Walnut St, San Francisco, CA 94016"
208317,AA Batteries (4-pack),1,3.84,05/16/19 02:38,"950 Highland St, Portland, OR 97035"
208318,AA Batteries (4-pack),1,3.84,05/30/19 18:51,"897 River St, San Francisco, CA 94016"
208319,Wired Headphones,1,11.99,05/24/19 17:28,"603 Adams St, San Francisco, CA 94016"
208320,Apple Airpods Headphones,1,150,05/31/19 18:21,"985 Elm St, San Francisco, CA 94016"
208321,Lightning Charging Cable,1,14.95,05/15/19 21:25,"975 Hill St, Los Angeles, CA 90001"
208322,LG Dryer,1,600.0,05/15/19 11:00,"771 Highland St, Los Angeles, CA 90001"
208323,AAA Batteries (4-pack),2,2.99,05/06/19 14:41,"50 4th St, New York City, NY 10001"
208324,Wired Headphones,1,11.99,05/21/19 16:12,"887 1st St, Dallas, TX 75001"
208325,Wired Headphones,1,11.99,05/14/19 16:41,"915 Park St, San Francisco, CA 94016"
208326,Bose SoundSport Headphones,1,99.99,05/18/19 21:22,"9 Meadow St, San Francisco, CA 94016"
208327,Bose SoundSport Headphones,1,99.99,05/14/19 09:58,"111 1st St, Portland, OR 97035"
208328,Wired Headphones,1,11.99,05/20/19 15:36,"482 2nd St, Boston, MA 02215"
208329,Lightning Charging Cable,1,14.95,05/24/19 20:59,"843 Hickory St, Los Angeles, CA 90001"
208330,iPhone,1,700,05/01/19 10:11,"345 Jefferson St, San Francisco, CA 94016"
208331,Flatscreen TV,1,300,05/02/19 11:23,"842 5th St, Austin, TX 73301"
208332,iPhone,1,700,05/06/19 17:04,"429 Pine St, Los Angeles, CA 90001"
208333,Lightning Charging Cable,1,14.95,05/22/19 12:17,"865 Chestnut St, New York City, NY 10001"
208334,USB-C Charging Cable,1,11.95,05/14/19 14:08,"745 Lakeview St, Seattle, WA 98101"
208335,Wired Headphones,1,11.99,05/12/19 12:32,"25 Dogwood St, Boston, MA 02215"
208336,Apple Airpods Headphones,1,150,05/25/19 21:38,"989 14th St, Seattle, WA 98101"
208337,Apple Airpods Headphones,1,150,05/26/19 11:33,"372 Church St, Atlanta, GA 30301"
208338,Lightning Charging Cable,1,14.95,05/21/19 22:29,"836 Dogwood St, Austin, TX 73301"
208339,Apple Airpods Headphones,1,150,05/24/19 11:59,"989 Jefferson St, Atlanta, GA 30301"
208340,AAA Batteries (4-pack),1,2.99,05/06/19 23:30,"279 Forest St, Austin, TX 73301"
208341,AA Batteries (4-pack),3,3.84,05/08/19 13:49,"11 Chestnut St, San Francisco, CA 94016"
208342,AAA Batteries (4-pack),1,2.99,05/09/19 13:16,"545 7th St, New York City, NY 10001"
208343,Lightning Charging Cable,1,14.95,05/10/19 07:27,"341 Spruce St, Seattle, WA 98101"
208344,Lightning Charging Cable,1,14.95,05/31/19 12:10,"766 4th St, New York City, NY 10001"
208345,Wired Headphones,1,11.99,05/21/19 19:29,"792 1st St, New York City, NY 10001"
208346,Bose SoundSport Headphones,1,99.99,05/15/19 13:28,"489 4th St, Los Angeles, CA 90001"
208347,AA Batteries (4-pack),1,3.84,05/06/19 18:14,"91 Hickory St, San Francisco, CA 94016"
208348,Lightning Charging Cable,1,14.95,05/05/19 18:28,"469 Forest St, Austin, TX 73301"
208349,Bose SoundSport Headphones,1,99.99,05/13/19 03:36,"708 13th St, Austin, TX 73301"
208350,AAA Batteries (4-pack),1,2.99,05/29/19 09:26,"546 Cherry St, Seattle, WA 98101"
208351,AAA Batteries (4-pack),1,2.99,05/30/19 13:17,"867 Forest St, Los Angeles, CA 90001"
208352,Google Phone,1,600,05/04/19 16:38,"713 2nd St, San Francisco, CA 94016"
208353,AAA Batteries (4-pack),2,2.99,05/18/19 20:01,"987 8th St, Atlanta, GA 30301"
208354,Wired Headphones,1,11.99,05/11/19 15:52,"456 Park St, Boston, MA 02215"
208355,AA Batteries (4-pack),2,3.84,05/19/19 17:48,"390 Dogwood St, Seattle, WA 98101"
208356,USB-C Charging Cable,1,11.95,05/24/19 19:26,"809 Hill St, San Francisco, CA 94016"
208357,USB-C Charging Cable,2,11.95,05/24/19 14:06,"821 Jackson St, Portland, OR 97035"
208358,iPhone,1,700,05/01/19 09:32,"751 Meadow St, San Francisco, CA 94016"
208359,Wired Headphones,1,11.99,05/21/19 14:52,"558 Lake St, New York City, NY 10001"
208360,LG Dryer,1,600.0,05/26/19 21:38,"848 Dogwood St, San Francisco, CA 94016"
208361,Lightning Charging Cable,1,14.95,05/21/19 15:53,"702 Madison St, San Francisco, CA 94016"
208361,Apple Airpods Headphones,1,150,05/21/19 15:53,"702 Madison St, San Francisco, CA 94016"
208362,Lightning Charging Cable,1,14.95,05/21/19 21:18,"724 Lincoln St, Los Angeles, CA 90001"
208363,27in FHD Monitor,1,149.99,05/23/19 15:49,"383 Spruce St, San Francisco, CA 94016"
208364,AAA Batteries (4-pack),1,2.99,05/25/19 10:47,"679 Spruce St, Austin, TX 73301"
208365,Wired Headphones,1,11.99,05/13/19 16:47,"207 Wilson St, San Francisco, CA 94016"
208366,AAA Batteries (4-pack),1,2.99,05/18/19 01:58,"348 Madison St, Boston, MA 02215"
208367,27in FHD Monitor,1,149.99,05/06/19 18:36,"329 Pine St, Atlanta, GA 30301"
208368,27in FHD Monitor,1,149.99,05/02/19 10:04,"741 Pine St, Seattle, WA 98101"
208369,Bose SoundSport Headphones,1,99.99,05/25/19 13:47,"353 1st St, Los Angeles, CA 90001"
208369,Apple Airpods Headphones,1,150,05/25/19 13:47,"353 1st St, Los Angeles, CA 90001"
208370,Macbook Pro Laptop,1,1700,05/06/19 11:19,"480 11th St, Boston, MA 02215"
208371,Wired Headphones,1,11.99,05/29/19 15:01,"711 Lakeview St, San Francisco, CA 94016"
208372,Lightning Charging Cable,1,14.95,05/25/19 15:26,"458 North St, New York City, NY 10001"
208373,27in 4K Gaming Monitor,1,389.99,05/20/19 23:56,"556 5th St, Boston, MA 02215"
208374,Bose SoundSport Headphones,1,99.99,05/14/19 11:28,"578 Washington St, Boston, MA 02215"
208375,Bose SoundSport Headphones,1,99.99,05/19/19 12:27,"266 Highland St, Atlanta, GA 30301"
208376,AA Batteries (4-pack),1,3.84,05/05/19 05:12,"62 Sunset St, Austin, TX 73301"
208377,Wired Headphones,1,11.99,05/10/19 08:28,"867 Main St, Boston, MA 02215"
208378,Wired Headphones,1,11.99,05/19/19 12:27,"943 Center St, Portland, OR 97035"
208379,Bose SoundSport Headphones,1,99.99,05/19/19 13:57,"310 Park St, San Francisco, CA 94016"
208380,Bose SoundSport Headphones,1,99.99,05/25/19 19:25,"485 Spruce St, Atlanta, GA 30301"
208381,Google Phone,1,600,05/28/19 11:54,"850 Meadow St, Los Angeles, CA 90001"
208381,USB-C Charging Cable,1,11.95,05/28/19 11:54,"850 Meadow St, Los Angeles, CA 90001"
208382,ThinkPad Laptop,1,999.99,05/18/19 00:06,"865 Lakeview St, Austin, TX 73301"
208383,27in 4K Gaming Monitor,1,389.99,05/12/19 16:19,"152 9th St, Los Angeles, CA 90001"
208384,Apple Airpods Headphones,1,150,05/14/19 15:58,"895 Walnut St, Portland, OR 97035"
208385,USB-C Charging Cable,1,11.95,05/20/19 17:34,"805 10th St, Atlanta, GA 30301"
208386,Wired Headphones,1,11.99,05/28/19 15:19,"585 Cedar St, Los Angeles, CA 90001"
208387,AAA Batteries (4-pack),2,2.99,05/01/19 11:30,"172 1st St, New York City, NY 10001"
208388,Vareebadd Phone,1,400,05/05/19 14:06,"360 Sunset St, Atlanta, GA 30301"
208388,USB-C Charging Cable,2,11.95,05/05/19 14:06,"360 Sunset St, Atlanta, GA 30301"
208389,AA Batteries (4-pack),1,3.84,05/11/19 16:28,"436 South St, Los Angeles, CA 90001"
208390,34in Ultrawide Monitor,1,379.99,05/08/19 13:11,"663 South St, Dallas, TX 75001"
208391,Wired Headphones,1,11.99,05/17/19 10:47,"356 6th St, Seattle, WA 98101"
208392,Lightning Charging Cable,1,14.95,05/25/19 15:45,"727 Cedar St, San Francisco, CA 94016"
208393,Lightning Charging Cable,1,14.95,05/17/19 06:43,"73 River St, Los Angeles, CA 90001"
208394,Lightning Charging Cable,1,14.95,05/15/19 01:05,"449 10th St, Dallas, TX 75001"
208395,Apple Airpods Headphones,1,150,05/14/19 07:09,"229 13th St, Austin, TX 73301"
208396,AAA Batteries (4-pack),2,2.99,05/12/19 13:01,"941 Meadow St, Austin, TX 73301"
208397,USB-C Charging Cable,1,11.95,05/30/19 09:57,"113 Elm St, Dallas, TX 75001"
208398,AAA Batteries (4-pack),1,2.99,05/08/19 21:18,"193 Cherry St, Portland, OR 97035"
208399,Wired Headphones,1,11.99,05/26/19 13:40,"440 Lake St, San Francisco, CA 94016"
208400,27in FHD Monitor,1,149.99,05/14/19 11:53,"925 4th St, New York City, NY 10001"
208401,iPhone,1,700,05/20/19 09:00,"361 Lakeview St, Boston, MA 02215"
208401,Lightning Charging Cable,2,14.95,05/20/19 09:00,"361 Lakeview St, Boston, MA 02215"
208401,Apple Airpods Headphones,1,150,05/20/19 09:00,"361 Lakeview St, Boston, MA 02215"
208402,Lightning Charging Cable,1,14.95,05/12/19 18:54,"536 Meadow St, Dallas, TX 75001"
208403,Apple Airpods Headphones,1,150,05/11/19 22:09,"980 Chestnut St, Atlanta, GA 30301"
208404,AAA Batteries (4-pack),1,2.99,05/21/19 17:47,"350 1st St, Los Angeles, CA 90001"
208404,Lightning Charging Cable,1,14.95,05/21/19 17:47,"350 1st St, Los Angeles, CA 90001"
208405,Lightning Charging Cable,1,14.95,05/19/19 16:55,"107 River St, Portland, OR 97035"
208406,Bose SoundSport Headphones,1,99.99,05/04/19 12:40,"2 Spruce St, Boston, MA 02215"
208407,AA Batteries (4-pack),2,3.84,05/30/19 11:35,"592 Park St, Boston, MA 02215"
208408,AA Batteries (4-pack),1,3.84,05/20/19 23:11,"552 Main St, Portland, OR 97035"
208408,Google Phone,1,600,05/20/19 23:11,"552 Main St, Portland, OR 97035"
208409,ThinkPad Laptop,1,999.99,05/15/19 20:51,"125 Jackson St, Los Angeles, CA 90001"
208410,34in Ultrawide Monitor,1,379.99,05/10/19 18:30,"13 South St, San Francisco, CA 94016"
208411,Wired Headphones,1,11.99,05/30/19 12:22,"849 North St, Seattle, WA 98101"
208412,Lightning Charging Cable,1,14.95,05/09/19 12:59,"769 2nd St, San Francisco, CA 94016"
208413,Google Phone,1,600,05/22/19 17:30,"135 1st St, Boston, MA 02215"
208414,iPhone,1,700,05/31/19 14:20,"400 Center St, Boston, MA 02215"
208415,AA Batteries (4-pack),1,3.84,05/07/19 07:23,"625 Hickory St, San Francisco, CA 94016"
208416,Bose SoundSport Headphones,1,99.99,05/03/19 16:39,"471 14th St, San Francisco, CA 94016"
208417,Wired Headphones,1,11.99,05/26/19 18:39,"129 8th St, San Francisco, CA 94016"
208418,Lightning Charging Cable,1,14.95,05/06/19 07:48,"635 11th St, Austin, TX 73301"
208419,Wired Headphones,1,11.99,05/01/19 09:11,"614 Pine St, Seattle, WA 98101"
208420,Flatscreen TV,1,300,05/06/19 20:15,"802 Willow St, Seattle, WA 98101"
208421,AAA Batteries (4-pack),1,2.99,05/20/19 18:28,"105 Spruce St, Boston, MA 02215"
208422,AAA Batteries (4-pack),1,2.99,05/22/19 12:31,"560 Spruce St, New York City, NY 10001"
208423,AA Batteries (4-pack),1,3.84,05/23/19 03:36,"745 Walnut St, New York City, NY 10001"
208424,USB-C Charging Cable,1,11.95,05/29/19 15:10,"755 Sunset St, Seattle, WA 98101"
208425,Lightning Charging Cable,1,14.95,05/27/19 11:15,"882 Pine St, Boston, MA 02215"
208426,LG Washing Machine,1,600.0,05/02/19 12:14,"519 8th St, San Francisco, CA 94016"
208427,USB-C Charging Cable,1,11.95,05/20/19 09:03,"494 13th St, Portland, ME 04101"
208428,AA Batteries (4-pack),4,3.84,05/30/19 21:12,"88 Park St, Seattle, WA 98101"
208429,AA Batteries (4-pack),1,3.84,05/01/19 19:48,"803 11th St, San Francisco, CA 94016"
208430,Lightning Charging Cable,1,14.95,05/06/19 08:36,"184 Wilson St, New York City, NY 10001"
208431,AA Batteries (4-pack),2,3.84,05/14/19 06:46,"658 West St, San Francisco, CA 94016"
208432,Apple Airpods Headphones,1,150,05/21/19 21:45,"800 Willow St, New York City, NY 10001"
208433,AA Batteries (4-pack),1,3.84,05/19/19 19:21,"394 Jefferson St, Portland, OR 97035"
208434,AAA Batteries (4-pack),1,2.99,05/16/19 17:59,"328 7th St, Boston, MA 02215"
208435,Lightning Charging Cable,1,14.95,05/31/19 00:15,"160 4th St, San Francisco, CA 94016"
208436,Apple Airpods Headphones,1,150,05/27/19 00:51,"655 Ridge St, Atlanta, GA 30301"
208437,AA Batteries (4-pack),2,3.84,05/30/19 07:49,"9 Pine St, Austin, TX 73301"
208438,Wired Headphones,1,11.99,05/16/19 11:54,"269 Madison St, Dallas, TX 75001"
208439,AAA Batteries (4-pack),2,2.99,05/06/19 15:39,"729 Pine St, New York City, NY 10001"
208440,AAA Batteries (4-pack),1,2.99,05/22/19 09:13,"223 Church St, San Francisco, CA 94016"
208441,Wired Headphones,1,11.99,05/16/19 08:07,"221 10th St, San Francisco, CA 94016"
208442,Apple Airpods Headphones,1,150,05/14/19 15:49,"947 Lakeview St, San Francisco, CA 94016"
208443,Bose SoundSport Headphones,1,99.99,05/05/19 21:30,"528 Lake St, Atlanta, GA 30301"
208444,AAA Batteries (4-pack),1,2.99,05/20/19 14:56,"916 Main St, San Francisco, CA 94016"
208445,AAA Batteries (4-pack),1,2.99,05/16/19 11:32,"844 Church St, San Francisco, CA 94016"
208446,LG Dryer,1,600.0,05/08/19 09:15,"138 Pine St, Los Angeles, CA 90001"
208447,USB-C Charging Cable,1,11.95,05/25/19 13:06,"444 South St, Seattle, WA 98101"
208448,AAA Batteries (4-pack),3,2.99,05/09/19 07:55,"73 Elm St, San Francisco, CA 94016"
208449,27in FHD Monitor,1,149.99,05/16/19 02:26,"429 Maple St, Los Angeles, CA 90001"
208450,USB-C Charging Cable,1,11.95,05/12/19 13:01,"257 Meadow St, Atlanta, GA 30301"
208451,Google Phone,1,600,05/13/19 23:16,"752 Lake St, New York City, NY 10001"
208451,USB-C Charging Cable,1,11.95,05/13/19 23:16,"752 Lake St, New York City, NY 10001"
208452,Lightning Charging Cable,1,14.95,05/27/19 19:32,"805 7th St, New York City, NY 10001"
208453,USB-C Charging Cable,1,11.95,05/10/19 15:50,"474 8th St, Atlanta, GA 30301"
208454,Wired Headphones,1,11.99,05/03/19 12:06,"120 Ridge St, San Francisco, CA 94016"
208455,USB-C Charging Cable,1,11.95,05/09/19 10:55,"173 Sunset St, San Francisco, CA 94016"
208456,27in 4K Gaming Monitor,1,389.99,05/26/19 09:56,"404 Church St, Seattle, WA 98101"
208457,Vareebadd Phone,1,400,05/24/19 07:42,"306 Adams St, San Francisco, CA 94016"
208458,Lightning Charging Cable,1,14.95,05/31/19 19:22,"653 Jefferson St, New York City, NY 10001"
208459,AA Batteries (4-pack),1,3.84,05/11/19 06:13,"944 Jefferson St, San Francisco, CA 94016"
208460,Wired Headphones,1,11.99,05/18/19 17:43,"96 Willow St, Los Angeles, CA 90001"
208461,USB-C Charging Cable,1,11.95,05/19/19 08:58,"729 Madison St, Los Angeles, CA 90001"
208462,AA Batteries (4-pack),1,3.84,05/15/19 14:08,"677 Dogwood St, Dallas, TX 75001"
208463,AAA Batteries (4-pack),1,2.99,05/12/19 12:10,"434 2nd St, New York City, NY 10001"
208464,Wired Headphones,1,11.99,05/27/19 18:03,"580 Jackson St, Los Angeles, CA 90001"
208465,Apple Airpods Headphones,1,150,05/24/19 07:16,"418 Park St, Boston, MA 02215"
208466,27in 4K Gaming Monitor,1,389.99,05/22/19 21:44,"542 Main St, Portland, OR 97035"
208467,Wired Headphones,1,11.99,05/04/19 17:41,"31 Wilson St, San Francisco, CA 94016"
208468,Bose SoundSport Headphones,1,99.99,05/26/19 15:51,"882 Jackson St, Los Angeles, CA 90001"
208469,Lightning Charging Cable,1,14.95,05/27/19 21:19,"633 6th St, Atlanta, GA 30301"
208470,Lightning Charging Cable,1,14.95,05/23/19 14:58,"361 4th St, Atlanta, GA 30301"
208471,Flatscreen TV,1,300,05/13/19 10:01,"910 6th St, Austin, TX 73301"
208472,AA Batteries (4-pack),1,3.84,05/06/19 09:20,"531 Lincoln St, Portland, OR 97035"
208473,20in Monitor,1,109.99,05/10/19 18:53,"663 Hickory St, Portland, OR 97035"
208474,AAA Batteries (4-pack),1,2.99,05/09/19 11:37,"15 Lakeview St, San Francisco, CA 94016"
208475,Apple Airpods Headphones,1,150,05/09/19 21:42,"889 7th St, Seattle, WA 98101"
208476,AAA Batteries (4-pack),1,2.99,05/18/19 17:33,"393 Meadow St, Atlanta, GA 30301"
208477,AA Batteries (4-pack),2,3.84,05/06/19 19:13,"49 Lakeview St, New York City, NY 10001"
208478,34in Ultrawide Monitor,1,379.99,05/09/19 14:03,"119 Washington St, New York City, NY 10001"
208479,Macbook Pro Laptop,1,1700,05/29/19 15:11,"644 8th St, San Francisco, CA 94016"
208480,AA Batteries (4-pack),1,3.84,05/15/19 22:52,"791 Highland St, New York City, NY 10001"
208481,USB-C Charging Cable,1,11.95,05/27/19 16:22,"347 Pine St, San Francisco, CA 94016"
208482,27in FHD Monitor,1,149.99,05/23/19 13:45,"397 4th St, San Francisco, CA 94016"
208483,Apple Airpods Headphones,1,150,05/14/19 17:21,"853 12th St, San Francisco, CA 94016"
208484,Lightning Charging Cable,1,14.95,05/18/19 16:27,"922 Maple St, San Francisco, CA 94016"
208485,Wired Headphones,1,11.99,05/04/19 12:02,"357 Ridge St, Los Angeles, CA 90001"
208486,Flatscreen TV,1,300,05/18/19 14:03,"495 River St, Dallas, TX 75001"
208487,Flatscreen TV,1,300,05/23/19 00:43,"183 South St, Boston, MA 02215"
208488,27in FHD Monitor,1,149.99,05/10/19 19:52,"70 Center St, New York City, NY 10001"
208489,Lightning Charging Cable,1,14.95,05/28/19 13:24,"943 Madison St, New York City, NY 10001"
208490,Bose SoundSport Headphones,1,99.99,05/05/19 11:41,"792 Lake St, San Francisco, CA 94016"
208491,AA Batteries (4-pack),1,3.84,05/07/19 22:44,"812 Sunset St, San Francisco, CA 94016"
208492,Lightning Charging Cable,1,14.95,05/11/19 15:36,"818 6th St, San Francisco, CA 94016"
208493,Apple Airpods Headphones,1,150,05/17/19 10:53,"273 Sunset St, Dallas, TX 75001"
208493,USB-C Charging Cable,1,11.95,05/17/19 10:53,"273 Sunset St, Dallas, TX 75001"
208494,Apple Airpods Headphones,1,150,05/21/19 12:45,"793 Spruce St, San Francisco, CA 94016"
208495,27in 4K Gaming Monitor,1,389.99,05/22/19 06:47,"472 Hill St, New York City, NY 10001"
208496,iPhone,1,700,05/17/19 08:36,"161 1st St, San Francisco, CA 94016"
208497,27in FHD Monitor,1,149.99,05/02/19 16:47,"851 Ridge St, Seattle, WA 98101"
208498,USB-C Charging Cable,1,11.95,05/23/19 20:08,"444 Wilson St, San Francisco, CA 94016"
208499,Wired Headphones,1,11.99,05/13/19 14:29,"697 5th St, Boston, MA 02215"
208500,USB-C Charging Cable,1,11.95,05/28/19 20:55,"397 Lake St, Atlanta, GA 30301"
208501,iPhone,1,700,05/27/19 23:28,"666 Spruce St, New York City, NY 10001"
208501,Wired Headphones,1,11.99,05/27/19 23:28,"666 Spruce St, New York City, NY 10001"
208502,Apple Airpods Headphones,1,150,05/23/19 16:38,"970 Ridge St, New York City, NY 10001"
208503,Apple Airpods Headphones,1,150,05/12/19 18:29,"188 South St, San Francisco, CA 94016"
208504,USB-C Charging Cable,1,11.95,05/24/19 10:17,"331 Cherry St, Los Angeles, CA 90001"
208505,Wired Headphones,1,11.99,05/03/19 13:06,"832 Chestnut St, New York City, NY 10001"
208506,27in 4K Gaming Monitor,1,389.99,05/28/19 19:11,"810 8th St, Atlanta, GA 30301"
208507,Lightning Charging Cable,1,14.95,05/09/19 14:41,"907 Dogwood St, New York City, NY 10001"
208508,AA Batteries (4-pack),1,3.84,05/09/19 12:54,"742 River St, Austin, TX 73301"
208509,Macbook Pro Laptop,1,1700,05/17/19 10:35,"639 14th St, San Francisco, CA 94016"
208510,Macbook Pro Laptop,1,1700,05/26/19 11:35,"679 Cherry St, Los Angeles, CA 90001"
208511,USB-C Charging Cable,1,11.95,05/12/19 18:48,"396 Willow St, New York City, NY 10001"
208512,Lightning Charging Cable,1,14.95,05/07/19 18:24,"479 11th St, Seattle, WA 98101"
208513,AAA Batteries (4-pack),1,2.99,05/18/19 11:25,"506 4th St, Los Angeles, CA 90001"
208514,iPhone,1,700,05/20/19 15:41,"437 7th St, Portland, ME 04101"
208515,USB-C Charging Cable,1,11.95,05/17/19 23:46,"8 12th St, Atlanta, GA 30301"
208516,Macbook Pro Laptop,1,1700,05/05/19 18:41,"503 Ridge St, New York City, NY 10001"
208517,Google Phone,1,600,05/25/19 22:20,"734 13th St, Los Angeles, CA 90001"
208518,Wired Headphones,1,11.99,05/12/19 17:19,"115 Jackson St, Los Angeles, CA 90001"
208519,AAA Batteries (4-pack),1,2.99,05/05/19 16:14,"218 Cedar St, San Francisco, CA 94016"
208520,27in FHD Monitor,1,149.99,05/06/19 21:24,"656 Cherry St, Seattle, WA 98101"
208521,Macbook Pro Laptop,1,1700,05/19/19 08:29,"909 9th St, Los Angeles, CA 90001"
208522,27in FHD Monitor,1,149.99,05/09/19 20:27,"373 West St, Austin, TX 73301"
208523,AAA Batteries (4-pack),2,2.99,05/02/19 09:58,"540 West St, Seattle, WA 98101"
208524,20in Monitor,1,109.99,05/08/19 09:29,"87 Adams St, San Francisco, CA 94016"
208525,iPhone,1,700,05/01/19 19:41,"944 13th St, San Francisco, CA 94016"
208526,Lightning Charging Cable,1,14.95,05/06/19 08:20,"956 7th St, San Francisco, CA 94016"
208527,Bose SoundSport Headphones,1,99.99,05/31/19 11:35,"990 South St, Portland, OR 97035"
208528,Bose SoundSport Headphones,1,99.99,05/24/19 18:21,"720 Chestnut St, Los Angeles, CA 90001"
208529,Wired Headphones,1,11.99,05/05/19 12:43,"893 Meadow St, New York City, NY 10001"
208530,Apple Airpods Headphones,1,150,05/06/19 16:44,"282 Main St, Seattle, WA 98101"
208531,iPhone,1,700,05/13/19 22:07,"669 Willow St, Boston, MA 02215"
208532,AAA Batteries (4-pack),1,2.99,05/12/19 13:26,"692 North St, San Francisco, CA 94016"
208533,Bose SoundSport Headphones,1,99.99,05/19/19 22:02,"78 Highland St, Los Angeles, CA 90001"
208534,iPhone,1,700,05/21/19 21:33,"665 10th St, Atlanta, GA 30301"
208534,Lightning Charging Cable,1,14.95,05/21/19 21:33,"665 10th St, Atlanta, GA 30301"
208534,Wired Headphones,1,11.99,05/21/19 21:33,"665 10th St, Atlanta, GA 30301"
208535,USB-C Charging Cable,1,11.95,05/24/19 15:52,"642 Sunset St, Dallas, TX 75001"
208536,ThinkPad Laptop,1,999.99,05/29/19 11:42,"7 Ridge St, Los Angeles, CA 90001"
208537,Apple Airpods Headphones,1,150,05/29/19 10:19,"60 10th St, Boston, MA 02215"
208538,AA Batteries (4-pack),2,3.84,05/13/19 13:21,"471 North St, San Francisco, CA 94016"
208539,AAA Batteries (4-pack),2,2.99,05/22/19 15:49,"294 8th St, Portland, ME 04101"
208540,Wired Headphones,1,11.99,05/24/19 10:15,"245 Walnut St, New York City, NY 10001"
208541,Google Phone,1,600,05/17/19 11:00,"345 South St, Atlanta, GA 30301"
208542,Lightning Charging Cable,1,14.95,05/19/19 20:38,"783 Walnut St, Boston, MA 02215"
208543,Apple Airpods Headphones,1,150,05/26/19 14:26,"375 West St, New York City, NY 10001"
208544,27in FHD Monitor,1,149.99,05/27/19 14:39,"523 Lincoln St, Austin, TX 73301"
208545,Lightning Charging Cable,1,14.95,05/14/19 19:41,"896 13th St, Portland, OR 97035"
208546,USB-C Charging Cable,1,11.95,05/10/19 09:07,"941 Walnut St, Los Angeles, CA 90001"
208547,Bose SoundSport Headphones,1,99.99,05/08/19 02:41,"168 Madison St, New York City, NY 10001"
208548,AA Batteries (4-pack),2,3.84,05/14/19 16:31,"624 West St, Los Angeles, CA 90001"
208549,Flatscreen TV,1,300,05/13/19 10:30,"283 Washington St, Portland, OR 97035"
208550,Bose SoundSport Headphones,1,99.99,05/01/19 22:39,"821 North St, New York City, NY 10001"
208551,iPhone,1,700,05/17/19 19:44,"120 Forest St, Dallas, TX 75001"
208552,Bose SoundSport Headphones,1,99.99,05/10/19 08:34,"147 Park St, Atlanta, GA 30301"
208553,Apple Airpods Headphones,1,150,05/03/19 19:09,"225 5th St, Los Angeles, CA 90001"
208554,27in FHD Monitor,1,149.99,05/29/19 14:14,"836 South St, New York City, NY 10001"
208555,AA Batteries (4-pack),2,3.84,05/22/19 23:31,"400 Sunset St, San Francisco, CA 94016"
208556,Lightning Charging Cable,1,14.95,05/21/19 10:19,"463 Jackson St, Dallas, TX 75001"
208557,AAA Batteries (4-pack),1,2.99,05/13/19 14:00,"337 Walnut St, Boston, MA 02215"
208558,Google Phone,1,600,05/05/19 18:37,"813 Walnut St, New York City, NY 10001"
208558,USB-C Charging Cable,1,11.95,05/05/19 18:37,"813 Walnut St, New York City, NY 10001"
208559,Apple Airpods Headphones,1,150,05/11/19 05:55,"955 Jackson St, Boston, MA 02215"
208560,USB-C Charging Cable,1,11.95,05/08/19 19:40,"291 Park St, Atlanta, GA 30301"
208561,USB-C Charging Cable,1,11.95,05/29/19 21:57,"84 9th St, Austin, TX 73301"
208562,Lightning Charging Cable,1,14.95,05/29/19 19:27,"641 Chestnut St, San Francisco, CA 94016"
208563,AAA Batteries (4-pack),1,2.99,05/23/19 19:00,"88 Lincoln St, San Francisco, CA 94016"
208564,Lightning Charging Cable,1,14.95,05/16/19 18:54,"629 Highland St, Portland, OR 97035"
208564,USB-C Charging Cable,1,11.95,05/16/19 18:54,"629 Highland St, Portland, OR 97035"
208565,Wired Headphones,1,11.99,05/09/19 12:36,"374 Lake St, San Francisco, CA 94016"
208566,27in 4K Gaming Monitor,1,389.99,05/14/19 10:11,"95 12th St, Austin, TX 73301"
208567,Apple Airpods Headphones,1,150,05/01/19 19:22,"670 Spruce St, New York City, NY 10001"
208568,ThinkPad Laptop,1,999.99,05/13/19 14:51,"885 Jackson St, Dallas, TX 75001"
208569,AA Batteries (4-pack),3,3.84,05/21/19 23:31,"278 Maple St, Seattle, WA 98101"
208570,Apple Airpods Headphones,1,150,05/12/19 21:47,"743 Lincoln St, San Francisco, CA 94016"
208571,USB-C Charging Cable,1,11.95,05/17/19 19:30,"992 Meadow St, Los Angeles, CA 90001"
208572,AA Batteries (4-pack),1,3.84,05/30/19 09:37,"194 Forest St, Seattle, WA 98101"
208573,Bose SoundSport Headphones,1,99.99,05/01/19 17:06,"774 Pine St, San Francisco, CA 94016"
208574,AAA Batteries (4-pack),2,2.99,05/06/19 10:11,"205 Lake St, Dallas, TX 75001"
208575,Google Phone,1,600,05/12/19 18:08,"13 River St, San Francisco, CA 94016"
208576,34in Ultrawide Monitor,1,379.99,05/10/19 00:37,"814 Pine St, Portland, OR 97035"
208577,Wired Headphones,1,11.99,05/22/19 11:51,"597 Forest St, San Francisco, CA 94016"
208577,AA Batteries (4-pack),2,3.84,05/22/19 11:51,"597 Forest St, San Francisco, CA 94016"
208578,AA Batteries (4-pack),1,3.84,05/28/19 12:45,"211 10th St, New York City, NY 10001"
208579,Flatscreen TV,1,300,05/06/19 11:16,"70 Jackson St, Boston, MA 02215"
208580,27in 4K Gaming Monitor,1,389.99,05/23/19 23:18,"448 6th St, San Francisco, CA 94016"
208581,Wired Headphones,1,11.99,05/20/19 17:27,"89 Jackson St, San Francisco, CA 94016"
208582,AAA Batteries (4-pack),1,2.99,05/19/19 20:36,"390 14th St, Boston, MA 02215"
208583,AA Batteries (4-pack),2,3.84,05/29/19 15:12,"640 Cedar St, Dallas, TX 75001"
208584,AAA Batteries (4-pack),1,2.99,05/19/19 08:43,"135 11th St, San Francisco, CA 94016"
208585,27in 4K Gaming Monitor,1,389.99,05/05/19 14:47,"295 Meadow St, Dallas, TX 75001"
208586,34in Ultrawide Monitor,1,379.99,05/14/19 22:56,"66 2nd St, Los Angeles, CA 90001"
208587,USB-C Charging Cable,1,11.95,05/22/19 07:00,"113 13th St, New York City, NY 10001"
208588,Wired Headphones,1,11.99,05/10/19 10:51,"333 Jackson St, Boston, MA 02215"
208589,AA Batteries (4-pack),1,3.84,05/09/19 01:46,"15 Meadow St, Atlanta, GA 30301"
208590,USB-C Charging Cable,1,11.95,05/10/19 18:48,"319 2nd St, Los Angeles, CA 90001"
208591,USB-C Charging Cable,1,11.95,05/22/19 11:41,"801 Jackson St, San Francisco, CA 94016"
208592,AA Batteries (4-pack),2,3.84,05/04/19 10:12,"920 13th St, New York City, NY 10001"
208593,ThinkPad Laptop,1,999.99,05/10/19 00:58,"76 Johnson St, Austin, TX 73301"
208594,Lightning Charging Cable,1,14.95,05/10/19 13:41,"615 Dogwood St, Atlanta, GA 30301"
208595,Flatscreen TV,1,300,05/09/19 17:23,"952 Elm St, Boston, MA 02215"
208596,AA Batteries (4-pack),1,3.84,05/09/19 12:48,"923 West St, Dallas, TX 75001"
208596,Macbook Pro Laptop,1,1700,05/09/19 12:48,"923 West St, Dallas, TX 75001"
208597,AA Batteries (4-pack),1,3.84,05/31/19 21:19,"352 Meadow St, Atlanta, GA 30301"
208598,27in FHD Monitor,1,149.99,05/20/19 12:50,"357 Lakeview St, New York City, NY 10001"
208599,Flatscreen TV,1,300,05/31/19 23:35,"159 Dogwood St, Dallas, TX 75001"
208600,Google Phone,1,600,05/15/19 08:52,"848 13th St, San Francisco, CA 94016"
208601,Macbook Pro Laptop,1,1700,05/04/19 17:57,"537 Walnut St, Los Angeles, CA 90001"
208602,Wired Headphones,1,11.99,05/31/19 10:17,"526 Wilson St, San Francisco, CA 94016"
208603,USB-C Charging Cable,1,11.95,05/05/19 12:39,"269 Hill St, Boston, MA 02215"
208604,Flatscreen TV,1,300,05/05/19 16:40,"703 Dogwood St, New York City, NY 10001"
208605,20in Monitor,1,109.99,05/03/19 15:55,"413 Lake St, Austin, TX 73301"
208606,Wired Headphones,1,11.99,05/09/19 11:08,"168 7th St, Boston, MA 02215"
208607,Lightning Charging Cable,1,14.95,05/04/19 01:35,"693 9th St, Atlanta, GA 30301"
208608,AA Batteries (4-pack),1,3.84,05/31/19 21:00,"723 Pine St, Los Angeles, CA 90001"
208609,Lightning Charging Cable,1,14.95,05/20/19 15:04,"147 Hickory St, Seattle, WA 98101"
208610,Apple Airpods Headphones,1,150,05/19/19 18:58,"29 Cherry St, Seattle, WA 98101"
208611,Bose SoundSport Headphones,1,99.99,05/25/19 11:04,"375 Maple St, Boston, MA 02215"
208612,27in 4K Gaming Monitor,1,389.99,05/16/19 20:56,"41 Madison St, New York City, NY 10001"
208613,Apple Airpods Headphones,1,150,05/21/19 20:16,"318 Washington St, San Francisco, CA 94016"
208614,USB-C Charging Cable,1,11.95,05/07/19 23:22,"290 Sunset St, Seattle, WA 98101"
208615,27in FHD Monitor,1,149.99,05/02/19 15:20,"268 Spruce St, San Francisco, CA 94016"
208616,iPhone,1,700,05/30/19 00:28,"984 Hickory St, Boston, MA 02215"
208617,Lightning Charging Cable,1,14.95,05/25/19 19:57,"618 Ridge St, Dallas, TX 75001"
208618,Apple Airpods Headphones,1,150,05/27/19 13:24,"234 Meadow St, Seattle, WA 98101"
208619,AAA Batteries (4-pack),1,2.99,05/11/19 01:11,"681 North St, Boston, MA 02215"
208620,Flatscreen TV,1,300,05/13/19 20:59,"374 11th St, Dallas, TX 75001"
208621,Wired Headphones,1,11.99,05/18/19 21:01,"48 Wilson St, Los Angeles, CA 90001"
208622,Bose SoundSport Headphones,1,99.99,05/30/19 18:51,"175 Hill St, Boston, MA 02215"
208623,USB-C Charging Cable,1,11.95,05/18/19 10:20,"819 Spruce St, Atlanta, GA 30301"
208624,USB-C Charging Cable,1,11.95,05/02/19 14:07,"502 River St, New York City, NY 10001"
208625,Wired Headphones,1,11.99,05/17/19 10:31,"27 Spruce St, San Francisco, CA 94016"
208626,27in 4K Gaming Monitor,1,389.99,05/25/19 15:15,"94 Highland St, New York City, NY 10001"
208627,Apple Airpods Headphones,1,150,05/20/19 23:43,"527 West St, Atlanta, GA 30301"
208628,USB-C Charging Cable,1,11.95,05/09/19 05:44,"701 Maple St, Austin, TX 73301"
208629,iPhone,1,700,05/13/19 17:07,"770 Lincoln St, Los Angeles, CA 90001"
208630,Apple Airpods Headphones,1,150,05/18/19 10:59,"484 River St, New York City, NY 10001"
208631,Apple Airpods Headphones,1,150,05/08/19 22:31,"701 Forest St, Atlanta, GA 30301"
208632,Vareebadd Phone,1,400,05/14/19 18:58,"437 Park St, San Francisco, CA 94016"
208633,Wired Headphones,1,11.99,05/13/19 23:08,"539 Dogwood St, Los Angeles, CA 90001"
208634,Macbook Pro Laptop,1,1700,05/17/19 12:20,"449 14th St, Portland, OR 97035"
208635,27in 4K Gaming Monitor,1,389.99,05/30/19 10:09,"815 Cedar St, New York City, NY 10001"
208636,Lightning Charging Cable,1,14.95,05/30/19 22:38,"888 Main St, Austin, TX 73301"
208637,Lightning Charging Cable,1,14.95,05/07/19 12:07,"686 Ridge St, Dallas, TX 75001"
208638,Macbook Pro Laptop,1,1700,05/20/19 18:01,"785 2nd St, Los Angeles, CA 90001"
208639,Lightning Charging Cable,1,14.95,05/09/19 18:37,"134 9th St, San Francisco, CA 94016"
208640,AA Batteries (4-pack),1,3.84,05/23/19 11:49,"578 5th St, Dallas, TX 75001"
208641,iPhone,1,700,05/26/19 12:07,"856 Meadow St, San Francisco, CA 94016"
208642,20in Monitor,1,109.99,05/03/19 11:55,"7 Lake St, Atlanta, GA 30301"
208643,AA Batteries (4-pack),3,3.84,05/22/19 16:41,"849 Cherry St, Dallas, TX 75001"
208644,AA Batteries (4-pack),2,3.84,05/15/19 19:59,"988 Madison St, Seattle, WA 98101"
208645,27in 4K Gaming Monitor,1,389.99,05/07/19 11:36,"466 Jackson St, New York City, NY 10001"
208645,27in FHD Monitor,1,149.99,05/07/19 11:36,"466 Jackson St, New York City, NY 10001"
208646,Wired Headphones,1,11.99,05/09/19 14:35,"48 7th St, Seattle, WA 98101"
208647,Wired Headphones,1,11.99,05/05/19 19:58,"343 Dogwood St, San Francisco, CA 94016"
208648,Macbook Pro Laptop,1,1700,05/22/19 11:44,"244 14th St, New York City, NY 10001"
208649,Macbook Pro Laptop,1,1700,05/11/19 18:03,"180 West St, San Francisco, CA 94016"
208650,USB-C Charging Cable,1,11.95,05/01/19 11:04,"86 Pine St, Dallas, TX 75001"
208651,27in FHD Monitor,1,149.99,05/24/19 17:44,"337 Lakeview St, Austin, TX 73301"
208652,USB-C Charging Cable,1,11.95,05/20/19 19:08,"713 2nd St, Los Angeles, CA 90001"
208653,Flatscreen TV,1,300,05/08/19 05:47,"855 South St, Boston, MA 02215"
208654,34in Ultrawide Monitor,1,379.99,05/07/19 12:04,"508 West St, San Francisco, CA 94016"
208655,Lightning Charging Cable,1,14.95,05/17/19 18:18,"486 Dogwood St, San Francisco, CA 94016"
208656,Wired Headphones,1,11.99,05/26/19 19:09,"181 10th St, Boston, MA 02215"
208657,AAA Batteries (4-pack),1,2.99,05/17/19 00:06,"298 Center St, Seattle, WA 98101"
208658,ThinkPad Laptop,1,999.99,05/28/19 19:13,"44 10th St, Boston, MA 02215"
208659,Google Phone,1,600,05/01/19 10:41,"320 Maple St, San Francisco, CA 94016"
208660,AA Batteries (4-pack),1,3.84,05/22/19 04:39,"593 4th St, Atlanta, GA 30301"
208661,USB-C Charging Cable,1,11.95,05/26/19 12:52,"665 Spruce St, San Francisco, CA 94016"
208662,34in Ultrawide Monitor,1,379.99,05/14/19 12:31,"189 Cherry St, San Francisco, CA 94016"
208663,Apple Airpods Headphones,1,150,05/18/19 14:26,"150 Highland St, Atlanta, GA 30301"
208664,AA Batteries (4-pack),2,3.84,05/12/19 13:05,"137 13th St, Seattle, WA 98101"
208665,Wired Headphones,1,11.99,05/16/19 14:53,"41 13th St, San Francisco, CA 94016"
208666,AA Batteries (4-pack),1,3.84,05/02/19 11:14,"642 South St, San Francisco, CA 94016"
208667,Apple Airpods Headphones,1,150,05/11/19 17:43,"682 Maple St, Seattle, WA 98101"
208668,27in 4K Gaming Monitor,1,389.99,05/12/19 16:32,"515 Hill St, Los Angeles, CA 90001"
208669,Wired Headphones,1,11.99,05/31/19 13:30,"461 4th St, Dallas, TX 75001"
208670,Bose SoundSport Headphones,1,99.99,05/27/19 19:15,"878 Hill St, New York City, NY 10001"
208671,AA Batteries (4-pack),3,3.84,05/29/19 06:31,"452 9th St, Boston, MA 02215"
208672,Apple Airpods Headphones,1,150,05/05/19 21:06,"277 Elm St, San Francisco, CA 94016"
208673,Apple Airpods Headphones,1,150,05/31/19 01:48,"164 Adams St, Atlanta, GA 30301"
208674,Bose SoundSport Headphones,1,99.99,05/18/19 12:17,"690 8th St, New York City, NY 10001"
208675,Bose SoundSport Headphones,1,99.99,05/06/19 19:22,"600 Johnson St, San Francisco, CA 94016"
208676,USB-C Charging Cable,1,11.95,05/17/19 21:06,"371 Cherry St, San Francisco, CA 94016"
208677,Apple Airpods Headphones,1,150,05/13/19 20:01,"413 West St, New York City, NY 10001"
208678,Wired Headphones,1,11.99,05/04/19 17:36,"681 Lakeview St, San Francisco, CA 94016"
208679,27in FHD Monitor,1,149.99,05/04/19 09:43,"335 Cherry St, Portland, OR 97035"
208680,Wired Headphones,1,11.99,05/04/19 10:28,"689 6th St, San Francisco, CA 94016"
208681,34in Ultrawide Monitor,1,379.99,05/04/19 20:23,"30 1st St, Austin, TX 73301"
208682,Wired Headphones,1,11.99,05/25/19 06:15,"780 Madison St, New York City, NY 10001"
208683,USB-C Charging Cable,2,11.95,05/24/19 20:00,"629 10th St, Dallas, TX 75001"
208684,Apple Airpods Headphones,1,150,05/06/19 13:06,"951 Park St, Atlanta, GA 30301"
208685,Bose SoundSport Headphones,1,99.99,05/30/19 09:15,"919 Lake St, Los Angeles, CA 90001"
208686,USB-C Charging Cable,1,11.95,05/23/19 17:22,"170 Adams St, Atlanta, GA 30301"
208687,USB-C Charging Cable,1,11.95,05/19/19 10:12,"5 Jefferson St, Seattle, WA 98101"
208688,iPhone,1,700,05/03/19 13:16,"92 Elm St, San Francisco, CA 94016"
208689,iPhone,1,700,05/29/19 12:57,"42 Forest St, Atlanta, GA 30301"
208690,34in Ultrawide Monitor,1,379.99,05/18/19 14:20,"132 Madison St, Los Angeles, CA 90001"
208691,AAA Batteries (4-pack),1,2.99,05/13/19 11:23,"686 Jefferson St, Los Angeles, CA 90001"
208692,AAA Batteries (4-pack),2,2.99,05/03/19 21:14,"774 Ridge St, Los Angeles, CA 90001"
208693,AA Batteries (4-pack),3,3.84,05/04/19 02:18,"933 Cedar St, San Francisco, CA 94016"
208694,USB-C Charging Cable,1,11.95,05/17/19 11:37,"296 Forest St, Austin, TX 73301"
208695,Apple Airpods Headphones,1,150,05/31/19 22:53,"256 Hill St, San Francisco, CA 94016"
208696,Lightning Charging Cable,1,14.95,05/11/19 13:26,"822 Maple St, San Francisco, CA 94016"
208697,AA Batteries (4-pack),1,3.84,05/08/19 13:27,"110 9th St, New York City, NY 10001"
208698,USB-C Charging Cable,1,11.95,05/20/19 11:46,"723 Jefferson St, San Francisco, CA 94016"
208699,Lightning Charging Cable,1,14.95,05/28/19 17:44,"398 Main St, Austin, TX 73301"
208700,USB-C Charging Cable,1,11.95,05/21/19 10:40,"352 Church St, Boston, MA 02215"
208701,Lightning Charging Cable,1,14.95,05/02/19 13:55,"270 Washington St, Los Angeles, CA 90001"
208702,27in FHD Monitor,1,149.99,05/15/19 19:39,"91 Washington St, San Francisco, CA 94016"
208703,AA Batteries (4-pack),1,3.84,05/13/19 03:53,"342 2nd St, San Francisco, CA 94016"
208704,AAA Batteries (4-pack),2,2.99,05/06/19 20:03,"624 Hickory St, Los Angeles, CA 90001"
208705,Bose SoundSport Headphones,1,99.99,05/25/19 10:28,"115 Washington St, Boston, MA 02215"
208706,AAA Batteries (4-pack),1,2.99,05/22/19 11:50,"200 10th St, New York City, NY 10001"
208707,34in Ultrawide Monitor,1,379.99,05/10/19 20:34,"283 River St, Boston, MA 02215"
208708,27in 4K Gaming Monitor,1,389.99,05/03/19 23:31,"548 Ridge St, Portland, OR 97035"
208709,Apple Airpods Headphones,1,150,05/01/19 11:29,"846 Highland St, San Francisco, CA 94016"
208710,AAA Batteries (4-pack),3,2.99,05/27/19 10:50,"915 4th St, Atlanta, GA 30301"
208711,Lightning Charging Cable,1,14.95,05/28/19 00:18,"768 Pine St, Boston, MA 02215"
208712,27in FHD Monitor,1,149.99,05/10/19 14:43,"567 Adams St, Dallas, TX 75001"
208713,AAA Batteries (4-pack),1,2.99,05/04/19 10:38,"420 Washington St, Boston, MA 02215"
208714,AA Batteries (4-pack),1,3.84,05/13/19 06:36,"160 Lakeview St, San Francisco, CA 94016"
208715,USB-C Charging Cable,1,11.95,05/26/19 18:23,"496 Highland St, Atlanta, GA 30301"
208716,USB-C Charging Cable,1,11.95,05/18/19 17:46,"419 Center St, Portland, ME 04101"
208717,Apple Airpods Headphones,1,150,05/17/19 20:13,"117 9th St, Austin, TX 73301"
208718,Apple Airpods Headphones,1,150,05/08/19 02:41,"840 Meadow St, San Francisco, CA 94016"
208719,Apple Airpods Headphones,1,150,05/23/19 00:03,"589 North St, Seattle, WA 98101"
208720,Wired Headphones,1,11.99,05/16/19 09:56,"114 13th St, Austin, TX 73301"
208721,Google Phone,1,600,05/29/19 20:00,"526 Highland St, San Francisco, CA 94016"
208722,ThinkPad Laptop,1,999.99,05/15/19 06:31,"959 West St, Dallas, TX 75001"
208723,Apple Airpods Headphones,1,150,05/15/19 12:57,"500 Dogwood St, New York City, NY 10001"
208724,AA Batteries (4-pack),1,3.84,05/25/19 19:12,"801 4th St, Boston, MA 02215"
208725,AA Batteries (4-pack),1,3.84,05/13/19 11:46,"417 6th St, San Francisco, CA 94016"
208726,Apple Airpods Headphones,1,150,05/20/19 16:03,"136 Lake St, San Francisco, CA 94016"
208727,Wired Headphones,2,11.99,05/16/19 14:31,"771 West St, Seattle, WA 98101"
208728,Lightning Charging Cable,1,14.95,05/24/19 10:22,"369 River St, Portland, OR 97035"
208729,AAA Batteries (4-pack),2,2.99,05/07/19 07:55,"36 Walnut St, Los Angeles, CA 90001"
208730,AA Batteries (4-pack),1,3.84,05/05/19 13:38,"188 North St, Los Angeles, CA 90001"
208731,LG Washing Machine,1,600.0,05/08/19 08:53,"464 Church St, New York City, NY 10001"
208732,27in FHD Monitor,1,149.99,05/26/19 23:27,"732 Cherry St, Portland, OR 97035"
208733,Macbook Pro Laptop,1,1700,05/05/19 11:46,"761 7th St, San Francisco, CA 94016"
208734,Wired Headphones,1,11.99,05/29/19 18:06,"557 Adams St, New York City, NY 10001"
208735,Google Phone,1,600,05/20/19 11:58,"514 5th St, Boston, MA 02215"
208736,LG Washing Machine,1,600.0,05/02/19 14:56,"477 Hill St, San Francisco, CA 94016"
208737,Wired Headphones,1,11.99,05/09/19 20:19,"574 Main St, Atlanta, GA 30301"
208738,AAA Batteries (4-pack),1,2.99,05/19/19 15:44,"550 11th St, Los Angeles, CA 90001"
208739,Google Phone,1,600,05/17/19 22:25,"932 Chestnut St, San Francisco, CA 94016"
208740,AAA Batteries (4-pack),1,2.99,05/13/19 19:15,"757 Center St, New York City, NY 10001"
208741,Bose SoundSport Headphones,1,99.99,05/09/19 10:23,"240 Main St, New York City, NY 10001"
208742,Lightning Charging Cable,1,14.95,05/19/19 12:52,"381 West St, Atlanta, GA 30301"
208743,USB-C Charging Cable,1,11.95,05/18/19 19:19,"208 River St, Atlanta, GA 30301"
208744,AA Batteries (4-pack),1,3.84,05/10/19 14:45,"549 Adams St, San Francisco, CA 94016"
208745,Lightning Charging Cable,1,14.95,05/26/19 17:21,"88 14th St, Atlanta, GA 30301"
208746,AAA Batteries (4-pack),1,2.99,05/12/19 21:59,"327 11th St, Portland, OR 97035"
208747,Lightning Charging Cable,1,14.95,05/11/19 15:02,"391 Lincoln St, San Francisco, CA 94016"
208748,AAA Batteries (4-pack),2,2.99,05/07/19 19:21,"441 6th St, Boston, MA 02215"
208749,Apple Airpods Headphones,1,150,05/21/19 18:06,"767 Church St, Portland, ME 04101"
208750,USB-C Charging Cable,1,11.95,05/26/19 18:20,"803 7th St, San Francisco, CA 94016"
208751,AA Batteries (4-pack),1,3.84,05/04/19 20:43,"777 2nd St, Boston, MA 02215"
208752,Wired Headphones,1,11.99,05/17/19 20:19,"394 11th St, Los Angeles, CA 90001"
208753,AA Batteries (4-pack),1,3.84,05/11/19 16:10,"885 8th St, San Francisco, CA 94016"
208754,Bose SoundSport Headphones,1,99.99,05/30/19 21:45,"47 Jefferson St, Boston, MA 02215"
208755,iPhone,1,700,05/09/19 10:17,"447 Center St, San Francisco, CA 94016"
208755,Lightning Charging Cable,1,14.95,05/09/19 10:17,"447 Center St, San Francisco, CA 94016"
208756,Apple Airpods Headphones,1,150,05/22/19 08:37,"904 Willow St, Los Angeles, CA 90001"
208757,LG Dryer,1,600.0,05/09/19 12:42,"490 2nd St, Los Angeles, CA 90001"
208758,ThinkPad Laptop,1,999.99,05/06/19 17:22,"342 Sunset St, Atlanta, GA 30301"
208759,USB-C Charging Cable,2,11.95,05/30/19 16:55,"908 1st St, New York City, NY 10001"
208760,AAA Batteries (4-pack),3,2.99,05/19/19 10:32,"638 Highland St, Portland, OR 97035"
208761,Flatscreen TV,1,300,05/03/19 21:06,"864 Cedar St, Los Angeles, CA 90001"
208762,Wired Headphones,1,11.99,05/31/19 13:31,"597 River St, San Francisco, CA 94016"
208763,20in Monitor,1,109.99,05/06/19 11:20,"128 7th St, Los Angeles, CA 90001"
208764,Lightning Charging Cable,1,14.95,05/21/19 03:32,"849 Elm St, San Francisco, CA 94016"
208765,Bose SoundSport Headphones,1,99.99,05/10/19 17:43,"529 13th St, New York City, NY 10001"
208766,Wired Headphones,1,11.99,05/04/19 17:53,"261 Highland St, San Francisco, CA 94016"
208767,Bose SoundSport Headphones,1,99.99,05/30/19 07:38,"404 Washington St, Seattle, WA 98101"
208768,ThinkPad Laptop,1,999.99,05/16/19 19:06,"682 2nd St, San Francisco, CA 94016"
208769,Lightning Charging Cable,1,14.95,05/29/19 13:29,"214 Walnut St, Austin, TX 73301"
208770,AAA Batteries (4-pack),1,2.99,05/23/19 12:19,"863 Lake St, Boston, MA 02215"
208771,20in Monitor,1,109.99,05/31/19 18:18,"11 Meadow St, Dallas, TX 75001"
208772,Wired Headphones,1,11.99,05/14/19 10:46,"220 North St, Boston, MA 02215"
Order ID,Product,Quantity Ordered,Price Each,Order Date,Purchase Address
208773,Apple Airpods Headphones,1,150,05/14/19 15:07,"520 14th St, New York City, NY 10001"
208774,AAA Batteries (4-pack),1,2.99,05/13/19 21:08,"585 Hill St, Portland, OR 97035"
208774,AA Batteries (4-pack),1,3.84,05/13/19 21:08,"585 Hill St, Portland, OR 97035"
208775,LG Washing Machine,1,600.0,05/11/19 11:19,"725 Madison St, Dallas, TX 75001"
208776,Wired Headphones,1,11.99,05/09/19 09:37,"626 Cedar St, New York City, NY 10001"
208777,ThinkPad Laptop,1,999.99,05/13/19 14:45,"650 Adams St, Boston, MA 02215"
208778,Wired Headphones,1,11.99,05/24/19 11:12,"536 Center St, Austin, TX 73301"
208779,Bose SoundSport Headphones,1,99.99,05/07/19 19:49,"232 5th St, Portland, OR 97035"
208780,AAA Batteries (4-pack),1,2.99,05/22/19 09:01,"955 5th St, Seattle, WA 98101"
208781,USB-C Charging Cable,1,11.95,05/08/19 14:52,"845 Dogwood St, Austin, TX 73301"
208782,20in Monitor,1,109.99,05/13/19 07:44,"230 Wilson St, Austin, TX 73301"
208783,ThinkPad Laptop,1,999.99,05/01/19 16:19,"860 Park St, Dallas, TX 75001"
208784,Macbook Pro Laptop,1,1700,05/06/19 20:09,"35 5th St, San Francisco, CA 94016"
208785,Bose SoundSport Headphones,1,99.99,05/22/19 20:51,"851 12th St, Dallas, TX 75001"
208786,AAA Batteries (4-pack),5,2.99,05/17/19 19:09,"247 Center St, Austin, TX 73301"
208787,iPhone,1,700,05/17/19 21:10,"79 9th St, Los Angeles, CA 90001"
208788,AAA Batteries (4-pack),1,2.99,05/23/19 13:26,"824 Washington St, Portland, OR 97035"
208789,USB-C Charging Cable,1,11.95,05/09/19 20:54,"429 14th St, Portland, OR 97035"
208790,Macbook Pro Laptop,1,1700,05/26/19 17:59,"549 Madison St, Atlanta, GA 30301"
208791,27in FHD Monitor,1,149.99,05/15/19 17:00,"66 North St, San Francisco, CA 94016"
208792,AA Batteries (4-pack),4,3.84,05/14/19 08:39,"396 Dogwood St, San Francisco, CA 94016"
208793,Wired Headphones,1,11.99,05/16/19 13:51,"789 Hill St, Boston, MA 02215"
,,,,,
208794,34in Ultrawide Monitor,1,379.99,05/08/19 07:38,"85 12th St, San Francisco, CA 94016"
208795,USB-C Charging Cable,1,11.95,05/20/19 22:15,"544 South St, Los Angeles, CA 90001"
208796,20in Monitor,1,109.99,05/05/19 16:03,"891 Willow St, Los Angeles, CA 90001"
208797,LG Washing Machine,1,600.0,05/25/19 09:32,"265 4th St, San Francisco, CA 94016"
208798,AAA Batteries (4-pack),2,2.99,05/07/19 18:58,"441 Chestnut St, Boston, MA 02215"
208799,Lightning Charging Cable,1,14.95,05/27/19 14:47,"981 7th St, San Francisco, CA 94016"
208800,Bose SoundSport Headphones,1,99.99,05/21/19 12:39,"642 Wilson St, Austin, TX 73301"
208801,Lightning Charging Cable,1,14.95,05/09/19 09:06,"870 Chestnut St, Seattle, WA 98101"
208802,Apple Airpods Headphones,1,150,05/26/19 00:23,"754 14th St, New York City, NY 10001"
208803,Lightning Charging Cable,1,14.95,05/07/19 12:59,"239 Walnut St, Portland, OR 97035"
208804,AAA Batteries (4-pack),2,2.99,05/31/19 13:12,"339 Lincoln St, Los Angeles, CA 90001"
208805,Macbook Pro Laptop,1,1700,05/28/19 17:58,"799 1st St, Los Angeles, CA 90001"
208806,USB-C Charging Cable,1,11.95,05/24/19 16:28,"734 North St, Portland, ME 04101"
208807,AA Batteries (4-pack),3,3.84,05/20/19 10:18,"762 Meadow St, Dallas, TX 75001"
208808,AAA Batteries (4-pack),1,2.99,05/20/19 11:57,"598 7th St, Boston, MA 02215"
208809,iPhone,1,700,05/31/19 15:59,"937 Dogwood St, Portland, OR 97035"
208810,Apple Airpods Headphones,1,150,05/12/19 12:01,"33 Washington St, Atlanta, GA 30301"
208811,27in FHD Monitor,1,149.99,05/19/19 17:54,"3 Forest St, Boston, MA 02215"
208812,Apple Airpods Headphones,1,150,05/07/19 05:39,"600 Spruce St, Los Angeles, CA 90001"
208813,Bose SoundSport Headphones,1,99.99,05/27/19 18:39,"687 1st St, Seattle, WA 98101"
208814,Lightning Charging Cable,1,14.95,05/08/19 19:47,"92 Church St, Los Angeles, CA 90001"
208815,iPhone,1,700,05/19/19 16:19,"254 4th St, Seattle, WA 98101"
208816,Lightning Charging Cable,1,14.95,05/26/19 16:16,"57 Sunset St, Los Angeles, CA 90001"
208817,iPhone,1,700,05/14/19 17:04,"796 7th St, Boston, MA 02215"
208818,Lightning Charging Cable,1,14.95,05/22/19 17:46,"804 Pine St, Seattle, WA 98101"
208819,Wired Headphones,1,11.99,05/12/19 17:15,"159 Willow St, San Francisco, CA 94016"
208820,27in 4K Gaming Monitor,1,389.99,05/25/19 17:38,"627 4th St, San Francisco, CA 94016"
208821,Bose SoundSport Headphones,1,99.99,05/23/19 10:44,"60 Walnut St, San Francisco, CA 94016"
208822,Google Phone,1,600,05/20/19 22:29,"434 Highland St, San Francisco, CA 94016"
208823,Google Phone,1,600,05/22/19 15:00,"573 Wilson St, Dallas, TX 75001"
208824,AA Batteries (4-pack),2,3.84,05/31/19 16:21,"471 Park St, Boston, MA 02215"
208825,Apple Airpods Headphones,1,150,05/01/19 22:20,"119 Chestnut St, Portland, OR 97035"
208826,iPhone,1,700,05/07/19 08:32,"725 Madison St, San Francisco, CA 94016"
208827,Lightning Charging Cable,1,14.95,05/15/19 11:10,"184 Highland St, Atlanta, GA 30301"
208828,Macbook Pro Laptop,1,1700,05/20/19 18:27,"161 Elm St, San Francisco, CA 94016"
208829,USB-C Charging Cable,1,11.95,05/10/19 13:18,"985 Elm St, Atlanta, GA 30301"
208830,AAA Batteries (4-pack),2,2.99,05/20/19 12:05,"341 Cedar St, New York City, NY 10001"
208831,Apple Airpods Headphones,1,150,05/21/19 13:54,"521 Jackson St, San Francisco, CA 94016"
208832,AAA Batteries (4-pack),1,2.99,05/26/19 23:46,"713 Center St, Los Angeles, CA 90001"
208833,Bose SoundSport Headphones,1,99.99,05/23/19 15:17,"647 Sunset St, New York City, NY 10001"
208834,AA Batteries (4-pack),1,3.84,05/08/19 10:13,"818 10th St, Atlanta, GA 30301"
208835,AAA Batteries (4-pack),1,2.99,05/06/19 07:58,"7 11th St, San Francisco, CA 94016"
208836,AAA Batteries (4-pack),1,2.99,05/23/19 14:31,"854 14th St, Los Angeles, CA 90001"
208837,USB-C Charging Cable,1,11.95,05/17/19 10:16,"376 7th St, Dallas, TX 75001"
208838,Wired Headphones,1,11.99,05/21/19 19:13,"544 Wilson St, Seattle, WA 98101"
208839,AAA Batteries (4-pack),2,2.99,05/19/19 13:36,"199 Church St, Austin, TX 73301"
208840,AA Batteries (4-pack),1,3.84,05/03/19 01:00,"316 Cedar St, Dallas, TX 75001"
208841,Lightning Charging Cable,1,14.95,05/16/19 06:19,"178 Ridge St, San Francisco, CA 94016"
208842,AAA Batteries (4-pack),1,2.99,05/04/19 22:44,"750 South St, Portland, OR 97035"
208843,Lightning Charging Cable,1,14.95,05/15/19 21:47,"47 10th St, Boston, MA 02215"
208844,Wired Headphones,1,11.99,05/06/19 14:27,"985 West St, Atlanta, GA 30301"
208845,AAA Batteries (4-pack),1,2.99,05/16/19 21:01,"255 Center St, San Francisco, CA 94016"
208846,AAA Batteries (4-pack),1,2.99,05/14/19 02:16,"89 11th St, San Francisco, CA 94016"
208847,Google Phone,1,600,05/20/19 09:06,"101 Walnut St, San Francisco, CA 94016"
208848,AAA Batteries (4-pack),1,2.99,05/15/19 13:13,"951 14th St, San Francisco, CA 94016"
208849,AAA Batteries (4-pack),1,2.99,05/25/19 00:46,"640 Walnut St, Atlanta, GA 30301"
208850,Macbook Pro Laptop,1,1700,05/26/19 07:56,"67 Adams St, New York City, NY 10001"
208851,iPhone,1,700,05/05/19 21:56,"226 Pine St, San Francisco, CA 94016"
208852,Lightning Charging Cable,1,14.95,05/05/19 18:22,"156 Willow St, Boston, MA 02215"
208853,AAA Batteries (4-pack),2,2.99,05/27/19 14:25,"108 7th St, Atlanta, GA 30301"
208853,34in Ultrawide Monitor,1,379.99,05/27/19 14:25,"108 7th St, Atlanta, GA 30301"
208854,Apple Airpods Headphones,1,150,05/15/19 10:07,"731 Lake St, San Francisco, CA 94016"
208855,USB-C Charging Cable,1,11.95,05/11/19 19:58,"667 River St, Boston, MA 02215"
208856,AAA Batteries (4-pack),1,2.99,05/27/19 08:01,"147 Park St, Boston, MA 02215"
208857,USB-C Charging Cable,2,11.95,05/27/19 13:28,"89 12th St, Los Angeles, CA 90001"
208858,AAA Batteries (4-pack),1,2.99,05/11/19 18:48,"856 Washington St, Portland, OR 97035"
208859,AAA Batteries (4-pack),1,2.99,05/23/19 01:20,"899 Forest St, San Francisco, CA 94016"
208860,Bose SoundSport Headphones,1,99.99,05/09/19 10:37,"442 11th St, Dallas, TX 75001"
208861,USB-C Charging Cable,1,11.95,05/06/19 13:57,"732 1st St, New York City, NY 10001"
208862,Lightning Charging Cable,2,14.95,05/17/19 08:55,"525 Forest St, Portland, OR 97035"
208863,Apple Airpods Headphones,1,150,05/16/19 12:07,"460 13th St, Atlanta, GA 30301"
208864,Bose SoundSport Headphones,1,99.99,05/10/19 00:18,"298 West St, Los Angeles, CA 90001"
208865,AA Batteries (4-pack),1,3.84,05/24/19 13:07,"36 Dogwood St, Boston, MA 02215"
208866,AAA Batteries (4-pack),3,2.99,05/05/19 20:58,"730 6th St, New York City, NY 10001"
208867,Lightning Charging Cable,2,14.95,05/01/19 08:43,"912 Highland St, New York City, NY 10001"
208868,AAA Batteries (4-pack),1,2.99,05/26/19 20:27,"605 Lincoln St, Boston, MA 02215"
208869,AA Batteries (4-pack),1,3.84,05/13/19 22:46,"275 Jefferson St, Los Angeles, CA 90001"
208869,Lightning Charging Cable,1,14.95,05/13/19 22:46,"275 Jefferson St, Los Angeles, CA 90001"
208870,Google Phone,1,600,05/21/19 11:57,"602 Wilson St, Los Angeles, CA 90001"
208871,USB-C Charging Cable,1,11.95,05/17/19 12:28,"894 Main St, Dallas, TX 75001"
208872,AA Batteries (4-pack),1,3.84,05/16/19 19:47,"299 River St, Dallas, TX 75001"
208873,AAA Batteries (4-pack),2,2.99,05/21/19 15:00,"761 Madison St, Dallas, TX 75001"
208874,Wired Headphones,1,11.99,05/27/19 18:14,"427 9th St, San Francisco, CA 94016"
208875,AA Batteries (4-pack),1,3.84,05/21/19 20:16,"568 West St, Los Angeles, CA 90001"
208876,AA Batteries (4-pack),1,3.84,05/17/19 20:48,"390 Forest St, Los Angeles, CA 90001"
208877,Lightning Charging Cable,2,14.95,05/26/19 16:57,"381 Cherry St, Austin, TX 73301"
208878,Wired Headphones,1,11.99,05/24/19 23:15,"554 Maple St, New York City, NY 10001"
208879,Lightning Charging Cable,1,14.95,05/21/19 19:24,"381 Sunset St, San Francisco, CA 94016"
208880,Wired Headphones,1,11.99,05/08/19 17:06,"196 Pine St, San Francisco, CA 94016"
208881,Lightning Charging Cable,1,14.95,05/24/19 22:37,"831 Meadow St, Austin, TX 73301"
208882,AAA Batteries (4-pack),1,2.99,05/14/19 23:05,"923 Ridge St, Austin, TX 73301"
208883,AAA Batteries (4-pack),1,2.99,05/26/19 13:01,"161 Willow St, San Francisco, CA 94016"
208884,AA Batteries (4-pack),2,3.84,05/06/19 23:34,"256 North St, Los Angeles, CA 90001"
208885,Lightning Charging Cable,1,14.95,05/13/19 20:42,"678 Jefferson St, San Francisco, CA 94016"
208886,AAA Batteries (4-pack),1,2.99,05/16/19 21:43,"608 South St, San Francisco, CA 94016"
208887,AA Batteries (4-pack),4,3.84,05/19/19 21:08,"70 Walnut St, Los Angeles, CA 90001"
208888,iPhone,1,700,05/11/19 17:15,"14 Hickory St, Los Angeles, CA 90001"
208889,LG Dryer,1,600.0,05/09/19 22:47,"597 Hickory St, Austin, TX 73301"
208890,Wired Headphones,1,11.99,05/28/19 14:18,"825 Hill St, Austin, TX 73301"
208891,Apple Airpods Headphones,1,150,05/09/19 09:17,"830 1st St, New York City, NY 10001"
208892,27in FHD Monitor,1,149.99,05/06/19 22:44,"298 Spruce St, Atlanta, GA 30301"
208893,AAA Batteries (4-pack),1,2.99,05/21/19 07:01,"398 11th St, Portland, ME 04101"
208894,ThinkPad Laptop,1,999.99,05/18/19 19:46,"608 7th St, New York City, NY 10001"
208895,AA Batteries (4-pack),1,3.84,05/14/19 21:10,"264 Jefferson St, Austin, TX 73301"
208896,AAA Batteries (4-pack),1,2.99,05/18/19 13:52,"911 Washington St, New York City, NY 10001"
208897,iPhone,1,700,05/14/19 16:50,"256 Elm St, New York City, NY 10001"
208898,AA Batteries (4-pack),1,3.84,05/23/19 10:59,"256 11th St, San Francisco, CA 94016"
208898,Bose SoundSport Headphones,1,99.99,05/23/19 10:59,"256 11th St, San Francisco, CA 94016"
208899,Apple Airpods Headphones,1,150,05/10/19 11:49,"848 Ridge St, San Francisco, CA 94016"
208900,34in Ultrawide Monitor,1,379.99,05/12/19 14:11,"507 Johnson St, Dallas, TX 75001"
208901,Lightning Charging Cable,1,14.95,05/02/19 09:50,"944 Meadow St, San Francisco, CA 94016"
208902,27in 4K Gaming Monitor,1,389.99,05/05/19 20:03,"63 Willow St, Atlanta, GA 30301"
208903,AA Batteries (4-pack),1,3.84,05/14/19 08:28,"339 Adams St, Boston, MA 02215"
208904,Vareebadd Phone,1,400,05/03/19 07:28,"924 14th St, San Francisco, CA 94016"
208905,Macbook Pro Laptop,1,1700,05/20/19 10:04,"913 Maple St, Dallas, TX 75001"
208906,34in Ultrawide Monitor,1,379.99,05/16/19 18:49,"836 Walnut St, San Francisco, CA 94016"
208907,Apple Airpods Headphones,1,150,05/23/19 10:31,"859 Jefferson St, Los Angeles, CA 90001"
208908,Wired Headphones,1,11.99,05/24/19 11:01,"55 Wilson St, San Francisco, CA 94016"
208909,USB-C Charging Cable,1,11.95,05/02/19 20:21,"200 Meadow St, Austin, TX 73301"
208910,34in Ultrawide Monitor,1,379.99,05/18/19 16:44,"864 14th St, Boston, MA 02215"
208911,Flatscreen TV,1,300,05/18/19 06:51,"605 Jefferson St, Dallas, TX 75001"
208912,Flatscreen TV,1,300,05/24/19 13:45,"225 Pine St, New York City, NY 10001"
208913,34in Ultrawide Monitor,1,379.99,05/08/19 16:06,"427 Johnson St, New York City, NY 10001"
208914,AAA Batteries (4-pack),2,2.99,05/27/19 20:49,"467 Forest St, Los Angeles, CA 90001"
208915,Apple Airpods Headphones,1,150,05/16/19 10:31,"855 1st St, Seattle, WA 98101"
208916,Wired Headphones,1,11.99,05/29/19 11:14,"325 North St, Dallas, TX 75001"
208917,USB-C Charging Cable,1,11.95,05/19/19 19:46,"538 Hill St, San Francisco, CA 94016"
208918,USB-C Charging Cable,1,11.95,05/29/19 13:13,"765 Cedar St, Los Angeles, CA 90001"
208919,Lightning Charging Cable,1,14.95,05/13/19 12:55,"386 4th St, Los Angeles, CA 90001"
208920,Lightning Charging Cable,1,14.95,05/13/19 18:40,"910 11th St, Atlanta, GA 30301"
208921,34in Ultrawide Monitor,1,379.99,05/26/19 07:56,"195 Walnut St, Dallas, TX 75001"
208922,34in Ultrawide Monitor,1,379.99,05/28/19 20:10,"531 8th St, San Francisco, CA 94016"
208923,AAA Batteries (4-pack),1,2.99,05/26/19 09:25,"540 Dogwood St, Atlanta, GA 30301"
208924,USB-C Charging Cable,1,11.95,05/28/19 13:04,"348 Spruce St, Seattle, WA 98101"
208925,Bose SoundSport Headphones,1,99.99,05/03/19 20:38,"268 Maple St, Seattle, WA 98101"
208926,USB-C Charging Cable,1,11.95,05/31/19 09:13,"797 Spruce St, Seattle, WA 98101"
208926,AAA Batteries (4-pack),1,2.99,05/31/19 09:13,"797 Spruce St, Seattle, WA 98101"
208927,AA Batteries (4-pack),1,3.84,05/30/19 11:09,"142 Lincoln St, San Francisco, CA 94016"
208928,Wired Headphones,1,11.99,05/22/19 13:30,"410 7th St, Seattle, WA 98101"
208929,Wired Headphones,1,11.99,05/31/19 11:18,"354 Hickory St, New York City, NY 10001"
208930,27in FHD Monitor,1,149.99,05/02/19 09:38,"147 Adams St, Boston, MA 02215"
208930,Apple Airpods Headphones,1,150,05/02/19 09:38,"147 Adams St, Boston, MA 02215"
208931,AA Batteries (4-pack),2,3.84,05/30/19 11:43,"771 Meadow St, San Francisco, CA 94016"
208932,ThinkPad Laptop,1,999.99,05/27/19 19:15,"888 Cedar St, New York City, NY 10001"
208933,USB-C Charging Cable,1,11.95,05/04/19 14:34,"221 4th St, San Francisco, CA 94016"
208934,Wired Headphones,1,11.99,05/23/19 13:02,"542 Church St, San Francisco, CA 94016"
208935,Wired Headphones,1,11.99,05/01/19 16:39,"314 Washington St, San Francisco, CA 94016"
208936,AA Batteries (4-pack),1,3.84,05/04/19 15:44,"67 7th St, Austin, TX 73301"
208937,Wired Headphones,1,11.99,05/13/19 10:01,"902 Johnson St, Los Angeles, CA 90001"
208938,LG Dryer,1,600.0,05/31/19 15:34,"658 7th St, Austin, TX 73301"
208939,AA Batteries (4-pack),1,3.84,05/13/19 15:01,"594 Lake St, Boston, MA 02215"
208940,Apple Airpods Headphones,1,150,05/06/19 12:15,"964 Sunset St, New York City, NY 10001"
208941,Wired Headphones,1,11.99,05/19/19 13:13,"944 Washington St, Atlanta, GA 30301"
208942,Wired Headphones,1,11.99,05/30/19 21:48,"654 Jefferson St, Portland, OR 97035"
208943,27in 4K Gaming Monitor,1,389.99,05/10/19 18:31,"602 North St, Los Angeles, CA 90001"
208944,Lightning Charging Cable,1,14.95,05/24/19 09:00,"599 Willow St, San Francisco, CA 94016"
208945,AA Batteries (4-pack),1,3.84,05/13/19 08:44,"228 4th St, Atlanta, GA 30301"
208946,Lightning Charging Cable,1,14.95,05/25/19 18:08,"843 Highland St, Atlanta, GA 30301"
208947,Bose SoundSport Headphones,1,99.99,05/01/19 23:12,"773 Chestnut St, Boston, MA 02215"
208948,Bose SoundSport Headphones,1,99.99,05/09/19 19:50,"737 Cedar St, Boston, MA 02215"
208949,Lightning Charging Cable,1,14.95,05/20/19 11:41,"714 Sunset St, Dallas, TX 75001"
208950,Bose SoundSport Headphones,1,99.99,05/12/19 05:45,"150 Main St, Los Angeles, CA 90001"
208951,Wired Headphones,1,11.99,05/05/19 19:30,"584 Wilson St, Los Angeles, CA 90001"
208952,Macbook Pro Laptop,1,1700,05/30/19 14:17,"673 6th St, Boston, MA 02215"
208953,AAA Batteries (4-pack),1,2.99,05/03/19 21:45,"331 Jackson St, Dallas, TX 75001"
208954,Apple Airpods Headphones,1,150,05/11/19 15:15,"950 Ridge St, Dallas, TX 75001"
208955,AAA Batteries (4-pack),2,2.99,05/18/19 18:47,"182 14th St, Atlanta, GA 30301"
208956,Macbook Pro Laptop,1,1700,05/03/19 12:02,"929 Chestnut St, Austin, TX 73301"
208957,Apple Airpods Headphones,1,150,05/12/19 06:48,"526 South St, New York City, NY 10001"
208958,USB-C Charging Cable,1,11.95,05/22/19 11:18,"144 2nd St, San Francisco, CA 94016"
208959,ThinkPad Laptop,1,999.99,05/07/19 20:36,"276 Highland St, Seattle, WA 98101"
208960,Wired Headphones,1,11.99,05/08/19 21:46,"308 Center St, San Francisco, CA 94016"
208961,USB-C Charging Cable,1,11.95,05/12/19 20:33,"874 4th St, San Francisco, CA 94016"
208962,Lightning Charging Cable,1,14.95,05/04/19 16:36,"48 Hickory St, Los Angeles, CA 90001"
208963,Lightning Charging Cable,1,14.95,05/11/19 21:09,"797 Ridge St, Dallas, TX 75001"
208964,AAA Batteries (4-pack),1,2.99,05/25/19 19:03,"721 Ridge St, San Francisco, CA 94016"
208965,Bose SoundSport Headphones,1,99.99,05/28/19 22:26,"335 Lake St, Atlanta, GA 30301"
208966,Bose SoundSport Headphones,1,99.99,05/16/19 11:01,"658 Walnut St, Boston, MA 02215"
208967,Lightning Charging Cable,1,14.95,05/30/19 11:21,"961 5th St, San Francisco, CA 94016"
208968,USB-C Charging Cable,2,11.95,05/22/19 22:27,"59 13th St, Austin, TX 73301"
208969,AA Batteries (4-pack),1,3.84,05/05/19 20:14,"185 Johnson St, Los Angeles, CA 90001"
208970,Bose SoundSport Headphones,1,99.99,05/20/19 09:36,"349 Jackson St, Dallas, TX 75001"
208971,Google Phone,1,600,05/24/19 22:47,"936 6th St, Los Angeles, CA 90001"
208971,AA Batteries (4-pack),1,3.84,05/24/19 22:47,"936 6th St, Los Angeles, CA 90001"
208972,Apple Airpods Headphones,1,150,05/23/19 12:07,"138 Cherry St, San Francisco, CA 94016"
208973,iPhone,1,700,05/31/19 17:22,"24 Walnut St, San Francisco, CA 94016"
208974,AA Batteries (4-pack),1,3.84,05/03/19 18:58,"507 South St, San Francisco, CA 94016"
208975,Wired Headphones,1,11.99,05/18/19 21:51,"37 Madison St, Los Angeles, CA 90001"
208976,AA Batteries (4-pack),3,3.84,05/18/19 21:51,"810 Johnson St, Boston, MA 02215"
208977,USB-C Charging Cable,1,11.95,05/10/19 11:59,"771 4th St, Austin, TX 73301"
208978,AAA Batteries (4-pack),1,2.99,05/09/19 09:03,"621 Meadow St, Seattle, WA 98101"
208979,Lightning Charging Cable,1,14.95,05/23/19 19:13,"266 Lincoln St, Los Angeles, CA 90001"
208980,AAA Batteries (4-pack),2,2.99,05/04/19 12:01,"252 2nd St, Los Angeles, CA 90001"
208981,USB-C Charging Cable,1,11.95,05/24/19 10:26,"237 West St, San Francisco, CA 94016"
208982,AA Batteries (4-pack),1,3.84,05/23/19 19:40,"742 Forest St, New York City, NY 10001"
208983,USB-C Charging Cable,1,11.95,05/09/19 17:20,"779 Jackson St, New York City, NY 10001"
208984,iPhone,1,700,05/01/19 18:49,"546 Park St, Atlanta, GA 30301"
208985,AA Batteries (4-pack),2,3.84,05/16/19 14:32,"706 Adams St, New York City, NY 10001"
208986,Lightning Charging Cable,1,14.95,05/19/19 13:49,"578 Cedar St, San Francisco, CA 94016"
208987,AAA Batteries (4-pack),1,2.99,05/08/19 12:06,"498 South St, Los Angeles, CA 90001"
208988,Bose SoundSport Headphones,1,99.99,05/08/19 13:04,"589 Willow St, San Francisco, CA 94016"
208989,Lightning Charging Cable,1,14.95,05/20/19 10:20,"635 Madison St, New York City, NY 10001"
208990,Vareebadd Phone,1,400,05/07/19 22:27,"990 Spruce St, Los Angeles, CA 90001"
208991,Lightning Charging Cable,1,14.95,05/12/19 22:26,"835 9th St, Dallas, TX 75001"
208992,27in 4K Gaming Monitor,1,389.99,05/21/19 09:39,"168 Forest St, Boston, MA 02215"
208993,iPhone,1,700,05/10/19 14:00,"292 Forest St, Dallas, TX 75001"
208994,Lightning Charging Cable,1,14.95,05/02/19 09:08,"981 Cherry St, Boston, MA 02215"
208995,Apple Airpods Headphones,1,150,05/08/19 01:25,"593 10th St, Portland, OR 97035"
208996,AA Batteries (4-pack),1,3.84,05/04/19 09:56,"745 2nd St, New York City, NY 10001"
208997,Lightning Charging Cable,2,14.95,05/29/19 23:50,"42 Forest St, Los Angeles, CA 90001"
208998,Wired Headphones,1,11.99,05/08/19 18:33,"629 West St, Dallas, TX 75001"
208999,USB-C Charging Cable,1,11.95,05/03/19 21:59,"967 Cherry St, New York City, NY 10001"
209000,27in FHD Monitor,1,149.99,05/17/19 12:39,"997 8th St, Los Angeles, CA 90001"
209001,USB-C Charging Cable,1,11.95,05/09/19 15:54,"403 Chestnut St, Los Angeles, CA 90001"
209002,USB-C Charging Cable,2,11.95,05/14/19 09:16,"504 Church St, Dallas, TX 75001"
209003,Bose SoundSport Headphones,1,99.99,05/15/19 06:55,"976 Cherry St, Portland, OR 97035"
209004,27in 4K Gaming Monitor,1,389.99,05/03/19 20:19,"794 Dogwood St, Dallas, TX 75001"
209005,Apple Airpods Headphones,1,150,05/02/19 09:59,"301 12th St, Atlanta, GA 30301"
209006,AAA Batteries (4-pack),1,2.99,05/15/19 14:40,"452 Elm St, San Francisco, CA 94016"
209007,27in FHD Monitor,1,149.99,05/11/19 22:29,"618 Jefferson St, San Francisco, CA 94016"
209008,Lightning Charging Cable,1,14.95,05/10/19 10:22,"93 Park St, Los Angeles, CA 90001"
209009,AA Batteries (4-pack),2,3.84,05/24/19 08:06,"716 South St, Los Angeles, CA 90001"
209010,27in FHD Monitor,1,149.99,05/20/19 11:02,"146 Jefferson St, Dallas, TX 75001"
209011,AAA Batteries (4-pack),2,2.99,05/20/19 10:50,"145 Lakeview St, Boston, MA 02215"
209012,Bose SoundSport Headphones,1,99.99,05/19/19 10:47,"874 North St, New York City, NY 10001"
209013,Apple Airpods Headphones,1,150,05/17/19 01:21,"657 Hill St, San Francisco, CA 94016"
209014,Lightning Charging Cable,1,14.95,05/30/19 06:36,"948 9th St, Dallas, TX 75001"
209015,Apple Airpods Headphones,1,150,05/13/19 21:22,"701 Maple St, Dallas, TX 75001"
209016,AAA Batteries (4-pack),1,2.99,05/19/19 14:31,"225 4th St, Atlanta, GA 30301"
209017,Macbook Pro Laptop,1,1700,05/15/19 19:10,"492 South St, Atlanta, GA 30301"
209018,USB-C Charging Cable,1,11.95,05/24/19 12:27,"820 Cedar St, Portland, OR 97035"
209019,Wired Headphones,1,11.99,05/23/19 00:30,"300 Lakeview St, Dallas, TX 75001"
209020,AAA Batteries (4-pack),1,2.99,05/27/19 15:05,"731 Ridge St, Dallas, TX 75001"
209021,AA Batteries (4-pack),1,3.84,05/13/19 18:56,"786 Church St, Portland, ME 04101"
209022,ThinkPad Laptop,1,999.99,05/18/19 13:38,"256 Forest St, New York City, NY 10001"
209023,AAA Batteries (4-pack),1,2.99,05/04/19 14:53,"65 Washington St, Boston, MA 02215"
209024,Wired Headphones,1,11.99,05/27/19 05:27,"540 Cedar St, San Francisco, CA 94016"
209025,Bose SoundSport Headphones,1,99.99,05/19/19 21:33,"837 Main St, New York City, NY 10001"
209026,AA Batteries (4-pack),2,3.84,05/20/19 14:06,"860 2nd St, Los Angeles, CA 90001"
209027,AAA Batteries (4-pack),1,2.99,05/13/19 10:49,"52 North St, Los Angeles, CA 90001"
209028,34in Ultrawide Monitor,1,379.99,05/20/19 16:39,"298 Forest St, Seattle, WA 98101"
209029,USB-C Charging Cable,1,11.95,05/04/19 15:01,"467 Willow St, Seattle, WA 98101"
209030,34in Ultrawide Monitor,1,379.99,05/06/19 06:31,"985 10th St, Portland, OR 97035"
209031,AAA Batteries (4-pack),1,2.99,05/22/19 13:40,"142 North St, Atlanta, GA 30301"
209032,Wired Headphones,1,11.99,05/07/19 09:10,"985 2nd St, New York City, NY 10001"
209033,Lightning Charging Cable,2,14.95,05/22/19 15:15,"845 9th St, Seattle, WA 98101"
209034,20in Monitor,1,109.99,05/17/19 19:40,"447 Lakeview St, Seattle, WA 98101"
209035,20in Monitor,1,109.99,05/27/19 15:57,"631 Forest St, Seattle, WA 98101"
209036,AA Batteries (4-pack),1,3.84,05/06/19 16:56,"633 1st St, Atlanta, GA 30301"
209037,Wired Headphones,1,11.99,05/25/19 22:18,"474 Lincoln St, Dallas, TX 75001"
209038,USB-C Charging Cable,2,11.95,05/03/19 23:09,"689 Spruce St, San Francisco, CA 94016"
209039,USB-C Charging Cable,1,11.95,05/30/19 12:10,"375 South St, Austin, TX 73301"
209039,Apple Airpods Headphones,1,150,05/30/19 12:10,"375 South St, Austin, TX 73301"
209040,AA Batteries (4-pack),1,3.84,05/28/19 11:41,"86 2nd St, New York City, NY 10001"
209041,AAA Batteries (4-pack),1,2.99,05/30/19 19:30,"19 Chestnut St, New York City, NY 10001"
209042,Wired Headphones,1,11.99,05/19/19 23:31,"716 River St, Boston, MA 02215"
209043,AAA Batteries (4-pack),2,2.99,05/31/19 07:56,"404 Jackson St, Los Angeles, CA 90001"
209044,USB-C Charging Cable,1,11.95,05/31/19 20:40,"292 8th St, San Francisco, CA 94016"
209045,27in FHD Monitor,1,149.99,05/02/19 17:00,"854 Washington St, Dallas, TX 75001"
209046,USB-C Charging Cable,1,11.95,05/12/19 22:31,"731 Dogwood St, Dallas, TX 75001"
209047,Google Phone,1,600,05/29/19 17:42,"731 8th St, Los Angeles, CA 90001"
209048,AAA Batteries (4-pack),1,2.99,05/20/19 11:59,"504 South St, Los Angeles, CA 90001"
209049,Lightning Charging Cable,1,14.95,05/06/19 16:53,"678 Lake St, San Francisco, CA 94016"
209050,USB-C Charging Cable,1,11.95,05/04/19 13:04,"345 Jackson St, Boston, MA 02215"
209051,Bose SoundSport Headphones,1,99.99,05/26/19 15:51,"253 Forest St, San Francisco, CA 94016"
209052,Bose SoundSport Headphones,1,99.99,05/05/19 22:08,"674 Lake St, San Francisco, CA 94016"
209053,Wired Headphones,1,11.99,05/10/19 19:14,"114 Hill St, San Francisco, CA 94016"
209054,Lightning Charging Cable,1,14.95,05/20/19 16:35,"2 10th St, San Francisco, CA 94016"
209055,Flatscreen TV,1,300,05/10/19 17:27,"421 Main St, Boston, MA 02215"
209056,Apple Airpods Headphones,1,150,05/22/19 21:15,"850 Madison St, Seattle, WA 98101"
209057,Apple Airpods Headphones,1,150,05/25/19 10:44,"434 14th St, Dallas, TX 75001"
209058,AAA Batteries (4-pack),1,2.99,05/12/19 10:54,"467 Sunset St, Portland, OR 97035"
209059,AAA Batteries (4-pack),1,2.99,05/15/19 21:27,"727 Lincoln St, Seattle, WA 98101"
209060,Flatscreen TV,1,300,05/26/19 17:52,"189 1st St, Atlanta, GA 30301"
209061,Lightning Charging Cable,1,14.95,05/22/19 12:41,"986 Cherry St, San Francisco, CA 94016"
209062,Bose SoundSport Headphones,1,99.99,05/18/19 13:16,"295 Meadow St, San Francisco, CA 94016"
209063,Lightning Charging Cable,1,14.95,05/11/19 19:21,"692 5th St, Portland, OR 97035"
209064,Bose SoundSport Headphones,1,99.99,05/24/19 21:21,"376 Maple St, Dallas, TX 75001"
209065,Macbook Pro Laptop,1,1700,05/06/19 12:22,"443 Hickory St, San Francisco, CA 94016"
209066,AA Batteries (4-pack),1,3.84,05/25/19 21:41,"395 Jefferson St, Seattle, WA 98101"
209067,27in FHD Monitor,1,149.99,05/11/19 13:37,"675 13th St, Boston, MA 02215"
209068,ThinkPad Laptop,1,999.99,05/06/19 14:18,"448 Meadow St, Portland, OR 97035"
209069,20in Monitor,1,109.99,05/27/19 14:47,"953 Forest St, Portland, OR 97035"
209070,Lightning Charging Cable,1,14.95,05/12/19 00:13,"945 South St, Portland, OR 97035"
209070,Bose SoundSport Headphones,1,99.99,05/12/19 00:13,"945 South St, Portland, OR 97035"
209071,Apple Airpods Headphones,1,150,05/17/19 21:19,"689 Jackson St, Los Angeles, CA 90001"
209072,AAA Batteries (4-pack),1,2.99,05/22/19 16:36,"632 Elm St, Dallas, TX 75001"
209073,iPhone,1,700,05/03/19 16:10,"844 Pine St, San Francisco, CA 94016"
209073,Lightning Charging Cable,1,14.95,05/03/19 16:10,"844 Pine St, San Francisco, CA 94016"
209074,AA Batteries (4-pack),1,3.84,05/23/19 17:43,"764 11th St, New York City, NY 10001"
209074,Apple Airpods Headphones,1,150,05/23/19 17:43,"764 11th St, New York City, NY 10001"
209075,Bose SoundSport Headphones,1,99.99,05/27/19 23:32,"52 9th St, San Francisco, CA 94016"
209076,AA Batteries (4-pack),1,3.84,05/25/19 14:05,"798 Jefferson St, San Francisco, CA 94016"
209077,Flatscreen TV,1,300,05/04/19 01:45,"461 Johnson St, Boston, MA 02215"
209078,iPhone,1,700,05/03/19 17:57,"787 Meadow St, San Francisco, CA 94016"
209079,27in 4K Gaming Monitor,1,389.99,05/09/19 14:40,"596 Church St, San Francisco, CA 94016"
209080,Wired Headphones,1,11.99,05/04/19 20:49,"423 Chestnut St, San Francisco, CA 94016"
209081,iPhone,1,700,05/03/19 19:40,"459 12th St, Boston, MA 02215"
209082,AAA Batteries (4-pack),1,2.99,05/03/19 07:09,"790 Dogwood St, New York City, NY 10001"
209083,34in Ultrawide Monitor,1,379.99,05/17/19 09:18,"797 Jefferson St, Dallas, TX 75001"
209084,AA Batteries (4-pack),1,3.84,05/22/19 18:53,"816 2nd St, Dallas, TX 75001"
209085,AAA Batteries (4-pack),1,2.99,05/21/19 19:25,"580 Lincoln St, Seattle, WA 98101"
209086,Vareebadd Phone,1,400,05/28/19 21:55,"137 Wilson St, Atlanta, GA 30301"
209087,Bose SoundSport Headphones,1,99.99,05/22/19 12:32,"423 Highland St, Atlanta, GA 30301"
209088,iPhone,1,700,05/13/19 08:25,"363 Park St, New York City, NY 10001"
209089,USB-C Charging Cable,1,11.95,05/05/19 11:55,"621 2nd St, Los Angeles, CA 90001"
209090,iPhone,1,700,05/13/19 10:51,"18 11th St, Los Angeles, CA 90001"
209091,20in Monitor,1,109.99,05/12/19 18:05,"315 West St, New York City, NY 10001"
209092,Lightning Charging Cable,1,14.95,05/23/19 10:05,"201 Lakeview St, Portland, OR 97035"
209093,Apple Airpods Headphones,1,150,05/05/19 14:07,"137 North St, San Francisco, CA 94016"
209094,Lightning Charging Cable,1,14.95,05/02/19 22:53,"808 9th St, New York City, NY 10001"
209095,AAA Batteries (4-pack),1,2.99,05/08/19 19:12,"794 Center St, Boston, MA 02215"
209096,Lightning Charging Cable,1,14.95,05/29/19 22:30,"866 Jefferson St, San Francisco, CA 94016"
209097,USB-C Charging Cable,1,11.95,05/27/19 19:41,"669 Adams St, San Francisco, CA 94016"
209098,Macbook Pro Laptop,1,1700,05/10/19 22:29,"859 Washington St, New York City, NY 10001"
209099,Lightning Charging Cable,1,14.95,05/29/19 11:23,"698 Willow St, Dallas, TX 75001"
209100,Lightning Charging Cable,2,14.95,05/17/19 20:05,"893 Cherry St, Los Angeles, CA 90001"
209101,Apple Airpods Headphones,1,150,05/02/19 19:47,"991 North St, Austin, TX 73301"
209102,AA Batteries (4-pack),1,3.84,05/07/19 20:08,"705 Jefferson St, Boston, MA 02215"
209102,Lightning Charging Cable,1,14.95,05/07/19 20:08,"705 Jefferson St, Boston, MA 02215"
209103,Wired Headphones,1,11.99,05/10/19 15:01,"412 Wilson St, San Francisco, CA 94016"
209104,Wired Headphones,1,11.99,05/10/19 11:26,"799 Chestnut St, San Francisco, CA 94016"
209105,iPhone,1,700,05/16/19 23:32,"610 Washington St, Los Angeles, CA 90001"
209106,Google Phone,1,600,05/21/19 21:28,"289 Hickory St, Boston, MA 02215"
209107,20in Monitor,1,109.99,05/01/19 11:07,"971 Hill St, San Francisco, CA 94016"
209108,Lightning Charging Cable,1,14.95,05/14/19 19:54,"551 Lakeview St, Boston, MA 02215"
209109,Bose SoundSport Headphones,1,99.99,05/08/19 13:07,"127 Lakeview St, New York City, NY 10001"
209110,Flatscreen TV,1,300,05/25/19 19:33,"803 Sunset St, San Francisco, CA 94016"
209111,34in Ultrawide Monitor,1,379.99,05/04/19 23:08,"433 Willow St, San Francisco, CA 94016"
209112,34in Ultrawide Monitor,1,379.99,05/15/19 00:53,"616 7th St, Boston, MA 02215"
209113,Wired Headphones,1,11.99,05/29/19 09:33,"49 Lake St, Los Angeles, CA 90001"
209114,ThinkPad Laptop,1,999.99,05/28/19 16:43,"590 Chestnut St, New York City, NY 10001"
209115,27in FHD Monitor,1,149.99,05/20/19 21:53,"301 Meadow St, New York City, NY 10001"
209116,Apple Airpods Headphones,1,150,05/14/19 15:33,"793 10th St, San Francisco, CA 94016"
209117,AA Batteries (4-pack),2,3.84,05/16/19 20:45,"244 11th St, Seattle, WA 98101"
209118,USB-C Charging Cable,1,11.95,05/29/19 16:56,"953 1st St, Dallas, TX 75001"
209119,USB-C Charging Cable,2,11.95,05/16/19 18:22,"17 Madison St, Atlanta, GA 30301"
209120,Google Phone,1,600,05/25/19 00:54,"283 6th St, Austin, TX 73301"
209121,27in 4K Gaming Monitor,1,389.99,05/04/19 17:23,"863 Hickory St, Dallas, TX 75001"
209122,USB-C Charging Cable,1,11.95,05/22/19 21:04,"119 Adams St, Atlanta, GA 30301"
209123,20in Monitor,1,109.99,05/07/19 09:47,"987 Washington St, Los Angeles, CA 90001"
209124,20in Monitor,1,109.99,05/12/19 15:13,"581 Washington St, Dallas, TX 75001"
209125,34in Ultrawide Monitor,1,379.99,05/11/19 08:09,"817 11th St, Boston, MA 02215"
209126,Wired Headphones,1,11.99,05/18/19 20:11,"191 Hill St, Los Angeles, CA 90001"
209127,34in Ultrawide Monitor,1,379.99,05/01/19 07:09,"865 Wilson St, San Francisco, CA 94016"
209128,AAA Batteries (4-pack),4,2.99,05/16/19 08:24,"178 Forest St, Boston, MA 02215"
209129,20in Monitor,1,109.99,05/17/19 00:47,"335 South St, Los Angeles, CA 90001"
209130,Wired Headphones,1,11.99,05/20/19 16:51,"662 River St, New York City, NY 10001"
209131,34in Ultrawide Monitor,1,379.99,05/21/19 23:41,"955 Forest St, Dallas, TX 75001"
209132,iPhone,1,700,05/12/19 16:24,"310 11th St, Los Angeles, CA 90001"
209132,Lightning Charging Cable,1,14.95,05/12/19 16:24,"310 11th St, Los Angeles, CA 90001"
209133,Macbook Pro Laptop,1,1700,05/30/19 12:25,"849 Chestnut St, San Francisco, CA 94016"
209134,Lightning Charging Cable,1,14.95,05/23/19 17:35,"532 North St, San Francisco, CA 94016"
,,,,,
209135,Apple Airpods Headphones,1,150,05/20/19 02:26,"351 Park St, Boston, MA 02215"
209136,Wired Headphones,2,11.99,05/17/19 09:57,"762 7th St, Seattle, WA 98101"
209137,Lightning Charging Cable,1,14.95,05/05/19 13:36,"52 2nd St, Dallas, TX 75001"
209138,Wired Headphones,1,11.99,05/31/19 12:09,"587 Hill St, Portland, OR 97035"
209139,iPhone,1,700,05/28/19 20:06,"571 Highland St, New York City, NY 10001"
209140,27in FHD Monitor,1,149.99,05/10/19 13:19,"324 North St, San Francisco, CA 94016"
209141,Apple Airpods Headphones,1,150,05/19/19 06:48,"430 Sunset St, Seattle, WA 98101"
209142,AAA Batteries (4-pack),2,2.99,05/04/19 13:01,"697 Hickory St, Atlanta, GA 30301"
209143,27in 4K Gaming Monitor,1,389.99,05/17/19 15:54,"292 Ridge St, San Francisco, CA 94016"
209144,34in Ultrawide Monitor,1,379.99,05/06/19 16:27,"540 Main St, Austin, TX 73301"
209145,Wired Headphones,1,11.99,05/20/19 16:37,"325 Main St, Los Angeles, CA 90001"
209146,Lightning Charging Cable,1,14.95,05/12/19 11:39,"123 11th St, San Francisco, CA 94016"
209147,Wired Headphones,1,11.99,05/12/19 12:51,"420 Cedar St, San Francisco, CA 94016"
209148,34in Ultrawide Monitor,1,379.99,05/30/19 14:25,"131 Main St, San Francisco, CA 94016"
209149,AA Batteries (4-pack),1,3.84,05/12/19 14:45,"942 Dogwood St, New York City, NY 10001"
209150,Macbook Pro Laptop,1,1700,05/17/19 17:43,"101 11th St, San Francisco, CA 94016"
209151,USB-C Charging Cable,1,11.95,05/07/19 14:55,"92 Cherry St, New York City, NY 10001"
209152,Wired Headphones,1,11.99,05/05/19 09:55,"51 Church St, Boston, MA 02215"
209153,ThinkPad Laptop,1,999.99,05/28/19 17:03,"349 Pine St, Austin, TX 73301"
209154,Flatscreen TV,1,300,05/08/19 12:07,"45 Wilson St, Portland, OR 97035"
209155,Bose SoundSport Headphones,1,99.99,05/28/19 08:12,"375 Walnut St, San Francisco, CA 94016"
209156,AAA Batteries (4-pack),3,2.99,05/07/19 19:44,"116 Hickory St, San Francisco, CA 94016"
209157,AA Batteries (4-pack),1,3.84,05/31/19 06:18,"439 Maple St, Dallas, TX 75001"
209158,iPhone,1,700,05/28/19 08:11,"458 7th St, San Francisco, CA 94016"
209159,Google Phone,1,600,05/12/19 10:37,"29 12th St, New York City, NY 10001"
209159,USB-C Charging Cable,1,11.95,05/12/19 10:37,"29 12th St, New York City, NY 10001"
209160,USB-C Charging Cable,1,11.95,05/07/19 22:47,"649 9th St, New York City, NY 10001"
209161,Google Phone,1,600,05/30/19 14:10,"912 River St, Austin, TX 73301"
209161,USB-C Charging Cable,1,11.95,05/30/19 14:10,"912 River St, Austin, TX 73301"
209162,AAA Batteries (4-pack),1,2.99,05/24/19 10:59,"435 Main St, Austin, TX 73301"
209163,Bose SoundSport Headphones,1,99.99,05/10/19 06:25,"851 6th St, New York City, NY 10001"
209164,Wired Headphones,1,11.99,05/08/19 11:08,"539 1st St, San Francisco, CA 94016"
209165,USB-C Charging Cable,1,11.95,05/21/19 22:57,"437 7th St, Atlanta, GA 30301"
209166,AAA Batteries (4-pack),2,2.99,05/18/19 19:07,"103 Hickory St, San Francisco, CA 94016"
209167,27in 4K Gaming Monitor,1,389.99,05/07/19 20:35,"963 Hickory St, San Francisco, CA 94016"
209168,27in FHD Monitor,1,149.99,05/15/19 17:44,"563 13th St, San Francisco, CA 94016"
209169,34in Ultrawide Monitor,1,379.99,05/06/19 11:25,"309 Center St, New York City, NY 10001"
209170,AA Batteries (4-pack),1,3.84,05/19/19 22:59,"7 Forest St, Los Angeles, CA 90001"
209171,Apple Airpods Headphones,1,150,05/24/19 18:27,"897 6th St, Atlanta, GA 30301"
209172,Bose SoundSport Headphones,1,99.99,05/04/19 12:15,"260 Hickory St, San Francisco, CA 94016"
209173,Wired Headphones,1,11.99,05/21/19 14:25,"835 12th St, San Francisco, CA 94016"
209174,Lightning Charging Cable,1,14.95,05/09/19 15:19,"928 Lake St, Seattle, WA 98101"
209175,AAA Batteries (4-pack),1,2.99,05/03/19 18:22,"327 13th St, San Francisco, CA 94016"
209176,Lightning Charging Cable,1,14.95,05/14/19 23:25,"346 Church St, Dallas, TX 75001"
209177,Lightning Charging Cable,2,14.95,05/07/19 13:24,"409 Sunset St, San Francisco, CA 94016"
209178,Lightning Charging Cable,1,14.95,05/26/19 16:00,"237 Chestnut St, Atlanta, GA 30301"
209179,Google Phone,1,600,05/07/19 22:56,"757 Cherry St, New York City, NY 10001"
209180,Lightning Charging Cable,1,14.95,05/27/19 07:53,"799 12th St, Boston, MA 02215"
209181,AA Batteries (4-pack),1,3.84,05/17/19 18:32,"556 Center St, Atlanta, GA 30301"
209182,AAA Batteries (4-pack),1,2.99,05/07/19 12:30,"499 River St, Los Angeles, CA 90001"
209183,USB-C Charging Cable,1,11.95,05/04/19 11:53,"515 South St, San Francisco, CA 94016"
209184,AAA Batteries (4-pack),2,2.99,05/09/19 17:43,"184 North St, San Francisco, CA 94016"
209185,AAA Batteries (4-pack),3,2.99,05/21/19 08:58,"465 Cedar St, San Francisco, CA 94016"
209186,USB-C Charging Cable,1,11.95,05/02/19 18:49,"394 10th St, Los Angeles, CA 90001"
209187,Apple Airpods Headphones,1,150,05/20/19 17:26,"897 North St, Los Angeles, CA 90001"
209188,Wired Headphones,1,11.99,05/07/19 13:14,"706 Cedar St, San Francisco, CA 94016"
209189,AA Batteries (4-pack),1,3.84,05/26/19 16:13,"760 River St, Los Angeles, CA 90001"
209190,Google Phone,1,600,05/19/19 04:24,"123 Cherry St, Atlanta, GA 30301"
209190,Wired Headphones,1,11.99,05/19/19 04:24,"123 Cherry St, Atlanta, GA 30301"
209191,AAA Batteries (4-pack),1,2.99,05/15/19 08:28,"36 Lakeview St, Seattle, WA 98101"
209192,Apple Airpods Headphones,1,150,05/17/19 17:59,"938 14th St, Seattle, WA 98101"
209193,LG Dryer,1,600.0,05/04/19 20:47,"158 Lincoln St, Los Angeles, CA 90001"
209194,Macbook Pro Laptop,1,1700,05/20/19 23:02,"679 Dogwood St, Dallas, TX 75001"
209195,AA Batteries (4-pack),1,3.84,05/21/19 12:51,"222 Lakeview St, Portland, OR 97035"
209196,AAA Batteries (4-pack),1,2.99,05/30/19 21:25,"938 Maple St, Seattle, WA 98101"
209197,USB-C Charging Cable,1,11.95,05/11/19 21:03,"658 West St, Los Angeles, CA 90001"
209198,27in FHD Monitor,1,149.99,05/14/19 23:32,"321 Chestnut St, Dallas, TX 75001"
209199,USB-C Charging Cable,1,11.95,05/04/19 09:32,"786 Lincoln St, San Francisco, CA 94016"
209200,Macbook Pro Laptop,1,1700,05/21/19 12:42,"323 Wilson St, San Francisco, CA 94016"
209201,AAA Batteries (4-pack),1,2.99,05/09/19 21:23,"770 Maple St, Boston, MA 02215"
209202,Macbook Pro Laptop,1,1700,05/22/19 10:31,"115 Main St, Portland, OR 97035"
209203,Lightning Charging Cable,1,14.95,05/24/19 12:38,"283 Wilson St, Boston, MA 02215"
209204,USB-C Charging Cable,1,11.95,05/10/19 17:44,"887 10th St, Seattle, WA 98101"
209205,Wired Headphones,1,11.99,05/06/19 21:24,"493 Park St, San Francisco, CA 94016"
209206,20in Monitor,1,109.99,05/19/19 19:33,"435 11th St, Boston, MA 02215"
209206,Lightning Charging Cable,1,14.95,05/19/19 19:33,"435 11th St, Boston, MA 02215"
209207,Apple Airpods Headphones,1,150,05/02/19 12:24,"34 Wilson St, San Francisco, CA 94016"
209208,Wired Headphones,1,11.99,05/08/19 19:27,"906 Wilson St, San Francisco, CA 94016"
209209,LG Washing Machine,1,600.0,05/24/19 18:58,"452 Adams St, New York City, NY 10001"
,,,,,
209210,AA Batteries (4-pack),3,3.84,05/06/19 12:11,"730 Dogwood St, San Francisco, CA 94016"
209211,34in Ultrawide Monitor,1,379.99,05/16/19 13:29,"261 1st St, Seattle, WA 98101"
209212,Wired Headphones,1,11.99,05/03/19 13:44,"629 Cherry St, Atlanta, GA 30301"
209213,AA Batteries (4-pack),1,3.84,05/20/19 21:39,"975 Center St, Boston, MA 02215"
209214,AA Batteries (4-pack),2,3.84,05/08/19 23:58,"276 Jefferson St, New York City, NY 10001"
209215,Apple Airpods Headphones,1,150,05/02/19 22:42,"875 Forest St, New York City, NY 10001"
209216,27in 4K Gaming Monitor,1,389.99,05/21/19 17:08,"760 North St, Seattle, WA 98101"
209217,27in 4K Gaming Monitor,1,389.99,05/14/19 10:08,"326 Lakeview St, Boston, MA 02215"
209217,ThinkPad Laptop,1,999.99,05/14/19 10:08,"326 Lakeview St, Boston, MA 02215"
209218,27in FHD Monitor,1,149.99,05/11/19 10:41,"210 Park St, Los Angeles, CA 90001"
209219,AA Batteries (4-pack),1,3.84,05/22/19 12:28,"823 West St, Atlanta, GA 30301"
209220,Lightning Charging Cable,1,14.95,05/20/19 07:34,"57 North St, Dallas, TX 75001"
209221,Bose SoundSport Headphones,1,99.99,05/04/19 21:12,"46 River St, Dallas, TX 75001"
209222,USB-C Charging Cable,1,11.95,05/30/19 21:44,"830 Lake St, San Francisco, CA 94016"
209223,Apple Airpods Headphones,1,150,05/31/19 23:30,"154 14th St, San Francisco, CA 94016"
209224,Macbook Pro Laptop,1,1700,05/27/19 21:21,"261 Jefferson St, San Francisco, CA 94016"
209225,Bose SoundSport Headphones,1,99.99,05/03/19 13:22,"437 14th St, San Francisco, CA 94016"
209226,USB-C Charging Cable,1,11.95,05/25/19 17:47,"490 13th St, San Francisco, CA 94016"
209227,Lightning Charging Cable,1,14.95,05/30/19 20:46,"613 Forest St, Atlanta, GA 30301"
209228,USB-C Charging Cable,1,11.95,05/22/19 10:10,"34 Jefferson St, San Francisco, CA 94016"
209229,AA Batteries (4-pack),1,3.84,05/27/19 22:43,"58 11th St, Portland, OR 97035"
209230,Lightning Charging Cable,1,14.95,05/18/19 01:20,"661 9th St, New York City, NY 10001"
209231,AA Batteries (4-pack),2,3.84,05/20/19 16:27,"433 Jefferson St, San Francisco, CA 94016"
209232,Macbook Pro Laptop,1,1700,05/22/19 08:32,"298 Wilson St, New York City, NY 10001"
209233,AAA Batteries (4-pack),1,2.99,05/22/19 18:47,"540 South St, Los Angeles, CA 90001"
209234,Bose SoundSport Headphones,1,99.99,05/14/19 11:17,"16 West St, San Francisco, CA 94016"
209235,Google Phone,1,600,05/10/19 05:36,"664 Washington St, Los Angeles, CA 90001"
209235,USB-C Charging Cable,1,11.95,05/10/19 05:36,"664 Washington St, Los Angeles, CA 90001"
209235,Wired Headphones,1,11.99,05/10/19 05:36,"664 Washington St, Los Angeles, CA 90001"
209236,Flatscreen TV,1,300,05/11/19 00:05,"442 13th St, Los Angeles, CA 90001"
209237,USB-C Charging Cable,2,11.95,05/09/19 23:18,"548 Elm St, New York City, NY 10001"
209238,Lightning Charging Cable,1,14.95,05/01/19 12:02,"400 Lake St, San Francisco, CA 94016"
209239,AA Batteries (4-pack),1,3.84,05/31/19 14:55,"667 Chestnut St, Austin, TX 73301"
209240,Vareebadd Phone,1,400,05/01/19 17:57,"451 Hill St, San Francisco, CA 94016"
209241,iPhone,1,700,05/20/19 21:44,"426 2nd St, Los Angeles, CA 90001"
209241,Lightning Charging Cable,1,14.95,05/20/19 21:44,"426 2nd St, Los Angeles, CA 90001"
209242,USB-C Charging Cable,1,11.95,05/11/19 17:40,"508 Meadow St, Dallas, TX 75001"
209243,Flatscreen TV,1,300,05/30/19 17:21,"65 11th St, San Francisco, CA 94016"
209244,Flatscreen TV,1,300,05/24/19 12:15,"226 10th St, Boston, MA 02215"
209245,AAA Batteries (4-pack),2,2.99,05/12/19 09:22,"144 Lincoln St, Los Angeles, CA 90001"
209246,27in 4K Gaming Monitor,1,389.99,05/05/19 18:36,"828 Cherry St, Seattle, WA 98101"
209247,USB-C Charging Cable,2,11.95,05/01/19 22:11,"274 Meadow St, New York City, NY 10001"
209248,USB-C Charging Cable,2,11.95,05/24/19 13:49,"865 Madison St, New York City, NY 10001"
209249,USB-C Charging Cable,1,11.95,05/04/19 13:29,"47 Chestnut St, Los Angeles, CA 90001"
209250,Apple Airpods Headphones,1,150,05/28/19 11:02,"547 Forest St, Dallas, TX 75001"
209251,AA Batteries (4-pack),1,3.84,05/08/19 15:17,"187 Madison St, Portland, OR 97035"
209252,Bose SoundSport Headphones,1,99.99,05/09/19 09:29,"653 Jefferson St, Dallas, TX 75001"
209253,LG Dryer,1,600.0,05/14/19 07:50,"2 13th St, Boston, MA 02215"
209254,USB-C Charging Cable,1,11.95,05/06/19 00:00,"248 Jefferson St, San Francisco, CA 94016"
209255,Lightning Charging Cable,1,14.95,05/19/19 09:47,"158 1st St, Austin, TX 73301"
209256,Wired Headphones,1,11.99,05/10/19 13:53,"210 Johnson St, San Francisco, CA 94016"
209257,USB-C Charging Cable,1,11.95,05/09/19 09:23,"659 Hill St, Portland, ME 04101"
209258,Vareebadd Phone,1,400,05/17/19 00:55,"227 1st St, San Francisco, CA 94016"
209259,Wired Headphones,1,11.99,05/08/19 21:40,"748 Jefferson St, Atlanta, GA 30301"
209260,AAA Batteries (4-pack),1,2.99,05/18/19 19:21,"432 Ridge St, New York City, NY 10001"
209261,AA Batteries (4-pack),2,3.84,05/07/19 13:48,"183 Cedar St, Austin, TX 73301"
209262,AA Batteries (4-pack),1,3.84,05/21/19 18:22,"276 Walnut St, New York City, NY 10001"
209263,Apple Airpods Headphones,1,150,05/10/19 13:56,"675 West St, San Francisco, CA 94016"
209264,Apple Airpods Headphones,1,150,05/09/19 18:42,"974 5th St, Atlanta, GA 30301"
209265,Flatscreen TV,1,300,05/23/19 11:51,"441 Cedar St, Atlanta, GA 30301"
209266,Wired Headphones,1,11.99,05/09/19 11:22,"112 Adams St, Seattle, WA 98101"
209267,AAA Batteries (4-pack),1,2.99,05/21/19 10:25,"712 11th St, New York City, NY 10001"
209268,AAA Batteries (4-pack),2,2.99,05/31/19 20:26,"905 5th St, Portland, ME 04101"
209269,iPhone,1,700,05/20/19 14:11,"981 River St, San Francisco, CA 94016"
209269,Lightning Charging Cable,1,14.95,05/20/19 14:11,"981 River St, San Francisco, CA 94016"
209269,AA Batteries (4-pack),3,3.84,05/20/19 14:11,"981 River St, San Francisco, CA 94016"
209270,Lightning Charging Cable,1,14.95,05/23/19 21:53,"491 Madison St, Seattle, WA 98101"
209271,34in Ultrawide Monitor,1,379.99,05/23/19 14:36,"195 Lake St, New York City, NY 10001"
209272,AAA Batteries (4-pack),1,2.99,05/16/19 11:28,"889 Lake St, New York City, NY 10001"
209273,AA Batteries (4-pack),1,3.84,05/15/19 12:45,"911 Wilson St, New York City, NY 10001"
209274,Apple Airpods Headphones,1,150,05/18/19 12:46,"701 Church St, San Francisco, CA 94016"
209275,AAA Batteries (4-pack),1,2.99,05/24/19 17:47,"814 Meadow St, Los Angeles, CA 90001"
209276,AAA Batteries (4-pack),1,2.99,05/27/19 11:23,"115 7th St, San Francisco, CA 94016"
209277,USB-C Charging Cable,1,11.95,05/27/19 20:28,"486 Willow St, Los Angeles, CA 90001"
209278,34in Ultrawide Monitor,1,379.99,05/28/19 15:42,"721 Highland St, Dallas, TX 75001"
209279,27in 4K Gaming Monitor,1,389.99,05/27/19 12:41,"754 11th St, San Francisco, CA 94016"
209280,iPhone,1,700,05/09/19 20:43,"998 6th St, Boston, MA 02215"
209281,AAA Batteries (4-pack),1,2.99,05/13/19 22:43,"185 5th St, Seattle, WA 98101"
209282,Lightning Charging Cable,2,14.95,05/27/19 11:40,"164 6th St, San Francisco, CA 94016"
209283,Wired Headphones,1,11.99,05/26/19 08:49,"318 Hill St, Los Angeles, CA 90001"
209284,Lightning Charging Cable,1,14.95,05/19/19 03:32,"49 Willow St, Boston, MA 02215"
209285,Lightning Charging Cable,1,14.95,05/18/19 13:48,"540 Jefferson St, San Francisco, CA 94016"
209286,AA Batteries (4-pack),1,3.84,05/09/19 12:27,"390 8th St, Boston, MA 02215"
209287,AA Batteries (4-pack),1,3.84,05/21/19 17:54,"342 Dogwood St, Dallas, TX 75001"
209288,AAA Batteries (4-pack),1,2.99,05/25/19 19:45,"889 12th St, Austin, TX 73301"
209289,AAA Batteries (4-pack),1,2.99,05/31/19 11:00,"362 Meadow St, Portland, OR 97035"
Order ID,Product,Quantity Ordered,Price Each,Order Date,Purchase Address
209290,ThinkPad Laptop,1,999.99,05/03/19 21:13,"360 Sunset St, Austin, TX 73301"
209291,USB-C Charging Cable,1,11.95,05/21/19 21:45,"517 Washington St, San Francisco, CA 94016"
209292,AA Batteries (4-pack),2,3.84,05/05/19 18:05,"852 Cedar St, Dallas, TX 75001"
209293,Wired Headphones,1,11.99,05/28/19 19:43,"203 Cedar St, Boston, MA 02215"
209294,AA Batteries (4-pack),1,3.84,05/28/19 22:07,"934 Johnson St, Seattle, WA 98101"
209295,27in 4K Gaming Monitor,1,389.99,05/06/19 17:32,"701 Meadow St, Seattle, WA 98101"
209296,Wired Headphones,1,11.99,05/19/19 20:37,"980 Lake St, New York City, NY 10001"
209297,Wired Headphones,1,11.99,05/05/19 21:07,"125 Maple St, San Francisco, CA 94016"
209298,Macbook Pro Laptop,1,1700,05/06/19 14:07,"436 6th St, Los Angeles, CA 90001"
209299,AA Batteries (4-pack),1,3.84,05/11/19 20:39,"88 Hickory St, Portland, OR 97035"
209300,Lightning Charging Cable,1,14.95,05/03/19 17:10,"187 Cedar St, New York City, NY 10001"
209301,27in 4K Gaming Monitor,1,389.99,05/19/19 11:35,"112 West St, New York City, NY 10001"
209302,Wired Headphones,1,11.99,05/15/19 18:48,"890 Pine St, Portland, OR 97035"
209303,Flatscreen TV,1,300,05/06/19 12:26,"815 Elm St, San Francisco, CA 94016"
209304,USB-C Charging Cable,1,11.95,05/28/19 14:59,"669 Church St, Boston, MA 02215"
209305,AAA Batteries (4-pack),2,2.99,05/22/19 22:20,"999 Ridge St, New York City, NY 10001"
209306,USB-C Charging Cable,1,11.95,05/29/19 12:14,"324 11th St, New York City, NY 10001"
209307,USB-C Charging Cable,1,11.95,05/02/19 13:06,"901 Hickory St, New York City, NY 10001"
209308,Bose SoundSport Headphones,1,99.99,05/01/19 13:28,"307 Cherry St, Los Angeles, CA 90001"
209309,AAA Batteries (4-pack),2,2.99,05/18/19 16:02,"262 Cherry St, Portland, OR 97035"
209310,27in 4K Gaming Monitor,1,389.99,05/29/19 21:36,"188 Ridge St, Los Angeles, CA 90001"
209311,Lightning Charging Cable,1,14.95,05/30/19 12:32,"505 Jackson St, New York City, NY 10001"
209312,27in FHD Monitor,1,149.99,05/22/19 20:51,"863 5th St, Los Angeles, CA 90001"
209313,AA Batteries (4-pack),2,3.84,05/17/19 21:29,"627 13th St, New York City, NY 10001"
209314,Wired Headphones,1,11.99,05/24/19 00:12,"879 Johnson St, Portland, OR 97035"
209315,Apple Airpods Headphones,1,150,05/29/19 22:25,"840 12th St, Portland, OR 97035"
209316,USB-C Charging Cable,1,11.95,05/25/19 22:55,"372 Madison St, Atlanta, GA 30301"
209317,USB-C Charging Cable,1,11.95,05/05/19 15:02,"116 Chestnut St, San Francisco, CA 94016"
209318,USB-C Charging Cable,1,11.95,05/03/19 10:40,"3 12th St, New York City, NY 10001"
209319,34in Ultrawide Monitor,1,379.99,05/02/19 21:30,"436 Church St, New York City, NY 10001"
209320,Lightning Charging Cable,1,14.95,05/31/19 11:29,"647 Lakeview St, Los Angeles, CA 90001"
209321,27in FHD Monitor,1,149.99,05/12/19 06:39,"613 North St, San Francisco, CA 94016"
209322,34in Ultrawide Monitor,1,379.99,05/17/19 15:28,"331 Wilson St, Los Angeles, CA 90001"
209323,AA Batteries (4-pack),1,3.84,05/01/19 18:41,"839 South St, Los Angeles, CA 90001"
209324,Bose SoundSport Headphones,1,99.99,05/03/19 11:57,"706 Cherry St, San Francisco, CA 94016"
209325,Google Phone,1,600,05/15/19 12:15,"629 Hill St, Dallas, TX 75001"
209326,USB-C Charging Cable,1,11.95,05/19/19 15:09,"364 Chestnut St, San Francisco, CA 94016"
209327,34in Ultrawide Monitor,1,379.99,05/13/19 00:06,"812 South St, Boston, MA 02215"
209328,Wired Headphones,1,11.99,05/20/19 23:51,"268 Cedar St, Portland, OR 97035"
209329,AAA Batteries (4-pack),1,2.99,05/14/19 19:39,"686 10th St, San Francisco, CA 94016"
209330,Bose SoundSport Headphones,1,99.99,05/07/19 07:55,"31 Madison St, San Francisco, CA 94016"
209331,USB-C Charging Cable,1,11.95,05/13/19 06:03,"359 Cherry St, Boston, MA 02215"
209332,AAA Batteries (4-pack),1,2.99,05/25/19 20:05,"842 Lake St, Portland, OR 97035"
209333,AA Batteries (4-pack),1,3.84,05/11/19 13:47,"212 West St, Seattle, WA 98101"
209334,USB-C Charging Cable,1,11.95,05/17/19 15:38,"611 9th St, San Francisco, CA 94016"
209335,USB-C Charging Cable,2,11.95,05/25/19 18:26,"960 Main St, Los Angeles, CA 90001"
209336,34in Ultrawide Monitor,1,379.99,05/14/19 14:57,"697 Hickory St, Dallas, TX 75001"
209337,USB-C Charging Cable,1,11.95,05/02/19 22:14,"136 Hickory St, San Francisco, CA 94016"
209338,AAA Batteries (4-pack),3,2.99,05/29/19 16:47,"577 7th St, San Francisco, CA 94016"
209339,ThinkPad Laptop,1,999.99,05/18/19 22:19,"921 Willow St, San Francisco, CA 94016"
209340,27in 4K Gaming Monitor,1,389.99,05/15/19 14:23,"109 Sunset St, Portland, OR 97035"
209341,Apple Airpods Headphones,1,150,05/09/19 07:32,"855 Washington St, San Francisco, CA 94016"
209342,AAA Batteries (4-pack),1,2.99,05/27/19 19:41,"614 Ridge St, New York City, NY 10001"
209343,Lightning Charging Cable,1,14.95,05/18/19 18:39,"161 12th St, Dallas, TX 75001"
209344,iPhone,1,700,05/21/19 08:48,"45 South St, Boston, MA 02215"
209345,Bose SoundSport Headphones,1,99.99,05/04/19 20:54,"549 South St, San Francisco, CA 94016"
209346,Lightning Charging Cable,1,14.95,05/26/19 20:22,"114 North St, San Francisco, CA 94016"
209347,AAA Batteries (4-pack),2,2.99,05/29/19 21:47,"845 Maple St, Boston, MA 02215"
209348,Flatscreen TV,1,300,05/13/19 21:11,"216 14th St, New York City, NY 10001"
209349,Wired Headphones,1,11.99,05/24/19 20:58,"777 Lake St, San Francisco, CA 94016"
209350,Google Phone,1,600,05/03/19 11:14,"415 Center St, San Francisco, CA 94016"
209351,34in Ultrawide Monitor,1,379.99,05/24/19 11:08,"356 River St, Boston, MA 02215"
209352,Lightning Charging Cable,1,14.95,05/29/19 12:17,"963 Dogwood St, Boston, MA 02215"
209353,Bose SoundSport Headphones,1,99.99,05/01/19 13:34,"590 Wilson St, Seattle, WA 98101"
209354,Bose SoundSport Headphones,1,99.99,05/07/19 13:16,"271 Adams St, Los Angeles, CA 90001"
209355,Apple Airpods Headphones,1,150,05/30/19 08:17,"306 Park St, Boston, MA 02215"
209356,USB-C Charging Cable,1,11.95,05/31/19 14:55,"364 Willow St, San Francisco, CA 94016"
209357,27in 4K Gaming Monitor,1,389.99,05/06/19 19:19,"172 Pine St, New York City, NY 10001"
209358,AAA Batteries (4-pack),5,2.99,05/10/19 06:27,"183 North St, Austin, TX 73301"
209359,20in Monitor,1,109.99,05/03/19 19:27,"360 Highland St, Los Angeles, CA 90001"
209360,AAA Batteries (4-pack),1,2.99,05/25/19 16:09,"403 7th St, Dallas, TX 75001"
209361,Google Phone,1,600,05/16/19 10:57,"734 13th St, Dallas, TX 75001"
209361,USB-C Charging Cable,1,11.95,05/16/19 10:57,"734 13th St, Dallas, TX 75001"
209362,AAA Batteries (4-pack),1,2.99,05/21/19 20:39,"781 Wilson St, San Francisco, CA 94016"
209363,27in FHD Monitor,1,149.99,05/27/19 23:03,"823 Adams St, New York City, NY 10001"
209364,iPhone,1,700,05/29/19 15:07,"279 Sunset St, San Francisco, CA 94016"
209364,Lightning Charging Cable,1,14.95,05/29/19 15:07,"279 Sunset St, San Francisco, CA 94016"
209365,AAA Batteries (4-pack),2,2.99,05/05/19 08:45,"495 2nd St, Portland, OR 97035"
209366,27in 4K Gaming Monitor,1,389.99,05/02/19 10:32,"639 Sunset St, Los Angeles, CA 90001"
209367,USB-C Charging Cable,1,11.95,05/26/19 13:22,"533 Meadow St, San Francisco, CA 94016"
209368,AAA Batteries (4-pack),3,2.99,05/26/19 11:46,"425 Spruce St, Austin, TX 73301"
209369,Bose SoundSport Headphones,1,99.99,05/24/19 17:29,"916 Washington St, Atlanta, GA 30301"
209370,AAA Batteries (4-pack),1,2.99,05/05/19 12:49,"443 Park St, Los Angeles, CA 90001"
209371,Wired Headphones,1,11.99,05/17/19 16:17,"573 Park St, Austin, TX 73301"
209372,27in FHD Monitor,1,149.99,05/01/19 12:18,"159 Johnson St, San Francisco, CA 94016"
209373,iPhone,1,700,05/13/19 12:24,"513 Walnut St, San Francisco, CA 94016"
209374,iPhone,1,700,05/26/19 20:14,"103 Willow St, Los Angeles, CA 90001"
209375,USB-C Charging Cable,1,11.95,05/29/19 20:17,"482 8th St, Los Angeles, CA 90001"
209376,AAA Batteries (4-pack),1,2.99,05/03/19 17:46,"69 Jackson St, Dallas, TX 75001"
209377,AAA Batteries (4-pack),1,2.99,05/30/19 15:04,"632 8th St, Los Angeles, CA 90001"
209378,ThinkPad Laptop,1,999.99,05/15/19 18:58,"787 North St, Dallas, TX 75001"
209379,Wired Headphones,1,11.99,05/13/19 11:47,"48 14th St, Boston, MA 02215"
209380,Lightning Charging Cable,1,14.95,05/02/19 02:26,"21 7th St, San Francisco, CA 94016"
209381,Wired Headphones,2,11.99,05/22/19 13:34,"280 Maple St, Austin, TX 73301"
209382,Lightning Charging Cable,3,14.95,05/09/19 14:10,"721 Highland St, Austin, TX 73301"
209383,AAA Batteries (4-pack),1,2.99,05/04/19 19:46,"563 Willow St, Dallas, TX 75001"
209384,Wired Headphones,1,11.99,05/03/19 14:02,"42 Madison St, San Francisco, CA 94016"
209385,Lightning Charging Cable,1,14.95,05/20/19 14:36,"812 11th St, Atlanta, GA 30301"
209386,USB-C Charging Cable,1,11.95,05/23/19 10:44,"6 Forest St, Austin, TX 73301"
209387,AA Batteries (4-pack),1,3.84,05/22/19 19:54,"217 Johnson St, Austin, TX 73301"
209388,Apple Airpods Headphones,1,150,05/09/19 17:23,"64 Lake St, San Francisco, CA 94016"
209388,Vareebadd Phone,1,400,05/09/19 17:23,"64 Lake St, San Francisco, CA 94016"
209389,iPhone,1,700,05/18/19 11:45,"448 1st St, San Francisco, CA 94016"
209390,USB-C Charging Cable,1,11.95,05/07/19 21:58,"354 Meadow St, New York City, NY 10001"
209391,AA Batteries (4-pack),1,3.84,05/16/19 15:40,"766 Walnut St, San Francisco, CA 94016"
209392,USB-C Charging Cable,1,11.95,05/29/19 01:32,"668 Elm St, Seattle, WA 98101"
209393,AAA Batteries (4-pack),2,2.99,05/19/19 11:59,"180 Cedar St, San Francisco, CA 94016"
209394,Apple Airpods Headphones,1,150,05/16/19 14:36,"30 Jackson St, San Francisco, CA 94016"
209395,Lightning Charging Cable,1,14.95,05/08/19 11:05,"466 10th St, Portland, OR 97035"
209396,AAA Batteries (4-pack),2,2.99,05/25/19 11:15,"465 Johnson St, Boston, MA 02215"
209397,USB-C Charging Cable,1,11.95,05/17/19 11:14,"31 Lakeview St, Portland, OR 97035"
209398,Lightning Charging Cable,1,14.95,05/15/19 18:25,"597 Walnut St, San Francisco, CA 94016"
209399,AA Batteries (4-pack),1,3.84,05/18/19 13:58,"496 Lakeview St, San Francisco, CA 94016"
209400,Apple Airpods Headphones,1,150,05/27/19 09:06,"118 Lake St, Boston, MA 02215"
209401,Wired Headphones,1,11.99,05/01/19 13:01,"354 14th St, Portland, OR 97035"
209402,USB-C Charging Cable,1,11.95,05/27/19 09:38,"750 Church St, Seattle, WA 98101"
209403,USB-C Charging Cable,1,11.95,05/21/19 19:01,"803 South St, Seattle, WA 98101"
209404,27in 4K Gaming Monitor,1,389.99,05/16/19 08:37,"14 Meadow St, San Francisco, CA 94016"
209405,Bose SoundSport Headphones,1,99.99,05/22/19 13:45,"522 Maple St, Los Angeles, CA 90001"
209406,USB-C Charging Cable,1,11.95,05/20/19 13:16,"461 Lincoln St, Portland, ME 04101"
209407,AA Batteries (4-pack),1,3.84,05/15/19 21:36,"770 13th St, Los Angeles, CA 90001"
209408,AA Batteries (4-pack),1,3.84,05/04/19 12:09,"488 Center St, San Francisco, CA 94016"
209409,AAA Batteries (4-pack),1,2.99,05/23/19 14:37,"134 8th St, Dallas, TX 75001"
209410,Bose SoundSport Headphones,1,99.99,05/27/19 09:47,"425 12th St, Boston, MA 02215"
209411,Wired Headphones,1,11.99,05/22/19 13:39,"154 Washington St, Los Angeles, CA 90001"
209412,Apple Airpods Headphones,1,150,05/02/19 09:21,"232 8th St, Atlanta, GA 30301"
209413,27in FHD Monitor,1,149.99,05/22/19 20:40,"876 5th St, Los Angeles, CA 90001"
209414,AA Batteries (4-pack),2,3.84,05/05/19 13:49,"68 Wilson St, Boston, MA 02215"
209415,AA Batteries (4-pack),1,3.84,05/06/19 14:43,"28 Madison St, Boston, MA 02215"
209416,iPhone,1,700,05/14/19 12:15,"281 Main St, Boston, MA 02215"
209417,27in 4K Gaming Monitor,1,389.99,05/27/19 18:01,"518 11th St, Atlanta, GA 30301"
209417,27in FHD Monitor,1,149.99,05/27/19 18:01,"518 11th St, Atlanta, GA 30301"
209418,Wired Headphones,1,11.99,05/09/19 20:23,"834 Washington St, Seattle, WA 98101"
209419,Lightning Charging Cable,1,14.95,05/15/19 15:03,"483 14th St, Dallas, TX 75001"
209420,34in Ultrawide Monitor,1,379.99,05/12/19 11:29,"650 Jackson St, Boston, MA 02215"
209421,20in Monitor,1,109.99,05/04/19 13:10,"717 9th St, New York City, NY 10001"
209422,ThinkPad Laptop,1,999.99,05/19/19 08:57,"870 5th St, San Francisco, CA 94016"
209423,Google Phone,1,600,05/06/19 19:01,"39 Dogwood St, Dallas, TX 75001"
209424,Apple Airpods Headphones,1,150,05/26/19 11:01,"128 Chestnut St, Atlanta, GA 30301"
209425,AAA Batteries (4-pack),2,2.99,05/17/19 10:56,"544 Sunset St, San Francisco, CA 94016"
209426,USB-C Charging Cable,1,11.95,05/22/19 20:07,"434 10th St, Portland, OR 97035"
209427,USB-C Charging Cable,1,11.95,05/07/19 15:33,"12 Park St, Dallas, TX 75001"
209428,LG Washing Machine,1,600.0,05/20/19 15:32,"330 Elm St, San Francisco, CA 94016"
209429,Apple Airpods Headphones,1,150,05/21/19 19:08,"22 Willow St, Portland, OR 97035"
209430,Lightning Charging Cable,1,14.95,05/23/19 08:55,"731 7th St, Portland, OR 97035"
209431,iPhone,1,700,05/13/19 18:35,"790 Jackson St, Los Angeles, CA 90001"
209431,Lightning Charging Cable,1,14.95,05/13/19 18:35,"790 Jackson St, Los Angeles, CA 90001"
209432,Flatscreen TV,1,300,05/11/19 06:10,"575 Walnut St, Boston, MA 02215"
209433,Apple Airpods Headphones,1,150,05/01/19 13:00,"751 13th St, Atlanta, GA 30301"
209434,Macbook Pro Laptop,1,1700,05/17/19 23:08,"948 Wilson St, Atlanta, GA 30301"
209435,AAA Batteries (4-pack),3,2.99,05/04/19 17:24,"769 9th St, Portland, OR 97035"
209436,AA Batteries (4-pack),3,3.84,05/29/19 21:42,"938 7th St, Los Angeles, CA 90001"
209437,USB-C Charging Cable,1,11.95,05/05/19 19:07,"817 11th St, New York City, NY 10001"
209438,Bose SoundSport Headphones,1,99.99,05/29/19 10:50,"862 1st St, Atlanta, GA 30301"
209439,Bose SoundSport Headphones,1,99.99,05/09/19 15:31,"714 Walnut St, Los Angeles, CA 90001"
209440,USB-C Charging Cable,1,11.95,05/22/19 23:18,"659 Spruce St, New York City, NY 10001"
209441,27in FHD Monitor,1,149.99,05/29/19 23:37,"654 South St, New York City, NY 10001"
209442,ThinkPad Laptop,1,999.99,05/17/19 18:33,"72 Hickory St, Austin, TX 73301"
209443,27in 4K Gaming Monitor,1,389.99,05/18/19 10:15,"932 Hill St, New York City, NY 10001"
209444,Bose SoundSport Headphones,1,99.99,05/02/19 19:22,"634 Sunset St, New York City, NY 10001"
209445,Wired Headphones,1,11.99,05/16/19 12:38,"345 Walnut St, Los Angeles, CA 90001"
209446,AA Batteries (4-pack),1,3.84,05/25/19 11:23,"215 Cherry St, Atlanta, GA 30301"
209447,USB-C Charging Cable,2,11.95,05/26/19 20:21,"928 Lakeview St, Los Angeles, CA 90001"
209448,iPhone,1,700,05/10/19 21:32,"372 Jefferson St, Dallas, TX 75001"
209449,Vareebadd Phone,1,400,05/15/19 12:32,"672 Main St, Dallas, TX 75001"
209450,20in Monitor,1,109.99,05/01/19 17:09,"622 Cedar St, Los Angeles, CA 90001"
209451,Wired Headphones,1,11.99,05/03/19 12:47,"111 River St, Boston, MA 02215"
209452,Apple Airpods Headphones,1,150,05/26/19 20:17,"639 Highland St, San Francisco, CA 94016"
209453,Bose SoundSport Headphones,1,99.99,05/21/19 14:27,"60 Forest St, San Francisco, CA 94016"
,,,,,
209454,USB-C Charging Cable,1,11.95,05/22/19 11:44,"428 13th St, San Francisco, CA 94016"
209455,USB-C Charging Cable,1,11.95,05/31/19 14:30,"614 Dogwood St, Los Angeles, CA 90001"
209456,Apple Airpods Headphones,1,150,05/07/19 11:01,"861 4th St, San Francisco, CA 94016"
209457,iPhone,1,700,05/25/19 09:58,"950 Jackson St, Austin, TX 73301"
209457,Apple Airpods Headphones,1,150,05/25/19 09:58,"950 Jackson St, Austin, TX 73301"
209458,Bose SoundSport Headphones,1,99.99,05/29/19 00:47,"900 Jackson St, New York City, NY 10001"
209459,AA Batteries (4-pack),1,3.84,05/27/19 17:31,"982 West St, Dallas, TX 75001"
209460,Apple Airpods Headphones,1,150,05/04/19 14:02,"168 Washington St, San Francisco, CA 94016"
209461,Lightning Charging Cable,1,14.95,05/22/19 20:18,"974 Chestnut St, Seattle, WA 98101"
209462,27in 4K Gaming Monitor,1,389.99,05/26/19 13:58,"542 Meadow St, Portland, OR 97035"
209463,Apple Airpods Headphones,1,150,05/29/19 01:48,"997 South St, Los Angeles, CA 90001"
209464,AAA Batteries (4-pack),2,2.99,05/12/19 14:53,"12 12th St, New York City, NY 10001"
209465,AAA Batteries (4-pack),5,2.99,05/12/19 13:12,"919 Elm St, Austin, TX 73301"
209466,27in FHD Monitor,1,149.99,05/01/19 20:44,"126 4th St, San Francisco, CA 94016"
209467,Wired Headphones,2,11.99,05/20/19 06:17,"625 5th St, Dallas, TX 75001"
209468,Google Phone,1,600,05/18/19 19:00,"359 Hickory St, San Francisco, CA 94016"
209468,USB-C Charging Cable,1,11.95,05/18/19 19:00,"359 Hickory St, San Francisco, CA 94016"
209469,AAA Batteries (4-pack),1,2.99,05/19/19 11:33,"464 14th St, Boston, MA 02215"
209470,Lightning Charging Cable,1,14.95,05/09/19 18:38,"842 Hickory St, Boston, MA 02215"
209471,Bose SoundSport Headphones,1,99.99,05/08/19 15:19,"143 Wilson St, Los Angeles, CA 90001"
209472,Lightning Charging Cable,1,14.95,05/28/19 21:19,"815 Park St, Los Angeles, CA 90001"
209473,Apple Airpods Headphones,1,150,05/01/19 19:58,"756 8th St, Boston, MA 02215"
209474,Wired Headphones,1,11.99,05/16/19 18:09,"40 Jefferson St, Boston, MA 02215"
209475,Bose SoundSport Headphones,1,99.99,05/31/19 12:46,"146 Washington St, Los Angeles, CA 90001"
209476,AAA Batteries (4-pack),3,2.99,05/03/19 16:20,"931 Washington St, New York City, NY 10001"
209477,Vareebadd Phone,1,400,05/04/19 11:32,"987 5th St, New York City, NY 10001"
209478,AAA Batteries (4-pack),2,2.99,05/25/19 10:42,"827 8th St, New York City, NY 10001"
209479,27in 4K Gaming Monitor,1,389.99,05/02/19 22:41,"992 Madison St, Dallas, TX 75001"
209480,iPhone,1,700,05/10/19 14:50,"1 9th St, New York City, NY 10001"
209480,Lightning Charging Cable,1,14.95,05/10/19 14:50,"1 9th St, New York City, NY 10001"
209481,27in FHD Monitor,1,149.99,05/17/19 08:55,"594 Jackson St, Los Angeles, CA 90001"
209482,Wired Headphones,1,11.99,05/03/19 06:26,"441 Lincoln St, New York City, NY 10001"
209483,Apple Airpods Headphones,1,150,05/12/19 08:12,"502 Main St, Boston, MA 02215"
209484,Lightning Charging Cable,1,14.95,05/09/19 17:42,"305 Wilson St, New York City, NY 10001"
209485,AA Batteries (4-pack),1,3.84,05/07/19 15:02,"44 River St, Boston, MA 02215"
209486,Lightning Charging Cable,1,14.95,05/27/19 20:44,"917 Maple St, San Francisco, CA 94016"
209487,Lightning Charging Cable,1,14.95,05/09/19 12:20,"426 4th St, Dallas, TX 75001"
209488,Bose SoundSport Headphones,1,99.99,05/15/19 16:25,"393 13th St, Boston, MA 02215"
209489,Lightning Charging Cable,1,14.95,05/30/19 20:23,"302 Chestnut St, Los Angeles, CA 90001"
209490,AAA Batteries (4-pack),2,2.99,05/17/19 13:43,"218 Lincoln St, San Francisco, CA 94016"
209491,AAA Batteries (4-pack),1,2.99,05/04/19 15:38,"252 North St, New York City, NY 10001"
,,,,,
209492,AAA Batteries (4-pack),1,2.99,05/12/19 16:52,"244 14th St, San Francisco, CA 94016"
209493,Lightning Charging Cable,1,14.95,05/25/19 19:13,"359 Wilson St, Los Angeles, CA 90001"
209494,iPhone,1,700,05/30/19 11:13,"867 Church St, San Francisco, CA 94016"
209495,ThinkPad Laptop,1,999.99,05/01/19 12:56,"367 Chestnut St, Seattle, WA 98101"
209496,Apple Airpods Headphones,1,150,05/17/19 22:11,"77 4th St, San Francisco, CA 94016"
209497,Flatscreen TV,1,300,05/05/19 20:25,"666 Meadow St, Boston, MA 02215"
209498,ThinkPad Laptop,1,999.99,05/25/19 19:18,"713 Main St, San Francisco, CA 94016"
209499,Lightning Charging Cable,1,14.95,05/28/19 11:48,"699 13th St, Seattle, WA 98101"
209500,27in FHD Monitor,1,149.99,05/06/19 08:25,"749 14th St, Portland, ME 04101"
209501,Apple Airpods Headphones,1,150,05/15/19 22:08,"120 2nd St, Los Angeles, CA 90001"
209501,USB-C Charging Cable,1,11.95,05/15/19 22:08,"120 2nd St, Los Angeles, CA 90001"
209502,27in FHD Monitor,1,149.99,05/15/19 15:08,"491 13th St, New York City, NY 10001"
209503,USB-C Charging Cable,1,11.95,05/03/19 08:18,"377 1st St, Boston, MA 02215"
209504,Wired Headphones,1,11.99,05/21/19 20:54,"820 Cherry St, Los Angeles, CA 90001"
209505,34in Ultrawide Monitor,1,379.99,05/17/19 02:00,"568 9th St, Dallas, TX 75001"
,,,,,
209506,LG Washing Machine,1,600.0,05/11/19 22:06,"992 Ridge St, Austin, TX 73301"
209507,Macbook Pro Laptop,1,1700,05/08/19 19:34,"670 Johnson St, Los Angeles, CA 90001"
209508,Google Phone,1,600,05/27/19 23:20,"852 Highland St, Seattle, WA 98101"
209509,27in FHD Monitor,1,149.99,05/05/19 11:08,"137 7th St, Dallas, TX 75001"
209510,Bose SoundSport Headphones,1,99.99,05/26/19 12:50,"154 14th St, Boston, MA 02215"
209511,Lightning Charging Cable,1,14.95,05/05/19 12:39,"207 Pine St, Austin, TX 73301"
209512,Flatscreen TV,1,300,05/08/19 13:43,"793 Hickory St, San Francisco, CA 94016"
209513,20in Monitor,1,109.99,05/20/19 14:34,"754 Hickory St, Los Angeles, CA 90001"
209514,Lightning Charging Cable,1,14.95,05/05/19 10:45,"499 Hill St, San Francisco, CA 94016"
209515,Apple Airpods Headphones,1,150,05/14/19 10:00,"807 Washington St, Boston, MA 02215"
209516,Flatscreen TV,1,300,05/10/19 12:22,"414 Jackson St, Dallas, TX 75001"
209517,Wired Headphones,1,11.99,05/21/19 21:51,"115 1st St, Los Angeles, CA 90001"
209518,AA Batteries (4-pack),2,3.84,05/02/19 22:11,"445 Spruce St, Atlanta, GA 30301"
209519,iPhone,1,700,05/25/19 09:39,"158 Cedar St, New York City, NY 10001"
209520,Lightning Charging Cable,1,14.95,05/17/19 00:44,"627 Spruce St, San Francisco, CA 94016"
209521,34in Ultrawide Monitor,1,379.99,05/12/19 00:03,"771 Walnut St, Dallas, TX 75001"
209522,Lightning Charging Cable,1,14.95,05/05/19 16:24,"453 5th St, Portland, OR 97035"
209523,Apple Airpods Headphones,1,150,05/03/19 20:51,"165 Hickory St, San Francisco, CA 94016"
209524,USB-C Charging Cable,1,11.95,05/31/19 12:02,"115 Lake St, New York City, NY 10001"
209525,Apple Airpods Headphones,1,150,05/31/19 19:00,"378 Sunset St, Dallas, TX 75001"
209526,AAA Batteries (4-pack),1,2.99,05/31/19 10:25,"516 2nd St, New York City, NY 10001"
209527,27in 4K Gaming Monitor,1,389.99,05/20/19 22:10,"303 1st St, New York City, NY 10001"
209528,Apple Airpods Headphones,1,150,05/27/19 08:39,"238 North St, Austin, TX 73301"
209529,Apple Airpods Headphones,1,150,05/19/19 12:06,"830 West St, New York City, NY 10001"
209530,AA Batteries (4-pack),1,3.84,05/30/19 09:29,"174 6th St, San Francisco, CA 94016"
209531,AA Batteries (4-pack),2,3.84,05/17/19 12:58,"907 Highland St, San Francisco, CA 94016"
209532,Flatscreen TV,1,300,05/06/19 11:04,"924 Center St, Seattle, WA 98101"
209533,USB-C Charging Cable,2,11.95,05/14/19 12:38,"838 Pine St, Boston, MA 02215"
209533,AAA Batteries (4-pack),2,2.99,05/14/19 12:38,"838 Pine St, Boston, MA 02215"
209534,27in FHD Monitor,1,149.99,05/17/19 14:47,"30 Madison St, Boston, MA 02215"
209535,Google Phone,1,600,05/04/19 15:13,"171 River St, Boston, MA 02215"
209535,USB-C Charging Cable,1,11.95,05/04/19 15:13,"171 River St, Boston, MA 02215"
209536,Vareebadd Phone,1,400,05/21/19 20:04,"587 Cedar St, Los Angeles, CA 90001"
209537,USB-C Charging Cable,1,11.95,05/13/19 01:19,"965 Wilson St, Dallas, TX 75001"
209538,AAA Batteries (4-pack),1,2.99,05/10/19 20:55,"784 Hill St, San Francisco, CA 94016"
209539,AA Batteries (4-pack),1,3.84,05/11/19 19:26,"450 Meadow St, Los Angeles, CA 90001"
209540,27in FHD Monitor,1,149.99,05/16/19 12:13,"979 Lincoln St, Portland, OR 97035"
209541,AA Batteries (4-pack),1,3.84,05/20/19 15:58,"406 Cherry St, Portland, OR 97035"
209542,Lightning Charging Cable,3,14.95,05/15/19 09:57,"12 Lincoln St, San Francisco, CA 94016"
209543,Lightning Charging Cable,1,14.95,05/19/19 21:14,"535 Adams St, Atlanta, GA 30301"
209544,AAA Batteries (4-pack),1,2.99,05/08/19 13:21,"923 Park St, San Francisco, CA 94016"
209545,27in FHD Monitor,1,149.99,05/01/19 17:38,"490 Church St, San Francisco, CA 94016"
Order ID,Product,Quantity Ordered,Price Each,Order Date,Purchase Address
209546,27in FHD Monitor,1,149.99,05/09/19 09:10,"902 Washington St, Atlanta, GA 30301"
209547,AA Batteries (4-pack),1,3.84,05/28/19 14:49,"452 Hill St, San Francisco, CA 94016"
209548,Wired Headphones,1,11.99,05/04/19 21:08,"426 Lincoln St, San Francisco, CA 94016"
209549,LG Dryer,1,600.0,05/27/19 00:02,"924 South St, Boston, MA 02215"
209550,Google Phone,1,600,05/19/19 15:42,"129 Lake St, Los Angeles, CA 90001"
209551,Bose SoundSport Headphones,1,99.99,05/08/19 15:10,"774 12th St, Seattle, WA 98101"
209552,Wired Headphones,3,11.99,05/12/19 11:00,"917 Center St, Atlanta, GA 30301"
209553,AA Batteries (4-pack),1,3.84,05/17/19 21:06,"45 Church St, Seattle, WA 98101"
209554,AAA Batteries (4-pack),1,2.99,05/11/19 23:08,"497 Walnut St, Los Angeles, CA 90001"
209555,20in Monitor,1,109.99,05/18/19 18:55,"388 11th St, San Francisco, CA 94016"
209556,27in 4K Gaming Monitor,1,389.99,05/23/19 21:47,"439 River St, San Francisco, CA 94016"
209557,Wired Headphones,1,11.99,05/22/19 15:15,"968 Chestnut St, Boston, MA 02215"
209558,Wired Headphones,1,11.99,05/10/19 23:24,"613 South St, San Francisco, CA 94016"
209559,AAA Batteries (4-pack),2,2.99,05/27/19 17:51,"420 Center St, Austin, TX 73301"
209560,Bose SoundSport Headphones,1,99.99,05/25/19 23:18,"908 Ridge St, Boston, MA 02215"
209561,Macbook Pro Laptop,1,1700,05/04/19 20:31,"157 Lincoln St, New York City, NY 10001"
209562,27in FHD Monitor,1,149.99,05/13/19 17:55,"67 8th St, Los Angeles, CA 90001"
209563,AA Batteries (4-pack),1,3.84,05/14/19 14:25,"166 2nd St, San Francisco, CA 94016"
209564,Apple Airpods Headphones,1,150,05/17/19 14:35,"184 2nd St, San Francisco, CA 94016"
209565,USB-C Charging Cable,1,11.95,05/26/19 07:08,"337 Park St, New York City, NY 10001"
209566,Apple Airpods Headphones,1,150,05/01/19 23:14,"440 Cherry St, Dallas, TX 75001"
209567,Lightning Charging Cable,1,14.95,05/22/19 19:13,"126 Jefferson St, Los Angeles, CA 90001"
209568,AA Batteries (4-pack),1,3.84,05/08/19 22:43,"988 Adams St, Austin, TX 73301"
209569,Apple Airpods Headphones,1,150,05/22/19 18:19,"71 Park St, Los Angeles, CA 90001"
209570,Apple Airpods Headphones,1,150,05/03/19 21:26,"638 Chestnut St, New York City, NY 10001"
209571,iPhone,1,700,05/29/19 11:03,"262 Ridge St, Dallas, TX 75001"
209572,34in Ultrawide Monitor,1,379.99,05/15/19 17:35,"775 Lincoln St, Los Angeles, CA 90001"
209573,27in FHD Monitor,1,149.99,05/29/19 18:41,"748 South St, Los Angeles, CA 90001"
209574,Lightning Charging Cable,1,14.95,05/27/19 11:22,"3 Lincoln St, Los Angeles, CA 90001"
209575,AAA Batteries (4-pack),1,2.99,05/20/19 20:24,"272 4th St, Atlanta, GA 30301"
209576,AA Batteries (4-pack),3,3.84,05/14/19 13:22,"88 10th St, Los Angeles, CA 90001"
209577,Bose SoundSport Headphones,1,99.99,05/11/19 11:19,"867 11th St, San Francisco, CA 94016"
209578,AAA Batteries (4-pack),1,2.99,05/13/19 10:53,"339 Cherry St, San Francisco, CA 94016"
209579,USB-C Charging Cable,1,11.95,05/17/19 12:17,"568 Pine St, San Francisco, CA 94016"
209580,AA Batteries (4-pack),1,3.84,05/27/19 21:06,"708 Chestnut St, San Francisco, CA 94016"
209580,Wired Headphones,1,11.99,05/27/19 21:06,"708 Chestnut St, San Francisco, CA 94016"
209581,Lightning Charging Cable,1,14.95,05/30/19 18:32,"561 Washington St, Dallas, TX 75001"
209582,ThinkPad Laptop,1,999.99,05/20/19 07:13,"952 14th St, Los Angeles, CA 90001"
209583,Apple Airpods Headphones,1,150,05/10/19 22:13,"456 Ridge St, Seattle, WA 98101"
209584,20in Monitor,1,109.99,05/06/19 18:17,"873 2nd St, Dallas, TX 75001"
209585,AA Batteries (4-pack),1,3.84,05/16/19 18:24,"346 Cherry St, Los Angeles, CA 90001"
209586,AA Batteries (4-pack),2,3.84,05/19/19 18:14,"634 Elm St, Dallas, TX 75001"
209587,AAA Batteries (4-pack),2,2.99,05/08/19 15:17,"304 Park St, Los Angeles, CA 90001"
209588,Bose SoundSport Headphones,1,99.99,05/23/19 11:24,"584 Chestnut St, Los Angeles, CA 90001"
209589,AA Batteries (4-pack),1,3.84,05/01/19 10:47,"400 Willow St, Los Angeles, CA 90001"
209589,ThinkPad Laptop,1,999.99,05/01/19 10:47,"400 Willow St, Los Angeles, CA 90001"
209590,AAA Batteries (4-pack),2,2.99,05/15/19 11:22,"414 14th St, Los Angeles, CA 90001"
209591,27in FHD Monitor,1,149.99,05/04/19 15:18,"470 Jackson St, San Francisco, CA 94016"
209592,USB-C Charging Cable,2,11.95,05/22/19 23:21,"799 Highland St, Seattle, WA 98101"
209593,Wired Headphones,1,11.99,05/15/19 09:39,"252 Jackson St, San Francisco, CA 94016"
209594,AA Batteries (4-pack),2,3.84,05/16/19 09:41,"661 River St, Atlanta, GA 30301"
209595,AA Batteries (4-pack),2,3.84,05/07/19 06:49,"304 4th St, New York City, NY 10001"
209596,27in FHD Monitor,1,149.99,05/19/19 14:29,"728 River St, San Francisco, CA 94016"
209597,AAA Batteries (4-pack),1,2.99,05/09/19 00:05,"452 Walnut St, Boston, MA 02215"
209598,AA Batteries (4-pack),1,3.84,05/10/19 16:53,"222 12th St, Austin, TX 73301"
209599,Lightning Charging Cable,1,14.95,05/21/19 10:42,"315 Lakeview St, New York City, NY 10001"
209600,Bose SoundSport Headphones,1,99.99,05/12/19 21:09,"537 Park St, Boston, MA 02215"
209601,AAA Batteries (4-pack),1,2.99,05/12/19 14:00,"528 West St, San Francisco, CA 94016"
209602,Wired Headphones,1,11.99,05/18/19 13:51,"285 North St, Dallas, TX 75001"
209603,AA Batteries (4-pack),1,3.84,05/19/19 01:00,"949 Forest St, Los Angeles, CA 90001"
209604,Bose SoundSport Headphones,1,99.99,05/06/19 07:49,"485 Lincoln St, Boston, MA 02215"
209605,Bose SoundSport Headphones,1,99.99,05/13/19 16:12,"403 Willow St, Boston, MA 02215"
209606,iPhone,1,700,05/10/19 22:25,"963 Lake St, Los Angeles, CA 90001"
209607,Wired Headphones,1,11.99,05/05/19 16:24,"652 Park St, Atlanta, GA 30301"
209608,USB-C Charging Cable,2,11.95,05/31/19 14:20,"13 Dogwood St, San Francisco, CA 94016"
209609,Google Phone,1,600,05/12/19 19:55,"206 Willow St, San Francisco, CA 94016"
209609,Bose SoundSport Headphones,1,99.99,05/12/19 19:55,"206 Willow St, San Francisco, CA 94016"
209610,20in Monitor,1,109.99,05/14/19 21:33,"119 Hickory St, Portland, ME 04101"
209611,iPhone,1,700,05/03/19 09:53,"58 Jefferson St, San Francisco, CA 94016"
209612,Google Phone,1,600,05/13/19 16:56,"706 Hickory St, Los Angeles, CA 90001"
209613,Wired Headphones,1,11.99,05/05/19 11:59,"121 Main St, Seattle, WA 98101"
209614,AAA Batteries (4-pack),2,2.99,05/20/19 16:52,"48 9th St, Austin, TX 73301"
209615,Bose SoundSport Headphones,1,99.99,05/20/19 11:35,"941 Ridge St, New York City, NY 10001"
209616,Lightning Charging Cable,1,14.95,05/07/19 19:19,"635 Chestnut St, Atlanta, GA 30301"
209617,AA Batteries (4-pack),1,3.84,05/10/19 11:44,"310 Maple St, Portland, OR 97035"
209618,Macbook Pro Laptop,1,1700,05/04/19 15:25,"381 Hill St, Portland, OR 97035"
209619,USB-C Charging Cable,1,11.95,05/05/19 19:43,"737 Jefferson St, Atlanta, GA 30301"
209620,AAA Batteries (4-pack),3,2.99,05/05/19 14:10,"252 Pine St, San Francisco, CA 94016"
209621,AA Batteries (4-pack),1,3.84,05/06/19 12:50,"7 Center St, Seattle, WA 98101"
209622,iPhone,1,700,05/20/19 20:00,"34 Cherry St, Portland, OR 97035"
209622,Wired Headphones,1,11.99,05/20/19 20:00,"34 Cherry St, Portland, OR 97035"
209623,Apple Airpods Headphones,1,150,05/15/19 20:35,"882 Adams St, Boston, MA 02215"
209624,AA Batteries (4-pack),1,3.84,05/19/19 04:12,"719 Hickory St, Portland, OR 97035"
209625,LG Dryer,1,600.0,05/19/19 11:18,"201 Highland St, New York City, NY 10001"
209626,AA Batteries (4-pack),1,3.84,05/06/19 19:02,"219 Center St, Seattle, WA 98101"
209627,Flatscreen TV,1,300,05/22/19 17:56,"504 Willow St, Los Angeles, CA 90001"
209628,AA Batteries (4-pack),1,3.84,05/23/19 20:32,"841 Ridge St, San Francisco, CA 94016"
209629,Macbook Pro Laptop,1,1700,05/25/19 23:46,"121 7th St, Portland, OR 97035"
209630,AA Batteries (4-pack),1,3.84,05/06/19 08:31,"776 13th St, Boston, MA 02215"
209631,Bose SoundSport Headphones,1,99.99,05/02/19 20:15,"687 2nd St, San Francisco, CA 94016"
209632,Lightning Charging Cable,1,14.95,05/16/19 01:29,"53 Lake St, Los Angeles, CA 90001"
209632,Apple Airpods Headphones,1,150,05/16/19 01:29,"53 Lake St, Los Angeles, CA 90001"
209633,AAA Batteries (4-pack),1,2.99,05/19/19 08:47,"918 Cherry St, Seattle, WA 98101"
209634,USB-C Charging Cable,1,11.95,05/09/19 09:26,"45 13th St, Dallas, TX 75001"
209635,Lightning Charging Cable,1,14.95,05/20/19 17:17,"690 Johnson St, Boston, MA 02215"
209636,Apple Airpods Headphones,1,150,05/08/19 16:21,"388 Park St, Boston, MA 02215"
209637,Wired Headphones,1,11.99,05/24/19 08:33,"398 Adams St, Portland, OR 97035"
209638,Bose SoundSport Headphones,1,99.99,05/02/19 18:01,"121 Wilson St, Los Angeles, CA 90001"
209638,Lightning Charging Cable,1,14.95,05/02/19 18:01,"121 Wilson St, Los Angeles, CA 90001"
209639,USB-C Charging Cable,1,11.95,05/17/19 09:33,"844 12th St, Boston, MA 02215"
209640,27in 4K Gaming Monitor,1,389.99,05/16/19 18:11,"211 Ridge St, Boston, MA 02215"
209641,AA Batteries (4-pack),2,3.84,05/06/19 12:45,"38 Lake St, San Francisco, CA 94016"
209642,Apple Airpods Headphones,1,150,05/09/19 13:14,"190 West St, Atlanta, GA 30301"
209643,Flatscreen TV,1,300,05/20/19 15:29,"902 13th St, New York City, NY 10001"
209644,ThinkPad Laptop,1,999.99,05/19/19 11:35,"71 Church St, Seattle, WA 98101"
209645,20in Monitor,1,109.99,05/28/19 11:39,"659 West St, San Francisco, CA 94016"
209646,Flatscreen TV,1,300,05/18/19 22:23,"660 Hickory St, Boston, MA 02215"
209647,34in Ultrawide Monitor,1,379.99,05/24/19 11:57,"470 Church St, New York City, NY 10001"
209648,iPhone,1,700,05/22/19 02:09,"6 North St, Atlanta, GA 30301"
209649,AAA Batteries (4-pack),4,2.99,05/07/19 20:01,"350 Spruce St, Dallas, TX 75001"
209650,Lightning Charging Cable,1,14.95,05/27/19 00:51,"823 13th St, Portland, OR 97035"
209651,Vareebadd Phone,1,400,05/11/19 15:47,"310 North St, New York City, NY 10001"
209651,USB-C Charging Cable,1,11.95,05/11/19 15:47,"310 North St, New York City, NY 10001"
209651,Apple Airpods Headphones,1,150,05/11/19 15:47,"310 North St, New York City, NY 10001"
209652,ThinkPad Laptop,1,999.99,05/01/19 23:01,"113 South St, Los Angeles, CA 90001"
209653,LG Dryer,1,600.0,05/06/19 21:34,"728 10th St, Los Angeles, CA 90001"
209654,USB-C Charging Cable,1,11.95,05/16/19 12:18,"672 Jackson St, San Francisco, CA 94016"
209655,Wired Headphones,1,11.99,05/03/19 07:18,"628 North St, Dallas, TX 75001"
209656,Wired Headphones,1,11.99,05/26/19 20:35,"223 Jackson St, Seattle, WA 98101"
209657,Lightning Charging Cable,1,14.95,05/20/19 22:55,"523 9th St, Portland, OR 97035"
209658,USB-C Charging Cable,1,11.95,05/02/19 12:47,"885 Spruce St, Boston, MA 02215"
209659,Google Phone,1,600,05/09/19 15:17,"796 1st St, Austin, TX 73301"
209659,USB-C Charging Cable,1,11.95,05/09/19 15:17,"796 1st St, Austin, TX 73301"
209659,Bose SoundSport Headphones,1,99.99,05/09/19 15:17,"796 1st St, Austin, TX 73301"
209660,iPhone,1,700,05/24/19 10:47,"175 Lakeview St, New York City, NY 10001"
209661,Google Phone,1,600,05/21/19 19:06,"977 Cedar St, San Francisco, CA 94016"
209661,USB-C Charging Cable,1,11.95,05/21/19 19:06,"977 Cedar St, San Francisco, CA 94016"
209662,Bose SoundSport Headphones,1,99.99,05/27/19 17:59,"955 Cherry St, Atlanta, GA 30301"
209663,Macbook Pro Laptop,1,1700,05/30/19 12:52,"68 North St, Dallas, TX 75001"
209664,Lightning Charging Cable,1,14.95,05/28/19 12:56,"527 Wilson St, Seattle, WA 98101"
209665,AA Batteries (4-pack),1,3.84,05/07/19 09:52,"434 North St, Los Angeles, CA 90001"
209666,Lightning Charging Cable,1,14.95,05/20/19 14:28,"20 Elm St, New York City, NY 10001"
209667,Bose SoundSport Headphones,1,99.99,05/02/19 14:13,"832 Elm St, Seattle, WA 98101"
209668,Bose SoundSport Headphones,1,99.99,05/15/19 15:45,"392 13th St, Boston, MA 02215"
209669,AAA Batteries (4-pack),1,2.99,05/01/19 13:01,"269 4th St, New York City, NY 10001"
209670,27in 4K Gaming Monitor,1,389.99,05/10/19 16:05,"984 Hill St, Los Angeles, CA 90001"
209671,AA Batteries (4-pack),1,3.84,05/24/19 17:06,"118 Lake St, New York City, NY 10001"
209672,Vareebadd Phone,1,400,05/16/19 13:29,"513 Lake St, San Francisco, CA 94016"
209673,Bose SoundSport Headphones,1,99.99,05/13/19 17:46,"377 Hickory St, Portland, OR 97035"
209674,Apple Airpods Headphones,1,150,05/28/19 15:58,"293 Willow St, Los Angeles, CA 90001"
209675,AA Batteries (4-pack),1,3.84,05/28/19 17:38,"621 11th St, Los Angeles, CA 90001"
209676,USB-C Charging Cable,1,11.95,05/31/19 11:00,"367 Church St, Los Angeles, CA 90001"
209677,AA Batteries (4-pack),1,3.84,05/19/19 15:42,"559 Center St, Dallas, TX 75001"
209678,Wired Headphones,1,11.99,05/09/19 15:45,"372 Sunset St, New York City, NY 10001"
,,,,,
209679,AAA Batteries (4-pack),1,2.99,05/02/19 13:01,"15 Jackson St, San Francisco, CA 94016"
209680,AA Batteries (4-pack),3,3.84,05/03/19 23:25,"977 9th St, Portland, OR 97035"
209681,27in FHD Monitor,1,149.99,05/20/19 13:01,"167 River St, San Francisco, CA 94016"
209682,Apple Airpods Headphones,1,150,05/18/19 11:22,"58 North St, San Francisco, CA 94016"
209683,Bose SoundSport Headphones,1,99.99,05/28/19 13:26,"622 Washington St, New York City, NY 10001"
209684,Wired Headphones,1,11.99,05/25/19 04:25,"731 Ridge St, New York City, NY 10001"
209684,Lightning Charging Cable,1,14.95,05/25/19 04:25,"731 Ridge St, New York City, NY 10001"
209685,AA Batteries (4-pack),1,3.84,05/08/19 20:30,"420 Main St, Dallas, TX 75001"
209686,AAA Batteries (4-pack),1,2.99,05/10/19 20:34,"854 13th St, Seattle, WA 98101"
209687,20in Monitor,1,109.99,05/12/19 16:30,"725 11th St, Portland, ME 04101"
209688,Wired Headphones,1,11.99,05/05/19 14:46,"235 8th St, Boston, MA 02215"
209689,iPhone,1,700,05/12/19 15:44,"25 Walnut St, Los Angeles, CA 90001"
209690,LG Washing Machine,1,600.0,05/11/19 05:35,"284 9th St, Boston, MA 02215"
209691,27in FHD Monitor,1,149.99,05/30/19 18:33,"216 Park St, Atlanta, GA 30301"
209692,27in FHD Monitor,1,149.99,05/07/19 10:12,"790 Chestnut St, Los Angeles, CA 90001"
209693,USB-C Charging Cable,1,11.95,05/02/19 23:41,"37 2nd St, Boston, MA 02215"
209694,Vareebadd Phone,1,400,05/17/19 11:36,"974 Ridge St, Los Angeles, CA 90001"
209695,27in FHD Monitor,1,149.99,05/16/19 09:58,"205 6th St, Los Angeles, CA 90001"
209696,Apple Airpods Headphones,1,150,05/19/19 20:21,"224 Dogwood St, Boston, MA 02215"
209697,34in Ultrawide Monitor,1,379.99,05/05/19 17:50,"686 Lincoln St, New York City, NY 10001"
209698,Apple Airpods Headphones,1,150,05/15/19 07:49,"332 Dogwood St, San Francisco, CA 94016"
209699,34in Ultrawide Monitor,1,379.99,05/20/19 11:43,"862 6th St, New York City, NY 10001"
209700,USB-C Charging Cable,1,11.95,05/10/19 19:43,"138 Chestnut St, New York City, NY 10001"
209701,USB-C Charging Cable,1,11.95,05/08/19 18:18,"958 Jackson St, Seattle, WA 98101"
209702,Apple Airpods Headphones,1,150,05/08/19 10:38,"374 2nd St, Portland, OR 97035"
209703,ThinkPad Laptop,1,999.99,05/28/19 22:02,"360 Park St, Seattle, WA 98101"
209704,Google Phone,1,600,05/14/19 12:31,"93 13th St, Dallas, TX 75001"
209704,USB-C Charging Cable,1,11.95,05/14/19 12:31,"93 13th St, Dallas, TX 75001"
209705,Wired Headphones,1,11.99,05/13/19 08:14,"579 Wilson St, New York City, NY 10001"
209706,Google Phone,1,600,05/04/19 12:10,"896 Park St, Dallas, TX 75001"
209707,Lightning Charging Cable,1,14.95,05/05/19 17:12,"391 14th St, New York City, NY 10001"
209708,AAA Batteries (4-pack),1,2.99,05/26/19 07:13,"596 Ridge St, Seattle, WA 98101"
209709,Flatscreen TV,1,300,05/13/19 00:52,"418 13th St, Atlanta, GA 30301"
209710,Wired Headphones,2,11.99,05/06/19 14:25,"799 5th St, Dallas, TX 75001"
209711,27in 4K Gaming Monitor,1,389.99,05/31/19 16:16,"37 12th St, San Francisco, CA 94016"
209712,Wired Headphones,1,11.99,05/30/19 12:13,"969 Jefferson St, Austin, TX 73301"
209713,Macbook Pro Laptop,1,1700,05/15/19 23:51,"964 Church St, Los Angeles, CA 90001"
209714,Apple Airpods Headphones,1,150,05/05/19 22:46,"154 Forest St, San Francisco, CA 94016"
209715,34in Ultrawide Monitor,1,379.99,05/04/19 20:55,"643 2nd St, Boston, MA 02215"
209716,ThinkPad Laptop,1,999.99,05/15/19 16:22,"524 Highland St, Boston, MA 02215"
209717,AAA Batteries (4-pack),1,2.99,05/06/19 21:08,"910 13th St, Los Angeles, CA 90001"
209718,Bose SoundSport Headphones,1,99.99,05/28/19 22:47,"506 11th St, San Francisco, CA 94016"
209719,AAA Batteries (4-pack),1,2.99,05/15/19 11:38,"835 Lincoln St, Portland, OR 97035"
209720,AAA Batteries (4-pack),1,2.99,05/15/19 19:44,"91 8th St, San Francisco, CA 94016"
209721,AAA Batteries (4-pack),2,2.99,05/28/19 17:34,"342 River St, New York City, NY 10001"
209722,Macbook Pro Laptop,1,1700,05/20/19 08:26,"953 Johnson St, San Francisco, CA 94016"
209723,Apple Airpods Headphones,1,150,05/29/19 16:05,"500 Center St, Los Angeles, CA 90001"
209724,iPhone,1,700,05/24/19 20:22,"801 Church St, San Francisco, CA 94016"
209725,LG Dryer,1,600.0,05/17/19 09:11,"796 Walnut St, New York City, NY 10001"
209726,Macbook Pro Laptop,1,1700,05/08/19 21:14,"70 Elm St, New York City, NY 10001"
209726,AA Batteries (4-pack),1,3.84,05/08/19 21:14,"70 Elm St, New York City, NY 10001"
209727,Wired Headphones,1,11.99,05/30/19 13:40,"373 Center St, New York City, NY 10001"
209728,Flatscreen TV,1,300,05/03/19 15:51,"11 South St, San Francisco, CA 94016"
209729,AA Batteries (4-pack),1,3.84,05/07/19 11:01,"531 Maple St, San Francisco, CA 94016"
209730,AA Batteries (4-pack),1,3.84,05/27/19 13:26,"8 Jefferson St, Los Angeles, CA 90001"
209731,20in Monitor,1,109.99,05/15/19 10:29,"596 Chestnut St, San Francisco, CA 94016"
209732,Apple Airpods Headphones,1,150,05/27/19 02:22,"818 Main St, San Francisco, CA 94016"
209733,Apple Airpods Headphones,1,150,05/08/19 14:14,"768 Lake St, San Francisco, CA 94016"
209734,34in Ultrawide Monitor,1,379.99,05/11/19 21:02,"940 Jackson St, Los Angeles, CA 90001"
209735,AAA Batteries (4-pack),1,2.99,05/16/19 15:44,"714 Cherry St, Portland, OR 97035"
209736,USB-C Charging Cable,1,11.95,05/06/19 19:31,"482 10th St, San Francisco, CA 94016"
209737,27in FHD Monitor,1,149.99,05/21/19 18:13,"100 Park St, Los Angeles, CA 90001"
209738,34in Ultrawide Monitor,1,379.99,05/22/19 11:06,"704 Main St, Atlanta, GA 30301"
209739,Lightning Charging Cable,1,14.95,05/02/19 18:46,"491 Hickory St, San Francisco, CA 94016"
209740,AA Batteries (4-pack),2,3.84,05/29/19 23:23,"932 Jackson St, San Francisco, CA 94016"
209741,ThinkPad Laptop,1,999.99,05/19/19 17:11,"415 Sunset St, Boston, MA 02215"
209742,Flatscreen TV,1,300,05/05/19 19:10,"41 Highland St, New York City, NY 10001"
209743,USB-C Charging Cable,1,11.95,05/26/19 18:25,"600 Hickory St, Los Angeles, CA 90001"
209744,Lightning Charging Cable,1,14.95,05/20/19 20:02,"830 Maple St, San Francisco, CA 94016"
209745,USB-C Charging Cable,1,11.95,05/22/19 07:21,"2 7th St, New York City, NY 10001"
209746,Lightning Charging Cable,1,14.95,05/20/19 01:55,"852 Cedar St, Seattle, WA 98101"
209747,Apple Airpods Headphones,1,150,05/01/19 12:38,"190 Jefferson St, San Francisco, CA 94016"
209748,Flatscreen TV,1,300,05/11/19 21:40,"351 10th St, San Francisco, CA 94016"
209749,AAA Batteries (4-pack),2,2.99,05/16/19 21:05,"209 13th St, Los Angeles, CA 90001"
209750,USB-C Charging Cable,1,11.95,05/27/19 11:22,"214 Jackson St, Dallas, TX 75001"
209751,AAA Batteries (4-pack),1,2.99,05/16/19 20:09,"774 Lake St, Portland, OR 97035"
209752,Lightning Charging Cable,1,14.95,05/28/19 09:16,"559 6th St, San Francisco, CA 94016"
209753,AAA Batteries (4-pack),2,2.99,05/26/19 19:14,"803 Maple St, San Francisco, CA 94016"
209754,Wired Headphones,1,11.99,05/07/19 14:01,"388 Cherry St, New York City, NY 10001"
209755,AAA Batteries (4-pack),1,2.99,05/15/19 22:04,"946 2nd St, Portland, OR 97035"
209756,Wired Headphones,1,11.99,05/31/19 13:02,"590 Willow St, Los Angeles, CA 90001"
209757,Google Phone,1,600,05/23/19 07:10,"670 Main St, Portland, OR 97035"
209758,27in FHD Monitor,1,149.99,05/02/19 10:24,"532 Johnson St, New York City, NY 10001"
209759,Google Phone,1,600,05/18/19 16:46,"604 13th St, Portland, OR 97035"
209759,USB-C Charging Cable,1,11.95,05/18/19 16:46,"604 13th St, Portland, OR 97035"
209760,USB-C Charging Cable,1,11.95,05/08/19 12:30,"788 Cedar St, Los Angeles, CA 90001"
209761,27in 4K Gaming Monitor,1,389.99,05/15/19 12:53,"109 2nd St, San Francisco, CA 94016"
209762,34in Ultrawide Monitor,1,379.99,05/27/19 14:06,"940 Lakeview St, Boston, MA 02215"
209763,Google Phone,1,600,05/10/19 23:55,"822 West St, New York City, NY 10001"
209763,USB-C Charging Cable,1,11.95,05/10/19 23:55,"822 West St, New York City, NY 10001"
209764,Wired Headphones,1,11.99,05/23/19 10:26,"699 11th St, Seattle, WA 98101"
209765,USB-C Charging Cable,1,11.95,05/04/19 12:23,"945 Washington St, Atlanta, GA 30301"
209766,iPhone,1,700,05/27/19 10:29,"998 Center St, San Francisco, CA 94016"
209767,Wired Headphones,2,11.99,05/07/19 13:37,"315 10th St, Los Angeles, CA 90001"
209768,AAA Batteries (4-pack),2,2.99,05/30/19 13:30,"727 Church St, Seattle, WA 98101"
209769,Bose SoundSport Headphones,1,99.99,05/27/19 20:24,"64 Ridge St, Los Angeles, CA 90001"
209770,Wired Headphones,1,11.99,05/28/19 00:09,"667 West St, Seattle, WA 98101"
209771,Lightning Charging Cable,1,14.95,05/03/19 07:46,"749 Jefferson St, Los Angeles, CA 90001"
209772,AAA Batteries (4-pack),2,2.99,05/04/19 13:13,"464 Park St, Boston, MA 02215"
209773,Apple Airpods Headphones,1,150,05/06/19 13:18,"461 Hill St, Seattle, WA 98101"
209774,Wired Headphones,1,11.99,05/28/19 09:31,"623 Wilson St, Dallas, TX 75001"
209775,Bose SoundSport Headphones,1,99.99,05/05/19 13:00,"227 9th St, Los Angeles, CA 90001"
209776,Apple Airpods Headphones,1,150,05/24/19 12:58,"871 West St, Austin, TX 73301"
209777,Bose SoundSport Headphones,1,99.99,05/13/19 22:20,"801 10th St, San Francisco, CA 94016"
209778,iPhone,1,700,05/10/19 09:56,"879 Willow St, Los Angeles, CA 90001"
209778,Apple Airpods Headphones,1,150,05/10/19 09:56,"879 Willow St, Los Angeles, CA 90001"
209779,Bose SoundSport Headphones,1,99.99,05/24/19 19:17,"404 Jackson St, Austin, TX 73301"
209780,AAA Batteries (4-pack),2,2.99,05/23/19 19:36,"21 5th St, Boston, MA 02215"
209781,AAA Batteries (4-pack),2,2.99,05/14/19 16:54,"242 8th St, Boston, MA 02215"
209782,Lightning Charging Cable,1,14.95,05/27/19 18:58,"269 Sunset St, New York City, NY 10001"
209783,AA Batteries (4-pack),3,3.84,05/14/19 23:26,"859 Pine St, San Francisco, CA 94016"
209784,Macbook Pro Laptop,1,1700,05/24/19 20:30,"848 4th St, San Francisco, CA 94016"
209785,Flatscreen TV,1,300,05/17/19 12:21,"650 Johnson St, New York City, NY 10001"
209785,AA Batteries (4-pack),1,3.84,05/17/19 12:21,"650 Johnson St, New York City, NY 10001"
209786,Apple Airpods Headphones,1,150,05/14/19 13:17,"607 South St, Boston, MA 02215"
209787,27in FHD Monitor,1,149.99,05/11/19 23:00,"720 Jefferson St, Dallas, TX 75001"
209788,AAA Batteries (4-pack),1,2.99,05/10/19 17:54,"615 13th St, New York City, NY 10001"
209789,Lightning Charging Cable,1,14.95,05/27/19 20:34,"222 Center St, San Francisco, CA 94016"
209790,AA Batteries (4-pack),1,3.84,05/17/19 23:47,"703 Hickory St, Atlanta, GA 30301"
209791,AAA Batteries (4-pack),2,2.99,05/31/19 19:49,"222 Spruce St, Atlanta, GA 30301"
209792,Lightning Charging Cable,1,14.95,05/12/19 18:23,"820 Forest St, San Francisco, CA 94016"
209793,AA Batteries (4-pack),1,3.84,05/20/19 16:41,"417 1st St, Boston, MA 02215"
209794,USB-C Charging Cable,1,11.95,05/03/19 18:24,"543 9th St, Atlanta, GA 30301"
209794,Wired Headphones,1,11.99,05/03/19 18:24,"543 9th St, Atlanta, GA 30301"
209795,Lightning Charging Cable,1,14.95,05/18/19 20:07,"227 Jackson St, Dallas, TX 75001"
Order ID,Product,Quantity Ordered,Price Each,Order Date,Purchase Address
209796,Lightning Charging Cable,1,14.95,05/28/19 20:43,"867 Dogwood St, Dallas, TX 75001"
209797,USB-C Charging Cable,1,11.95,05/08/19 09:19,"393 Lake St, Los Angeles, CA 90001"
209798,Macbook Pro Laptop,1,1700,05/07/19 13:51,"610 Adams St, Boston, MA 02215"
209799,USB-C Charging Cable,1,11.95,05/26/19 17:01,"815 Willow St, San Francisco, CA 94016"
209800,USB-C Charging Cable,1,11.95,05/08/19 22:23,"458 4th St, Boston, MA 02215"
209801,AA Batteries (4-pack),1,3.84,05/18/19 13:44,"221 Lakeview St, Los Angeles, CA 90001"
209802,AA Batteries (4-pack),5,3.84,05/25/19 08:19,"227 South St, San Francisco, CA 94016"
209803,USB-C Charging Cable,1,11.95,05/04/19 16:33,"434 Spruce St, Boston, MA 02215"
209804,Apple Airpods Headphones,1,150,05/16/19 22:39,"103 Pine St, Dallas, TX 75001"
209805,AAA Batteries (4-pack),2,2.99,05/25/19 10:48,"130 Maple St, New York City, NY 10001"
209806,27in 4K Gaming Monitor,1,389.99,05/12/19 12:25,"229 Park St, New York City, NY 10001"
209807,iPhone,1,700,05/27/19 20:20,"16 North St, San Francisco, CA 94016"
209808,AAA Batteries (4-pack),1,2.99,05/19/19 09:23,"302 8th St, Portland, OR 97035"
209809,34in Ultrawide Monitor,1,379.99,05/26/19 17:59,"504 1st St, Portland, OR 97035"
209810,AA Batteries (4-pack),1,3.84,05/28/19 19:11,"198 North St, Austin, TX 73301"
209810,USB-C Charging Cable,2,11.95,05/28/19 19:11,"198 North St, Austin, TX 73301"
209811,AAA Batteries (4-pack),1,2.99,05/07/19 19:39,"564 Jackson St, Boston, MA 02215"
209812,Lightning Charging Cable,1,14.95,05/18/19 18:40,"240 8th St, Austin, TX 73301"
209813,Lightning Charging Cable,1,14.95,05/10/19 19:14,"1 Jefferson St, Portland, OR 97035"
209814,Macbook Pro Laptop,1,1700,05/31/19 00:27,"359 Sunset St, Los Angeles, CA 90001"
209815,AA Batteries (4-pack),1,3.84,05/07/19 13:49,"950 West St, Los Angeles, CA 90001"
209816,Apple Airpods Headphones,1,150,05/16/19 11:58,"369 Wilson St, New York City, NY 10001"
209817,Bose SoundSport Headphones,1,99.99,05/09/19 11:46,"793 5th St, Atlanta, GA 30301"
209818,USB-C Charging Cable,2,11.95,05/22/19 19:21,"41 12th St, Atlanta, GA 30301"
209819,AA Batteries (4-pack),2,3.84,05/24/19 17:29,"512 Lake St, San Francisco, CA 94016"
209820,Lightning Charging Cable,1,14.95,05/25/19 04:17,"87 Meadow St, San Francisco, CA 94016"
209821,27in 4K Gaming Monitor,1,389.99,05/19/19 17:59,"647 12th St, Atlanta, GA 30301"
209822,Lightning Charging Cable,1,14.95,05/14/19 13:31,"695 7th St, San Francisco, CA 94016"
209823,Lightning Charging Cable,1,14.95,05/10/19 16:37,"510 5th St, Seattle, WA 98101"
209824,Bose SoundSport Headphones,1,99.99,05/21/19 13:43,"356 11th St, Seattle, WA 98101"
209825,Bose SoundSport Headphones,1,99.99,05/25/19 07:28,"452 Hill St, Boston, MA 02215"
209826,Google Phone,1,600,05/18/19 21:53,"907 14th St, New York City, NY 10001"
209827,Wired Headphones,1,11.99,05/17/19 23:32,"391 Spruce St, San Francisco, CA 94016"
209828,Lightning Charging Cable,1,14.95,05/27/19 16:40,"925 West St, Atlanta, GA 30301"
209829,Apple Airpods Headphones,1,150,05/03/19 19:30,"211 Park St, San Francisco, CA 94016"
209830,USB-C Charging Cable,1,11.95,05/14/19 21:38,"769 7th St, San Francisco, CA 94016"
209831,Wired Headphones,1,11.99,05/05/19 17:46,"600 Willow St, Dallas, TX 75001"
209832,ThinkPad Laptop,1,999.99,05/16/19 17:01,"421 Willow St, Dallas, TX 75001"
209833,Vareebadd Phone,1,400,05/01/19 15:32,"637 1st St, Austin, TX 73301"
209834,AA Batteries (4-pack),1,3.84,05/25/19 15:01,"239 14th St, Atlanta, GA 30301"
209835,Vareebadd Phone,1,400,05/27/19 00:39,"916 Center St, Boston, MA 02215"
209836,Wired Headphones,1,11.99,05/15/19 07:47,"48 Adams St, Los Angeles, CA 90001"
209837,USB-C Charging Cable,1,11.95,05/19/19 19:47,"412 Cedar St, Boston, MA 02215"
209838,AAA Batteries (4-pack),1,2.99,05/01/19 13:16,"252 2nd St, Seattle, WA 98101"
209839,Flatscreen TV,1,300,05/07/19 21:54,"337 12th St, Portland, OR 97035"
209840,Macbook Pro Laptop,1,1700,05/19/19 19:48,"530 Forest St, San Francisco, CA 94016"
209841,Flatscreen TV,1,300,05/26/19 15:39,"4 12th St, San Francisco, CA 94016"
209842,Bose SoundSport Headphones,1,99.99,05/29/19 22:52,"190 14th St, Dallas, TX 75001"
209843,AA Batteries (4-pack),1,3.84,05/06/19 19:12,"163 Ridge St, Boston, MA 02215"
209844,USB-C Charging Cable,1,11.95,05/24/19 19:28,"157 1st St, Seattle, WA 98101"
209845,Bose SoundSport Headphones,1,99.99,05/03/19 12:01,"860 Adams St, Los Angeles, CA 90001"
209846,AAA Batteries (4-pack),2,2.99,05/30/19 19:38,"802 West St, Boston, MA 02215"
209847,Macbook Pro Laptop,1,1700,05/04/19 18:34,"30 Jackson St, Austin, TX 73301"
209848,ThinkPad Laptop,1,999.99,05/21/19 14:59,"798 Walnut St, Seattle, WA 98101"
209849,AA Batteries (4-pack),1,3.84,05/25/19 18:46,"343 Lake St, Los Angeles, CA 90001"
209850,Bose SoundSport Headphones,1,99.99,05/14/19 13:44,"807 Meadow St, San Francisco, CA 94016"
209851,USB-C Charging Cable,2,11.95,05/24/19 19:19,"139 Chestnut St, Portland, OR 97035"
209852,LG Washing Machine,1,600.0,05/25/19 11:01,"60 9th St, Austin, TX 73301"
209853,Wired Headphones,1,11.99,05/09/19 20:06,"803 7th St, San Francisco, CA 94016"
209854,AAA Batteries (4-pack),3,2.99,05/29/19 11:18,"432 Jackson St, Los Angeles, CA 90001"
209855,Wired Headphones,2,11.99,05/22/19 11:48,"131 Center St, Atlanta, GA 30301"
209856,Apple Airpods Headphones,1,150,05/13/19 11:16,"210 Lakeview St, Austin, TX 73301"
209857,Lightning Charging Cable,1,14.95,05/16/19 14:59,"979 Chestnut St, Seattle, WA 98101"
209858,Vareebadd Phone,1,400,05/21/19 19:45,"615 10th St, New York City, NY 10001"
209859,Google Phone,1,600,05/25/19 14:33,"280 Dogwood St, Atlanta, GA 30301"
209859,USB-C Charging Cable,1,11.95,05/25/19 14:33,"280 Dogwood St, Atlanta, GA 30301"
209859,Wired Headphones,1,11.99,05/25/19 14:33,"280 Dogwood St, Atlanta, GA 30301"
209860,Lightning Charging Cable,2,14.95,05/05/19 00:03,"681 Ridge St, Atlanta, GA 30301"
209861,AA Batteries (4-pack),1,3.84,05/15/19 10:43,"335 Spruce St, Dallas, TX 75001"
209862,Wired Headphones,1,11.99,05/03/19 20:13,"641 1st St, New York City, NY 10001"
209863,Wired Headphones,1,11.99,05/09/19 16:19,"962 South St, New York City, NY 10001"
209864,AA Batteries (4-pack),1,3.84,05/10/19 20:27,"760 Maple St, Atlanta, GA 30301"
209865,AA Batteries (4-pack),1,3.84,05/06/19 10:16,"492 12th St, New York City, NY 10001"
209866,34in Ultrawide Monitor,1,379.99,05/05/19 11:20,"316 Elm St, Los Angeles, CA 90001"
209867,Bose SoundSport Headphones,1,99.99,05/24/19 22:00,"899 Wilson St, Los Angeles, CA 90001"
209868,AA Batteries (4-pack),1,3.84,05/02/19 14:03,"253 4th St, San Francisco, CA 94016"
209869,Lightning Charging Cable,1,14.95,05/01/19 08:55,"815 6th St, New York City, NY 10001"
209870,AAA Batteries (4-pack),1,2.99,05/14/19 15:05,"665 7th St, Los Angeles, CA 90001"
209871,AA Batteries (4-pack),1,3.84,05/17/19 13:05,"430 Spruce St, Boston, MA 02215"
209872,Bose SoundSport Headphones,1,99.99,05/11/19 10:43,"49 2nd St, Los Angeles, CA 90001"
209873,Lightning Charging Cable,1,14.95,05/13/19 14:41,"414 Pine St, Portland, OR 97035"
209874,Wired Headphones,1,11.99,05/03/19 00:04,"988 13th St, San Francisco, CA 94016"
209875,Wired Headphones,1,11.99,05/08/19 22:57,"526 12th St, Dallas, TX 75001"
209876,20in Monitor,1,109.99,05/26/19 05:51,"767 Adams St, Atlanta, GA 30301"
209877,Lightning Charging Cable,1,14.95,05/21/19 11:37,"454 Meadow St, Seattle, WA 98101"
209878,USB-C Charging Cable,1,11.95,05/27/19 11:25,"561 Madison St, Los Angeles, CA 90001"
209879,Apple Airpods Headphones,1,150,05/08/19 22:54,"486 Adams St, New York City, NY 10001"
209880,AA Batteries (4-pack),1,3.84,05/15/19 11:03,"100 Highland St, Boston, MA 02215"
209881,USB-C Charging Cable,1,11.95,05/01/19 12:15,"491 Lake St, New York City, NY 10001"
209882,Apple Airpods Headphones,1,150,05/18/19 10:48,"953 West St, San Francisco, CA 94016"
209883,Wired Headphones,1,11.99,05/02/19 14:59,"657 Johnson St, Portland, ME 04101"
209884,AA Batteries (4-pack),1,3.84,05/14/19 16:56,"911 Jackson St, Los Angeles, CA 90001"
209885,AA Batteries (4-pack),1,3.84,05/27/19 22:36,"674 Lincoln St, New York City, NY 10001"
209886,Bose SoundSport Headphones,1,99.99,05/16/19 21:17,"593 Jackson St, New York City, NY 10001"
209887,Macbook Pro Laptop,1,1700,05/06/19 15:49,"741 Cherry St, San Francisco, CA 94016"
209888,Flatscreen TV,1,300,05/04/19 17:11,"904 5th St, Los Angeles, CA 90001"
209889,Macbook Pro Laptop,1,1700,05/22/19 10:21,"500 10th St, Atlanta, GA 30301"
209890,AA Batteries (4-pack),1,3.84,05/23/19 20:59,"347 Church St, New York City, NY 10001"
209891,Bose SoundSport Headphones,1,99.99,05/07/19 22:53,"78 6th St, Boston, MA 02215"
209892,Wired Headphones,1,11.99,05/17/19 08:37,"40 Ridge St, Dallas, TX 75001"
209893,20in Monitor,1,109.99,05/07/19 21:01,"437 12th St, New York City, NY 10001"
209894,USB-C Charging Cable,1,11.95,05/23/19 18:40,"517 Sunset St, Atlanta, GA 30301"
209895,USB-C Charging Cable,1,11.95,05/19/19 17:43,"301 Madison St, Los Angeles, CA 90001"
209896,USB-C Charging Cable,1,11.95,05/09/19 00:14,"313 Chestnut St, San Francisco, CA 94016"
209897,Wired Headphones,2,11.99,05/29/19 14:15,"841 13th St, San Francisco, CA 94016"
209898,AAA Batteries (4-pack),1,2.99,05/16/19 17:48,"146 Meadow St, New York City, NY 10001"
209899,AA Batteries (4-pack),1,3.84,05/25/19 08:49,"51 Meadow St, Boston, MA 02215"
209900,Lightning Charging Cable,1,14.95,05/26/19 22:12,"911 13th St, Boston, MA 02215"
209901,20in Monitor,1,109.99,05/30/19 11:44,"387 Johnson St, San Francisco, CA 94016"
209902,Apple Airpods Headphones,1,150,05/01/19 08:57,"320 Maple St, Los Angeles, CA 90001"
209903,AAA Batteries (4-pack),2,2.99,05/27/19 12:59,"604 Walnut St, New York City, NY 10001"
209904,AAA Batteries (4-pack),1,2.99,05/20/19 18:52,"835 1st St, Boston, MA 02215"
209905,Wired Headphones,1,11.99,05/29/19 14:45,"174 Dogwood St, Seattle, WA 98101"
209906,Flatscreen TV,1,300,05/26/19 05:27,"533 Maple St, Los Angeles, CA 90001"
209907,Lightning Charging Cable,1,14.95,05/20/19 10:18,"228 Spruce St, Dallas, TX 75001"
209908,Wired Headphones,1,11.99,05/28/19 11:58,"817 1st St, Boston, MA 02215"
,,,,,
209909,USB-C Charging Cable,1,11.95,05/13/19 13:50,"438 12th St, Atlanta, GA 30301"
209910,Lightning Charging Cable,1,14.95,05/09/19 08:37,"633 Jefferson St, Atlanta, GA 30301"
209911,Wired Headphones,1,11.99,05/13/19 19:46,"939 13th St, New York City, NY 10001"
209912,20in Monitor,1,109.99,05/01/19 15:30,"482 Washington St, San Francisco, CA 94016"
209913,AAA Batteries (4-pack),1,2.99,05/11/19 11:51,"372 Park St, Los Angeles, CA 90001"
209914,ThinkPad Laptop,1,999.99,05/02/19 19:57,"903 Adams St, Portland, OR 97035"
209915,Apple Airpods Headphones,1,150,05/01/19 18:05,"231 5th St, Portland, OR 97035"
209916,Bose SoundSport Headphones,1,99.99,05/08/19 19:15,"235 Center St, Seattle, WA 98101"
209917,Wired Headphones,1,11.99,05/24/19 22:02,"926 9th St, San Francisco, CA 94016"
209918,AAA Batteries (4-pack),2,2.99,05/24/19 17:44,"868 Hickory St, Boston, MA 02215"
209919,USB-C Charging Cable,1,11.95,05/04/19 12:46,"204 Adams St, Seattle, WA 98101"
209920,ThinkPad Laptop,1,999.99,05/18/19 23:07,"43 5th St, Atlanta, GA 30301"
